case_10	58.0	2593752	0.942363	2579613	0.937226	19293	0.00700954	0.994549	0.992576
case_10	162.0	2142900	0.807886	2077596	0.783266	91100	0.0343452	0.969525	0.957993
case_10	58.0	2597340	0.941113	2582531	0.935747	19553	0.00708478	0.994298	0.992486
case_10	162.0	2155598	0.795073	2097680	0.773711	94448	0.0348363	0.973131	0.956915
case_10	14.0	2687162	0.984042	2685520	0.983441	971	0.000355581	0.999389	0.999639
case_10	84.0	2511879	0.90387	2490670	0.896238	26272	0.00945367	0.991557	0.989562
case_10	30.0	2698974	0.97539	2696424	0.974469	3976	0.0014369	0.999055	0.998528
case_10	162.0	2158976	0.788005	2095623	0.764881	84563	0.0308647	0.970656	0.961213
case_10	58.0	2576598	0.938508	2562641	0.933425	20427	0.0074404	0.994583	0.992092
case_10	70.0	2387828	0.906908	2372038	0.900911	31452	0.0119456	0.993387	0.986914
case_10	162.0	2172182	0.812294	2101088	0.785708	85760	0.0320702	0.967271	0.960784
case_10	2.0	2718089	0.992652	2718012	0.992624	77	2.81206e-05	0.999972	0.999972
case_10	162.0	2183394	0.80041	2118783	0.776724	91661	0.033602	0.970408	0.958533
case_10	84.0	2490048	0.902405	2466499	0.893871	33121	0.0120032	0.990543	0.98675
case_10	162.0	2151444	0.800958	2084577	0.776064	78057	0.0290597	0.96892	0.963907
case_10	162.0	2154240	0.796041	2098233	0.775345	92961	0.0343512	0.974002	0.957575
case_10	58.0	2595050	0.944551	2580333	0.939194	19376	0.00705251	0.994329	0.992547
case_10	58.0	2578888	0.935095	2564839	0.930001	20604	0.00747093	0.994552	0.992031
case_10	162.0	2145959	0.805253	2078594	0.779975	90514	0.0339646	0.968608	0.958271
case_10	14.0	2688178	0.979939	2686611	0.979368	896	0.000326625	0.999417	0.999667
case_10	162.0	2146219	0.807614	2081526	0.78327	91403	0.0343946	0.969857	0.957936
case_10	162.0	2174133	0.797592	2104116	0.771906	93572	0.0343274	0.967795	0.957423
case_10	162.0	2157282	0.807318	2084123	0.779939	88889	0.0332648	0.966087	0.959094
case_10	58.0	2574297	0.935965	2560076	0.930795	20638	0.00750358	0.994476	0.992003
case_10	84.0	2495728	0.900394	2468768	0.890668	33045	0.0119218	0.989198	0.986792
case_10	84.0	2492435	0.901636	2468775	0.893077	33695	0.0121891	0.990507	0.986535
case_10	162.0	2153570	0.792143	2097036	0.771348	92459	0.034009	0.973749	0.957772
case_10	84.0	2527971	0.909015	2509891	0.902514	24895	0.00895182	0.992848	0.990179
case_11	366.0	1495785	0.592317	1356746	0.537259	209093	0.0827988	0.907046	0.866466
case_11	16.0	2475771	0.977236	2474318	0.976662	2095	0.000826938	0.999413	0.999154
case_11	166.0	2089901	0.817704	2062212	0.80687	82113	0.0321279	0.986751	0.961707
case_11	366.0	1481200	0.615002	1361766	0.565413	190132	0.0789438	0.919367	0.877484
case_11	366.0	1463538	0.615694	1331453	0.560127	185189	0.0779069	0.90975	0.877895
case_11	366.0	1500169	0.594134	1362934	0.539783	215164	0.0852145	0.90852	0.863656
case_11	366.0	1481636	0.609307	1349589	0.555004	202079	0.0831028	0.910878	0.869767
case_11	50.0	2177779	0.947726	2169397	0.944078	17553	0.00763872	0.996151	0.991974
case_11	134.0	1956959	0.815119	1925035	0.801822	48884	0.0203613	0.983687	0.975235
case_11	90.0	2027338	0.894815	2006611	0.885666	32431	0.0143142	0.989776	0.984095
case_11	50.0	2177545	0.947835	2169098	0.944158	17674	0.00769308	0.996121	0.991918
case_11	90.0	2016233	0.895082	1999707	0.887745	30786	0.0136671	0.991804	0.984838
case_11	366.0	1479284	0.614119	1355225	0.562616	184687	0.0766721	0.916136	0.880067
case_11	366.0	1465269	0.616512	1336870	0.562488	190593	0.080192	0.912372	0.875223
case_11	366.0	1482712	0.612088	1350211	0.557389	200084	0.0825979	0.910636	0.870938
case_11	366.0	1478428	0.613721	1360067	0.564587	191253	0.0793925	0.919941	0.876716
case_11	4.0	2280736	0.998437	2280575	0.998367	161	7.04809e-05	0.999929	0.999929
case_11	366.0	1483098	0.612334	1356923	0.56024	206838	0.0853983	0.914925	0.86773
case_11	90.0	2016915	0.895588	2000324	0.88822	30851	0.013699	0.991774	0.984811
case_11	366.0	1464982	0.610555	1329876	0.554247	189793	0.0790993	0.907776	0.875109
case_11	134.0	1930847	0.815192	1903266	0.803547	45085	0.0190346	0.985716	0.97686
case_11	134.0	1957641	0.815576	1925650	0.802248	48949	0.0203927	0.983658	0.975211
case_11	366.0	1479037	0.604983	1344568	0.54998	215080	0.087976	0.909083	0.862097
case_11	134.0	1966433	0.814626	1929155	0.799183	53992	0.022367	0.981043	0.972775
case_11	166.0	2089993	0.817629	2062760	0.806976	81277	0.0317965	0.98697	0.962092
case_11	366.0	1483674	0.610273	1350554	0.555517	201901	0.083047	0.910277	0.869947
case_11	366.0	1507891	0.591867	1359133	0.533477	216080	0.0848142	0.901347	0.862825
case_11	366.0	1478274	0.613569	1354166	0.562057	186764	0.0775179	0.916045	0.878798
case_12	332.0	1846654	0.682913	1655944	0.612387	224376	0.0829767	0.896727	0.880671
case_12	332.0	1784150	0.671585	1613531	0.607361	212209	0.0798792	0.90437	0.883768
case_12	332.0	1791970	0.678396	1611678	0.610141	209205	0.0791998	0.899389	0.885108
case_12	332.0	1866821	0.688423	1670224	0.615924	217081	0.0800524	0.894689	0.884978
case_12	333.0	1772988	0.663241	1602021	0.599286	204027	0.0763226	0.903571	0.887031
case_12	50.0	2521215	0.924953	2510122	0.920883	16750	0.00614504	0.9956	0.993371
case_12	332.0	1811837	0.683935	1621261	0.611996	207884	0.0784724	0.894816	0.886349
case_12	245.0	1729802	0.696186	1650267	0.664176	117959	0.0474745	0.954021	0.93329
case_12	51.0	2415830	0.897681	2403846	0.893228	9396	0.00349139	0.995039	0.996106
case_12	87.0	2301726	0.857721	2277635	0.848743	23240	0.00866021	0.989534	0.989899
case_12	245.0	1729353	0.694906	1649284	0.662732	121103	0.0486628	0.9537	0.931595
case_12	332.0	1851828	0.683885	1661836	0.613721	227609	0.0840567	0.897403	0.879537
case_12	51.0	2404996	0.894962	2392452	0.890295	16204	0.00602994	0.994784	0.993273
case_12	332.0	1790635	0.673083	1617873	0.608144	218563	0.0821558	0.903519	0.880985
case_12	245.0	1732312	0.698242	1653462	0.66646	126482	0.0509811	0.954483	0.92894
case_12	332.0	1802840	0.676671	1625885	0.610253	206062	0.0773425	0.901847	0.887517
case_12	246.0	1630239	0.665378	1555957	0.63506	114721	0.0468231	0.954435	0.931333
case_12	333.0	1530849	0.631751	1380532	0.569718	174255	0.0719116	0.901808	0.887924
case_12	54.0	2437261	0.921005	2424767	0.916284	21161	0.00799643	0.994874	0.991348
case_12	333.0	1521671	0.631913	1363020	0.566029	177379	0.0736611	0.895739	0.884849
case_12	42.0	2450262	0.948352	2443440	0.945712	14890	0.00576304	0.997216	0.993943
case_12	54.0	2421429	0.920289	2405475	0.914225	20847	0.00792311	0.993411	0.991408
case_12	86.0	2418007	0.888302	2387849	0.877223	27236	0.0100057	0.987528	0.988723
case_12	332.0	1797475	0.679522	1615471	0.610717	217838	0.0823521	0.898745	0.881178
case_12	86.0	2405134	0.884851	2380068	0.875629	30518	0.0112276	0.989578	0.98734
case_12	333.0	1709698	0.651125	1554807	0.592136	196837	0.0749638	0.909404	0.887627
case_12	333.0	1713272	0.656271	1551466	0.594291	195580	0.0749172	0.905557	0.888051
case_12	333.0	1528866	0.618813	1369853	0.554452	182596	0.0739063	0.895993	0.882382
case_13	288.0	1866483	0.712836	1686318	0.644029	188763	0.0720913	0.903474	0.899331
case_13	20.0	2511150	0.972766	2509349	0.972069	3229	0.00125085	0.999283	0.998715
case_13	34.0	2545428	0.961542	2542038	0.960261	3390	0.00128058	0.998668	0.998668
case_13	288.0	1923569	0.725496	1735868	0.654703	181826	0.0685778	0.90242	0.905185
case_13	288.0	1865220	0.712885	1683870	0.643573	188915	0.0722031	0.902773	0.899126
case_13	112.0	2279108	0.86575	2251421	0.855233	26670	0.010131	0.987852	0.988293
case_13	112.0	2270358	0.868727	2232321	0.854173	33828	0.0129439	0.983246	0.985072
case_13	2.0	2574073	0.997534	2574055	0.997527	18	6.97556e-06	0.999993	0.999993
case_13	112.0	2256505	0.85755	2218734	0.843196	25367	0.00964034	0.983261	0.988696
case_13	288.0	1924375	0.725476	1734254	0.653802	188772	0.0711658	0.901204	0.901836
case_13	112.0	2275954	0.865705	2244984	0.853925	24928	0.00948187	0.986393	0.989018
case_13	112.0	2291025	0.876238	2257510	0.86342	37835	0.0144706	0.985371	0.983517
case_13	112.0	2287412	0.874516	2252884	0.861316	31166	0.0119153	0.984905	0.986355
case_13	48.0	2441754	0.939734	2429584	0.935051	12343	0.00475033	0.995016	0.994945
case_13	112.0	2290094	0.876404	2253154	0.862267	36174	0.0138435	0.98387	0.984199
case_13	112.0	2289579	0.876861	2250847	0.862027	36421	0.0139485	0.983083	0.984077
case_13	112.0	2272975	0.86939	2230133	0.853004	29504	0.011285	0.981152	0.986943
case_13	106.0	2354032	0.888462	2333473	0.880703	29223	0.0110294	0.991266	0.987632
case_13	48.0	2439725	0.939291	2428434	0.934944	12221	0.00470507	0.995372	0.994993
case_13	48.0	2439127	0.939428	2425165	0.934051	12325	0.00474697	0.994276	0.994944
case_13	288.0	1865893	0.712865	1683453	0.643164	182584	0.0697563	0.902224	0.902154
case_13	112.0	2285261	0.874867	2247642	0.860465	29594	0.0113295	0.983538	0.987004
case_13	288.0	1900248	0.717329	1710462	0.645686	187996	0.070967	0.900126	0.900974
case_13	112.0	2272109	0.868749	2235567	0.854777	33363	0.0127565	0.983917	0.985296
case_13	112.0	2291540	0.875782	2259817	0.863658	37588	0.0143654	0.986156	0.983639
case_13	20.0	2508523	0.972483	2504930	0.97109	3211	0.00124481	0.998568	0.99872
case_13	106.0	2332697	0.881576	2309728	0.872896	30565	0.0115512	0.990153	0.98694
case_13	288.0	1855210	0.704239	1676624	0.636447	178718	0.0678414	0.903738	0.903674
case_14	229.0	1845504	0.715181	1782021	0.69058	89509	0.0346871	0.965601	0.952173
case_14	78.0	2446674	0.910976	2433316	0.906003	22432	0.00835216	0.99454	0.990866
case_14	34.0	2541072	0.964971	2536726	0.963321	6852	0.00260204	0.99829	0.997306
case_14	157.0	1940303	0.770851	1903603	0.756271	61108	0.0242772	0.981085	0.968897
case_14	22.0	2603883	0.972593	2599658	0.971015	5071	0.0018941	0.998377	0.998053
case_14	228.0	2107112	0.772326	2022929	0.74147	116531	0.0427125	0.960048	0.945533
case_14	38.0	2563078	0.953894	2553682	0.950397	10255	0.00381658	0.996334	0.996
case_14	575.0	1470898	0.544094	1236657	0.457447	336397	0.124435	0.84075	0.78615
case_14	38.0	2549024	0.953052	2543117	0.950844	7617	0.00284791	0.997683	0.997014
case_14	157.0	1950581	0.771144	1917926	0.758234	61155	0.0241771	0.983259	0.969099
case_14	575.0	1469433	0.541076	1239067	0.456251	344491	0.126849	0.843228	0.782458
case_14	575.0	1442427	0.541593	1190485	0.446996	332605	0.124884	0.825335	0.781625
case_14	576.0	1275010	0.509365	1085438	0.433631	261774	0.104578	0.851317	0.805692
case_14	78.0	2443148	0.908425	2428415	0.902947	26844	0.00998129	0.99397	0.989067
case_14	575.0	1438698	0.530758	1203111	0.443846	322239	0.118879	0.83625	0.788744
case_14	575.0	1474655	0.532988	1244575	0.44983	334434	0.120875	0.843977	0.7882
case_14	575.0	1446597	0.545694	1195389	0.450932	326199	0.123051	0.826346	0.785619
case_14	576.0	1269007	0.50771	1081473	0.43268	265000	0.106022	0.85222	0.80319
case_14	575.0	1441357	0.541734	1202497	0.451959	325264	0.122251	0.834281	0.787098
case_14	228.0	2099114	0.766668	2019452	0.737573	119749	0.0437364	0.96205	0.944022
case_14	575.0	1435116	0.528722	1193607	0.439746	323152	0.119055	0.831715	0.786946
case_14	575.0	1449960	0.547719	1198136	0.452593	329156	0.124338	0.826323	0.784484
case_14	228.0	2114654	0.771592	2028913	0.740307	119924	0.0437577	0.959454	0.944191
case_14	575.0	1468525	0.541274	1245656	0.459128	334701	0.123365	0.848236	0.788212
case_14	575.0	1443339	0.542682	1195164	0.44937	334960	0.125942	0.828055	0.78109
case_14	576.0	1298170	0.507972	1121061	0.43867	268249	0.104966	0.86357	0.806919
case_14	575.0	1442660	0.542971	1203270	0.452872	327281	0.123178	0.834063	0.786168
case_14	157.0	1940294	0.767888	1907790	0.755024	60705	0.0240245	0.983248	0.969162
case_15	154.0	2248039	0.832555	2196544	0.813484	73446	0.0272005	0.977093	0.967645
case_15	76.0	2391802	0.903345	2369508	0.894925	38395	0.0145012	0.990679	0.984055
case_15	186.0	2123475	0.809425	2033911	0.775285	97247	0.0370686	0.957822	0.954369
case_15	6.0	2614805	0.989176	2614639	0.989113	166	6.27975e-05	0.999937	0.999937
case_15	186.0	2119525	0.799629	2035474	0.767919	94324	0.0355854	0.960344	0.955712
case_15	154.0	2248602	0.82824	2184904	0.804778	73528	0.027083	0.971672	0.967443
case_15	154.0	2274047	0.838468	2218098	0.817839	75203	0.0277282	0.975397	0.967208
case_15	154.0	2257105	0.834887	2203447	0.815039	73868	0.0273232	0.976227	0.967564
case_15	154.0	2280243	0.839573	2221927	0.818101	72241	0.0265987	0.974426	0.968511
case_15	76.0	2405162	0.907254	2389896	0.901495	32147	0.0121262	0.993653	0.986727
case_15	186.0	2138149	0.813989	2051892	0.781151	89648	0.0341288	0.959658	0.958139
case_15	186.0	2164149	0.804327	2085619	0.775141	96203	0.0357548	0.963713	0.955907
case_15	154.0	2266063	0.836548	2211728	0.816489	74379	0.027458	0.976022	0.967465
case_15	24.0	2563122	0.970842	2557371	0.968664	11266	0.00426726	0.997756	0.995614
case_15	76.0	2408725	0.907293	2392033	0.901006	28528	0.0107456	0.99307	0.988214
case_15	186.0	2138861	0.811438	2056469	0.78018	93388	0.0354294	0.961479	0.956561
case_15	32.0	2528302	0.962666	2521737	0.960166	8232	0.00313438	0.997403	0.996746
case_15	186.0	2154369	0.816294	2073997	0.785841	86181	0.0326541	0.962693	0.960105
case_15	154.0	2265038	0.831642	2200636	0.807996	75254	0.0276306	0.971567	0.966934
case_15	186.0	2187430	0.810372	2105852	0.78015	97493	0.036118	0.962706	0.955752
case_15	186.0	2140396	0.813664	2055811	0.781509	86879	0.0330267	0.960482	0.959453
case_15	154.0	2263301	0.836	2207567	0.815413	71943	0.0265737	0.975375	0.968439
case_15	24.0	2557009	0.969927	2551376	0.967791	11148	0.00422867	0.997797	0.99565
case_15	186.0	2103487	0.797324	2013633	0.763265	96990	0.0367639	0.957283	0.954047
case_15	186.0	2202553	0.812227	2124644	0.783497	94304	0.0347761	0.964628	0.957501
case_15	186.0	2157892	0.81645	2078331	0.786347	83412	0.0315594	0.96313	0.961414
case_15	186.0	2180544	0.806686	2105672	0.778988	92752	0.0343134	0.965664	0.95781
case_15	22.0	2696744	0.971441	2693593	0.970306	5632	0.0020288	0.998832	0.997913
case_16	265.0	1848554	0.731667	1756538	0.695246	167355	0.0662399	0.950223	0.913012
case_16	32.0	2401796	0.962321	2396432	0.960171	3922	0.00157142	0.997767	0.998366
case_16	32.0	2417724	0.967479	2412957	0.965572	2452	0.000981195	0.998028	0.998985
case_16	28.0	2430086	0.96511	2426754	0.963787	4181	0.00166049	0.998629	0.99828
case_16	265.0	1854313	0.73348	1760493	0.69637	168342	0.0665883	0.949404	0.912723
case_16	265.0	1856751	0.737442	1762491	0.700005	167318	0.0664533	0.949234	0.913298
case_16	24.0	2439467	0.974958	2436955	0.973955	2542	0.00101594	0.99897	0.998958
case_16	28.0	2436641	0.967098	2434484	0.966241	4756	0.00188765	0.999115	0.99805
case_16	265.0	1842474	0.731884	1751448	0.695726	178340	0.0708418	0.950596	0.907586
case_16	32.0	2409728	0.964879	2404262	0.96269	5171	0.00207052	0.997732	0.997854
case_16	265.0	1842437	0.730247	1749110	0.693257	176264	0.069862	0.949346	0.908452
case_16	265.0	1854905	0.735341	1761871	0.698459	170174	0.0674622	0.949844	0.91192
case_16	265.0	1857495	0.732781	1764279	0.696008	175452	0.0692158	0.949816	0.909548
case_16	32.0	2409202	0.966833	2405760	0.965451	3894	0.00156269	0.998571	0.998384
case_16	32.0	2424934	0.971915	2422184	0.970813	2397	0.000960719	0.998866	0.999011
case_16	265.0	1839324	0.729477	1747364	0.693006	175108	0.069448	0.950003	0.908915
case_16	32.0	2413887	0.961989	2410327	0.960571	4412	0.00175828	0.998525	0.998173
case_16	32.0	2426188	0.970244	2421414	0.968335	3649	0.00145925	0.998032	0.998495
case_16	24.0	2430821	0.972126	2428167	0.971065	1643	0.000657063	0.998908	0.999324
case_16	265.0	1854255	0.737011	1760473	0.699735	178796	0.0710661	0.949423	0.907802
case_16	265.0	1849124	0.735894	1754432	0.69821	174082	0.0692793	0.948791	0.909733
case_16	265.0	1862935	0.738972	1767958	0.701297	169787	0.0673495	0.949018	0.912379
case_16	32.0	2428977	0.966787	2426878	0.965952	2890	0.00115028	0.999136	0.998811
case_16	265.0	1867930	0.735427	1773555	0.69827	167427	0.065918	0.949476	0.913741
case_16	14.0	2464545	0.983414	2463025	0.982807	1572	0.000627267	0.999383	0.999362
case_16	28.0	2431088	0.96704	2429075	0.966239	3717	0.00147855	0.999172	0.998472
case_16	14.0	2456808	0.986542	2456070	0.986246	1566	0.000628834	0.9997	0.999363
case_16	30.0	2436936	0.958134	2431476	0.955988	7447	0.00292795	0.997759	0.996947
case_17	92.0	2337601	0.884701	2306611	0.872973	32159	0.0121711	0.986743	0.98625
case_17	188.0	1968204	0.761138	1864512	0.721038	111212	0.0430076	0.947316	0.943711
case_17	188.0	2082714	0.78626	1972371	0.744604	130033	0.0490897	0.94702	0.93815
case_17	92.0	2074050	0.827406	2046907	0.816577	29846	0.0119065	0.986913	0.985629
case_17	28.0	2316774	0.907358	2307474	0.903716	9418	0.00368853	0.995986	0.995935
case_17	92.0	2347131	0.886065	2318184	0.875137	32241	0.0121713	0.987667	0.986283
case_17	188.0	1826246	0.726677	1732908	0.689537	107989	0.0429696	0.948891	0.941339
case_17	6.0	2662973	0.990367	2662458	0.990175	515	0.00019153	0.999807	0.999807
case_17	50.0	2493587	0.935511	2487760	0.933325	12184	0.00457103	0.997663	0.995126
case_17	68.0	2313898	0.906562	2301470	0.901693	26385	0.0103374	0.994629	0.988666
case_17	188.0	1986313	0.780191	1893657	0.743797	101792	0.0399822	0.953353	0.948988
case_17	188.0	2090475	0.801327	1987949	0.762026	111381	0.0426949	0.950956	0.946945
case_17	52.0	2515128	0.937652	2502548	0.932962	9933	0.00370307	0.994998	0.996047
case_17	52.0	2523853	0.938564	2513885	0.934857	9384	0.0034897	0.99605	0.996281
case_17	28.0	2308033	0.906309	2300751	0.90345	9396	0.00368958	0.996845	0.995933
case_17	188.0	1821655	0.743438	1727108	0.704852	101755	0.0415274	0.948098	0.944362
case_17	188.0	2069866	0.781463	1963429	0.741279	119041	0.0449431	0.948578	0.942837
case_17	188.0	1972061	0.767643	1860377	0.724169	121346	0.047235	0.943367	0.938767
case_17	188.0	1971229	0.762254	1868417	0.722498	120895	0.0467489	0.947844	0.939228
case_17	188.0	2078234	0.782646	1974654	0.743639	118866	0.044764	0.95016	0.943222
case_17	92.0	2337793	0.884713	2309253	0.873912	33849	0.0128098	0.987792	0.985554
case_17	52.0	2499190	0.93533	2488386	0.931286	10749	0.00402285	0.995677	0.995699
case_17	188.0	1973362	0.761164	1871542	0.72189	111838	0.0431381	0.948403	0.943612
case_17	52.0	2487830	0.933415	2476121	0.929022	11424	0.0042862	0.995293	0.995408
case_17	52.0	2222800	0.878667	2205991	0.872022	15891	0.00628167	0.992438	0.992848
case_17	52.0	2249840	0.883395	2232998	0.876782	11215	0.00440355	0.992514	0.995003
case_17	188.0	2080007	0.790331	1965060	0.746655	124763	0.0474056	0.944737	0.9403
case_17	92.0	2330387	0.887644	2279684	0.868331	37405	0.0142476	0.978243	0.983857
case_18	90.0	2250191	0.834459	2219618	0.823122	20807	0.00771605	0.986413	0.990713
case_18	82.0	2359823	0.853825	2337044	0.845583	22840	0.00826391	0.990347	0.990322
case_18	82.0	2350622	0.905902	2332313	0.898846	19535	0.00752856	0.992211	0.991694
case_18	347.0	1732815	0.638986	1566165	0.577533	215100	0.0793195	0.903827	0.879243
case_18	267.0	1898928	0.734182	1782365	0.689115	143526	0.0554914	0.938616	0.925476
case_18	90.0	2239196	0.8741	2219832	0.866541	23315	0.00910132	0.991352	0.989606
case_18	267.0	1947856	0.754152	1825942	0.70695	124162	0.0480718	0.937411	0.936331
case_18	82.0	2353268	0.86003	2335848	0.853664	21640	0.0079086	0.992598	0.990821
case_18	66.0	2410684	0.91482	2402452	0.911696	21584	0.00819081	0.996585	0.991096
case_18	346.0	1782071	0.684967	1638431	0.629757	237741	0.0913795	0.919397	0.873284
case_18	267.0	1971118	0.752472	1857184	0.708977	151013	0.057649	0.942198	0.924802
case_18	28.0	2496619	0.959724	2494340	0.958848	3537	0.00135966	0.999087	0.998584
case_18	346.0	1747313	0.682971	1594772	0.623347	215489	0.084228	0.9127	0.880962
case_18	347.0	1665217	0.66351	1507961	0.600851	204223	0.0813732	0.905564	0.880724
case_18	16.0	2522738	0.924197	2520890	0.92352	3533	0.0012943	0.999267	0.9986
case_18	347.0	1730924	0.671695	1574799	0.61111	223349	0.0866718	0.909803	0.875789
case_18	267.0	1981803	0.710689	1845664	0.661869	152789	0.0547913	0.931305	0.923546
case_18	267.0	1954016	0.748548	1822514	0.698172	136930	0.0524554	0.932702	0.930118
case_18	267.0	1979677	0.746007	1861617	0.701518	151179	0.0569692	0.940364	0.924891
case_18	347.0	1730355	0.680498	1570642	0.617687	213471	0.0839518	0.907699	0.880349
case_18	347.0	1735654	0.680813	1590273	0.623787	209666	0.0822418	0.916238	0.883515
case_18	90.0	2233381	0.883617	2216317	0.876865	20150	0.00797216	0.99236	0.99099
case_18	267.0	1974975	0.752047	1865873	0.710503	138827	0.0528637	0.944758	0.930749
case_18	82.0	2343960	0.913034	2330348	0.907732	19577	0.00762575	0.994193	0.991669
case_18	90.0	2239908	0.883889	2225819	0.878329	19186	0.00757097	0.99371	0.991454
case_18	267.0	1935516	0.751296	1809265	0.70229	133840	0.0519517	0.934771	0.931121
case_18	267.0	1877319	0.738181	1749653	0.687982	131995	0.0519018	0.931996	0.929851
case_18	267.0	1941688	0.707283	1806140	0.657908	136843	0.0498467	0.930191	0.929571
case_19	246.0	1925307	0.739096	1821118	0.6991	112521	0.0431951	0.945884	0.941809
case_19	173.0	2019677	0.775344	1969203	0.755967	77798	0.0298663	0.975009	0.961994
case_19	245.0	1997927	0.753564	1885826	0.711282	117711	0.0443974	0.943891	0.941248
case_19	245.0	1848703	0.749547	1758067	0.712799	100605	0.0407898	0.950973	0.945873
case_19	244.0	1857210	0.734309	1759798	0.695794	105452	0.0416939	0.947549	0.943465
case_19	173.0	2027514	0.775414	1980041	0.757258	78254	0.0299279	0.976586	0.961981
case_19	23.0	2414354	0.958309	2411270	0.957085	3084	0.00122411	0.998723	0.998723
case_19	244.0	1824982	0.727477	1722965	0.686811	106636	0.0425074	0.9441	0.941716
case_19	56.0	2304984	0.930844	2295840	0.927151	15653	0.0063213	0.996033	0.993228
case_19	6.0	2549192	0.993548	2548705	0.993358	487	0.000189808	0.999809	0.999809
case_19	173.0	2010371	0.772999	1954381	0.751471	79599	0.0306063	0.972149	0.960865
case_19	12.0	2431255	0.983481	2424139	0.980602	5755	0.00232799	0.997073	0.997632
case_19	6.0	2440609	0.988214	2435561	0.98617	6407	0.00259422	0.997932	0.997376
case_19	244.0	1833692	0.729745	1736186	0.690941	100639	0.0400508	0.946825	0.94521
case_19	12.0	2450107	0.986463	2449384	0.986172	723	0.000291095	0.999705	0.999705
case_19	244.0	1846173	0.732805	1748456	0.694018	100899	0.0400501	0.947071	0.945441
case_19	56.0	2297012	0.928515	2287713	0.924756	14440	0.00583704	0.995952	0.993728
case_19	244.0	1835091	0.729605	1733465	0.6892	107136	0.0425957	0.944621	0.941793
case_19	244.0	1840324	0.730206	1743657	0.69185	100891	0.0400316	0.947473	0.945303
case_19	244.0	1847101	0.732205	1749298	0.693435	104952	0.0416038	0.947051	0.943399
case_19	173.0	2027660	0.776174	1977237	0.756873	74964	0.0286957	0.975132	0.963471
case_19	23.0	2399923	0.955059	2396718	0.953784	3205	0.00127544	0.998665	0.998665
case_19	245.0	1845072	0.745808	1752346	0.708326	99571	0.0402482	0.949744	0.946234
case_19	245.0	1829730	0.743101	1731647	0.703267	105320	0.0427732	0.946395	0.942666
case_19	56.0	2278450	0.925364	2262756	0.91899	20704	0.00840867	0.993112	0.990933
case_19	245.0	1851855	0.747831	1759445	0.710514	104661	0.0422651	0.950099	0.943855
case_19	244.0	1850433	0.732317	1754157	0.694215	101391	0.0401259	0.947971	0.945358
case_19	245.0	2009641	0.756117	1898552	0.714321	118411	0.0445515	0.944722	0.941292
case_1	644.0	1391508	0.507172	1074812	0.391744	327097	0.119219	0.772408	0.766677
case_1	225.0	2040174	0.758475	1994475	0.741486	99122	0.0368506	0.9776	0.952655
case_1	644.0	1381927	0.494284	1064303	0.380677	303623	0.108599	0.770159	0.778041
case_1	644.0	1404505	0.506528	1071930	0.386586	305233	0.110081	0.763208	0.778361
case_1	644.0	1381447	0.49417	1064103	0.38065	303574	0.108594	0.770281	0.778037
case_1	644.0	1401910	0.504137	1062279	0.382003	309277	0.111218	0.757737	0.774506
case_1	225.0	2040174	0.758475	1994475	0.741486	99122	0.0368506	0.9776	0.952655
case_1	10.0	2723665	0.99104	2721789	0.990357	2393	0.000870723	0.999311	0.999122
case_1	644.0	1371698	0.489282	1043133	0.372083	308668	0.110101	0.760468	0.771662
case_1	644.0	1381927	0.494284	1064303	0.380677	303623	0.108599	0.770159	0.778041
case_1	388.0	1753308	0.652162	1587879	0.590628	200278	0.0744955	0.905647	0.887998
case_1	644.0	1372790	0.489615	1043335	0.372112	308629	0.110075	0.760011	0.771718
case_1	644.0	1394815	0.509864	1081190	0.395221	321286	0.117444	0.775149	0.770915
case_1	388.0	1755251	0.652963	1586399	0.590149	199098	0.0740655	0.903802	0.888492
case_1	388.0	1753308	0.652162	1587879	0.590628	200278	0.0744955	0.905647	0.887998
case_1	225.0	2032626	0.75576	1986778	0.738713	97439	0.0362292	0.977444	0.953249
case_1	10.0	2723665	0.99104	2721789	0.990357	2393	0.000870723	0.999311	0.999122
case_1	62.0	2633892	0.923842	2621848	0.919618	21806	0.00764849	0.995427	0.991752
case_1	0.0	2748612	1.0	2748612	1.0	0	0.0	1.0	1.0
case_1	168.0	2221134	0.833305	2181590	0.81847	84980	0.031882	0.982196	0.962507
case_1	645.0	1394350	0.507952	1070155	0.38985	304408	0.110894	0.767494	0.778542
case_1	644.0	1372790	0.489615	1043335	0.372112	308629	0.110075	0.760011	0.771718
case_1	388.0	1748419	0.641555	1576934	0.578631	189800	0.0696441	0.90192	0.89257
case_1	389.0	1756389	0.66791	1595425	0.606699	194516	0.0739694	0.908355	0.891328
case_1	389.0	1759701	0.659847	1587528	0.595287	188920	0.0708407	0.902158	0.893653
case_1	388.0	1748907	0.641658	1580321	0.579805	188213	0.0690536	0.903605	0.893577
case_1	645.0	1407996	0.514423	1082733	0.395586	304317	0.111185	0.768989	0.780601
case_1	388.0	1748907	0.641658	1580321	0.579805	188213	0.0690536	0.903605	0.893577
case_20	220.0	2035190	0.764467	1903827	0.715124	125153	0.0470105	0.935454	0.938317
case_20	198.0	2112352	0.78948	1991828	0.744434	103707	0.0387599	0.942943	0.95051
case_20	220.0	2048889	0.77412	1852028	0.699741	124707	0.0471174	0.903918	0.936913
case_20	198.0	2108988	0.792199	1991805	0.748181	103956	0.039049	0.944436	0.950397
case_20	219.0	2092242	0.779189	1938294	0.721856	121120	0.0451073	0.92642	0.941187
case_20	220.0	2063708	0.769222	1910564	0.71214	108618	0.0404861	0.925792	0.946207
case_20	185.0	2158925	0.805071	2097785	0.782272	120514	0.0449401	0.97168	0.945673
case_20	197.0	2139231	0.7967	2018644	0.751791	105968	0.039465	0.943631	0.950124
case_20	197.0	2141680	0.793643	2017206	0.747516	105821	0.0392141	0.94188	0.950156
case_20	46.0	2571596	0.94354	2566443	0.941649	10087	0.003701	0.997996	0.996085
case_20	220.0	2035128	0.763375	1902464	0.713612	126339	0.0473896	0.934813	0.937727
case_20	198.0	2117694	0.790375	1997234	0.745416	100782	0.0376143	0.943117	0.951963
case_20	220.0	2041383	0.770199	1842971	0.69534	130072	0.0490752	0.902805	0.934075
case_20	194.0	2094177	0.789078	1972977	0.74341	126519	0.0476719	0.942125	0.939738
case_20	6.0	2657339	0.990505	2657051	0.990398	288	0.00010735	0.999892	0.999892
case_20	219.0	2062375	0.772526	1873237	0.701679	120060	0.0449722	0.908291	0.939768
case_20	22.0	2599982	0.977901	2596620	0.976636	4704	0.00176926	0.998707	0.998192
case_20	219.0	2078677	0.771515	1898558	0.704662	117710	0.0436888	0.913349	0.94162
case_20	197.0	2156706	0.795908	2039468	0.752642	99789	0.036826	0.94564	0.953353
case_20	220.0	2060299	0.776324	1860238	0.70094	110446	0.0416162	0.902897	0.943955
case_20	220.0	2061717	0.772347	1910490	0.715695	108765	0.0407448	0.92665	0.946136
case_20	185.0	2151024	0.803242	2090439	0.780618	120474	0.0449878	0.971834	0.945509
case_20	198.0	2114330	0.793095	1997211	0.749163	101031	0.0378972	0.944607	0.95185
case_20	197.0	2159155	0.792882	2039390	0.748902	99642	0.0365904	0.944532	0.953417
case_20	220.0	2063506	0.773617	1861776	0.697988	110291	0.0413486	0.902239	0.944073
case_20	185.0	2159413	0.799025	2094008	0.774824	111884	0.0413993	0.969712	0.949279
case_20	185.0	2166889	0.800687	2100439	0.776133	113003	0.0417557	0.969334	0.948947
case_20	219.0	2091962	0.772004	1951829	0.72029	118032	0.0435577	0.933014	0.942976
case_21	206.0	2071279	0.761052	1985829	0.729655	82387	0.0302715	0.958745	0.960165
case_21	146.0	2191301	0.844779	2143737	0.826442	50260	0.019376	0.978294	0.977092
case_21	128.0	2227112	0.863032	2182001	0.845551	44038	0.0170652	0.979745	0.980217
case_21	114.0	2140523	0.84502	2109614	0.832818	39566	0.0156196	0.98556	0.98159
case_21	206.0	2089311	0.764708	2011538	0.736242	98852	0.0361808	0.962776	0.953159
case_21	206.0	2087545	0.765683	2007436	0.7363	89259	0.032739	0.961625	0.957429
case_21	114.0	2165003	0.851989	2126108	0.836683	55551	0.0218609	0.982035	0.974537
case_21	114.0	2161380	0.849709	2122985	0.834614	54015	0.021235	0.982236	0.975188
case_21	2.0	2462771	0.996496	2462614	0.996432	157	6.35259e-05	0.999936	0.999936
case_21	146.0	2220754	0.852659	2177294	0.835972	63308	0.0243071	0.98043	0.971745
case_21	114.0	2160929	0.850556	2121808	0.835158	54415	0.0214181	0.981896	0.974996
case_21	206.0	1965804	0.738193	1879199	0.705672	91296	0.0342832	0.955944	0.953668
case_21	146.0	2086368	0.822918	2043097	0.805851	55485	0.0218847	0.97926	0.973561
case_21	128.0	2137540	0.847571	2092421	0.82968	53589	0.0212489	0.978892	0.975029
case_21	114.0	2139713	0.845724	2107408	0.832955	39619	0.0156594	0.984902	0.981547
case_21	146.0	2198235	0.850266	2153040	0.832785	61384	0.023743	0.97944	0.97228
case_21	146.0	2083114	0.820807	2040497	0.804015	53966	0.0212642	0.979542	0.974234
case_21	128.0	2253913	0.869855	2209388	0.852671	55958	0.0215959	0.980245	0.975298
case_21	114.0	2143620	0.847098	2111707	0.834487	40755	0.0161052	0.985113	0.981066
case_21	128.0	2134760	0.846639	2089433	0.828662	52383	0.0207749	0.978767	0.975543
case_21	206.0	2064531	0.760973	1977883	0.729035	97250	0.0358457	0.95803	0.953136
case_21	8.0	2437640	0.985308	2437023	0.985059	617	0.000249395	0.999747	0.999747
case_21	128.0	2139358	0.847433	2095977	0.830249	52905	0.0209565	0.979722	0.97538
case_21	206.0	1967624	0.738168	1880879	0.705625	90122	0.0338099	0.955914	0.954276
case_21	112.0	2284430	0.878721	2262496	0.870284	48521	0.0186639	0.990398	0.979004
case_21	8.0	2441716	0.986753	2441216	0.986551	500	0.000202061	0.999795	0.999795
case_21	146.0	2082294	0.821476	2038832	0.80433	54314	0.0214272	0.979128	0.974051
case_21	206.0	1961565	0.736742	1874899	0.704191	90160	0.0338631	0.955818	0.954118
case_22	98.0	2120497	0.852843	2048846	0.824026	37214	0.0149671	0.96621	0.982161
case_22	74.0	2252854	0.882833	2229752	0.873779	22184	0.00869331	0.989745	0.990149
case_22	97.0	2278089	0.878201	2251710	0.868032	38793	0.0149547	0.988421	0.983064
case_22	98.0	2282953	0.865618	2222180	0.842575	34904	0.0132344	0.97338	0.984536
case_22	98.0	2172488	0.856752	2105428	0.830306	34895	0.0137614	0.969132	0.983696
case_22	98.0	2244538	0.867507	2177915	0.841758	40623	0.0157007	0.970318	0.981689
case_22	99.0	2273247	0.885048	2222923	0.865455	30381	0.0118283	0.977863	0.986517
case_22	99.0	2218296	0.879588	2161949	0.857246	35236	0.0139716	0.974599	0.983963
case_22	10.0	2580470	0.985759	2578961	0.985183	1509	0.000576449	0.999415	0.999415
case_22	18.0	2480582	0.980983	2479130	0.980408	1452	0.000574215	0.999415	0.999415
case_22	99.0	2273722	0.884266	2228092	0.86652	34954	0.0135938	0.979932	0.984554
case_22	82.0	2357665	0.90041	2325724	0.888211	31777	0.0121359	0.986452	0.986521
case_22	98.0	2157188	0.850489	2090885	0.824348	30310	0.01195	0.969264	0.985711
case_22	98.0	2294696	0.870297	2235427	0.847819	37327	0.0141568	0.974171	0.983576
case_22	98.0	2175858	0.859033	2106450	0.831631	30685	0.0121145	0.968101	0.985642
case_22	97.0	2275648	0.8795	2249365	0.869342	39050	0.0150922	0.98845	0.982936
case_22	99.0	2262063	0.879497	2208810	0.858792	35172	0.013675	0.976458	0.984326
case_22	98.0	2298464	0.872656	2233816	0.848111	35163	0.0133503	0.971873	0.984503
case_22	99.0	2279571	0.884268	2240147	0.868975	35171	0.0136432	0.982706	0.984542
case_22	82.0	2355454	0.898602	2325132	0.887034	35017	0.0133589	0.987127	0.985163
case_22	34.0	2438663	0.948446	2433614	0.946483	10612	0.00412723	0.99793	0.995658
case_22	82.0	2305451	0.896398	2275684	0.884824	33888	0.0131762	0.987088	0.985327
case_22	99.0	2279775	0.885312	2235657	0.868179	30598	0.0118822	0.980648	0.986498
case_22	34.0	2439363	0.949756	2435186	0.94813	9736	0.00379067	0.998288	0.996018
case_22	97.0	2149786	0.8623	2115027	0.848357	28945	0.0116101	0.983831	0.986499
case_22	99.0	2266290	0.878882	2218842	0.860482	35519	0.0137745	0.979064	0.984244
case_22	99.0	2222701	0.879032	2175235	0.86026	35760	0.0141423	0.978645	0.983826
case_22	97.0	2147255	0.863573	2111471	0.849182	28827	0.0115935	0.983335	0.986531
case_23	33.0	2485757	0.945507	2477989	0.942553	5681	0.00216088	0.996875	0.997713
case_23	31.0	2540179	0.9654	2537376	0.964335	2989	0.00113598	0.998897	0.998823
case_23	33.0	2469437	0.945724	2465411	0.944182	3464	0.00132661	0.99837	0.998597
case_23	19.0	2587847	0.97472	2586124	0.974071	2606	0.000981557	0.999334	0.998993
case_23	33.0	2485686	0.94557	2477836	0.942584	6972	0.00265219	0.996842	0.997194
case_23	32.0	2502606	0.95954	2496093	0.957043	6860	0.00263024	0.997398	0.997259
case_23	19.0	2605726	0.978231	2604520	0.977778	2564	0.000962567	0.999537	0.999017
case_23	12.0	2608256	0.986907	2607383	0.986577	3114	0.00117827	0.999665	0.998807
case_23	31.0	2538330	0.964789	2535446	0.963693	4242	0.00161233	0.998864	0.99833
case_23	0.0	2651606	1.0	2651606	1.0	0	0.0	1.0	1.0
case_23	32.0	2478187	0.938396	2470288	0.935405	5402	0.00204553	0.996813	0.997818
case_23	30.0	2531685	0.957856	2528779	0.956757	2906	0.00109948	0.998852	0.998852
case_23	32.0	2461677	0.938491	2456739	0.936609	3443	0.00131261	0.997994	0.998601
case_23	20.0	2478145	0.957525	2474984	0.956304	3909	0.00151039	0.998724	0.998423
case_23	14.0	2606538	0.986164	2605524	0.98578	2083	0.000788087	0.999611	0.999201
case_23	31.0	2520451	0.961189	2517050	0.959892	4284	0.00163373	0.998651	0.998301
case_23	33.0	2472820	0.947111	2468715	0.945538	4715	0.00180588	0.99834	0.998094
case_23	19.0	2607577	0.978834	2606452	0.978412	1311	0.000492124	0.999569	0.999497
case_23	33.0	2472820	0.947111	2468715	0.945538	4715	0.00180588	0.99834	0.998094
case_23	12.0	2608256	0.986907	2607383	0.986577	3114	0.00117827	0.999665	0.998807
case_23	33.0	2450222	0.94161	2445596	0.939832	4659	0.00179043	0.998112	0.998099
case_23	33.0	2467462	0.941771	2459095	0.938578	6866	0.00262059	0.996609	0.997216
case_23	14.0	2624418	0.989653	2623923	0.989467	2039	0.000768895	0.999811	0.999224
case_23	31.0	2538330	0.964789	2535446	0.963693	4242	0.00161233	0.998864	0.99833
case_23	32.0	2485838	0.959682	2480798	0.957737	4043	0.00156084	0.997973	0.998373
case_23	14.0	2624418	0.989653	2623923	0.989467	2039	0.000768895	0.999811	0.999224
case_23	19.0	2605726	0.978231	2604520	0.977778	2564	0.000962567	0.999537	0.999017
case_23	33.0	2485686	0.94557	2477836	0.942584	6972	0.00265219	0.996842	0.997194
case_24	8.0	2550233	0.987732	2548548	0.987079	1685	0.000652618	0.999339	0.999339
case_24	145.0	2245033	0.786692	2189308	0.767165	68556	0.024023	0.975179	0.969637
case_24	91.0	2112665	0.828743	2090516	0.820055	35180	0.0138002	0.989516	0.98345
case_24	145.0	2251970	0.78647	2199099	0.768006	67429	0.0235487	0.976522	0.97025
case_24	56.0	2515874	0.918685	2511084	0.916936	6639	0.00242427	0.998096	0.997363
case_24	145.0	2218903	0.776026	2158658	0.754956	65458	0.0228929	0.972849	0.970569
case_24	338.0	1791712	0.644039	1518100	0.545688	225630	0.0811037	0.84729	0.870605
case_24	59.0	2491378	0.921164	2476523	0.915672	12104	0.00447534	0.994037	0.995136
case_24	59.0	2492591	0.924905	2476471	0.918923	13087	0.00485608	0.993533	0.994743
case_24	338.0	1817013	0.654913	1542102	0.555826	215405	0.0776393	0.848702	0.877437
case_24	338.0	1572632	0.639208	1309734	0.532351	192196	0.0781195	0.832829	0.872034
case_24	146.0	1986173	0.745437	1922731	0.721626	71694	0.0269077	0.968058	0.964053
case_24	337.0	1777392	0.667882	1496062	0.562168	224488	0.0843547	0.841718	0.869525
case_24	145.0	2214403	0.777068	2145445	0.75287	66217	0.0232366	0.968859	0.97006
case_24	337.0	1763957	0.663334	1487587	0.559405	207203	0.0779184	0.843324	0.877741
case_24	338.0	1577228	0.638059	1313639	0.531425	197727	0.0799893	0.832878	0.869173
case_24	338.0	1729774	0.661319	1463309	0.559446	218198	0.0834205	0.845954	0.870237
case_24	337.0	1764476	0.66594	1483621	0.559941	217831	0.0822127	0.840828	0.871973
case_24	70.0	2753714	0.925768	2740251	0.921242	29062	0.00977032	0.995111	0.989506
case_24	91.0	2079731	0.818917	2058146	0.810417	30178	0.0118829	0.989621	0.985549
case_24	337.0	1775873	0.664906	1500805	0.561917	213833	0.0800614	0.845108	0.87529
case_24	146.0	2198756	0.780884	2117094	0.751882	73132	0.0259727	0.96286	0.96661
case_24	338.0	1833135	0.657965	1555139	0.558184	221815	0.0796158	0.848349	0.875171
case_24	146.0	1958116	0.736032	1885205	0.708626	73124	0.0274864	0.962765	0.96266
case_24	338.0	1775557	0.640912	1503999	0.54289	219264	0.0791464	0.847058	0.872762
case_24	338.0	1743062	0.663449	1474657	0.561288	225595	0.0858665	0.846015	0.867317
case_24	146.0	2228596	0.790338	2157844	0.765247	72843	0.0258327	0.968253	0.967345
case_24	92.0	2085473	0.832308	2060938	0.822516	28563	0.0113994	0.988235	0.98633
case_25	251.0	2028823	0.745874	1916446	0.70456	112662	0.0414189	0.94461	0.944477
case_25	171.0	2212379	0.8134	2146432	0.789154	87385	0.0321278	0.970192	0.960881
case_25	253.0	1983019	0.742125	1876521	0.702269	125258	0.0468765	0.946295	0.937427
case_25	172.0	2200320	0.815093	2119884	0.785296	95196	0.0352647	0.963443	0.957024
case_25	251.0	2011614	0.747077	1896890	0.704471	116984	0.0434457	0.942969	0.941911
case_25	4.0	2658535	0.992363	2658029	0.992174	506	0.000188877	0.99981	0.99981
case_25	29.0	2569347	0.961604	2561790	0.958776	12831	0.00480213	0.997059	0.995016
case_25	172.0	2202965	0.816995	2124443	0.787875	96518	0.0357948	0.964356	0.956542
case_25	82.0	2476011	0.901203	2456114	0.893961	20419	0.00743198	0.991964	0.991755
case_25	253.0	1989011	0.744343	1881515	0.704115	126626	0.047387	0.945955	0.936944
case_25	172.0	2225123	0.815994	2155722	0.790543	85227	0.0312543	0.96881	0.961968
case_25	172.0	2225623	0.816152	2155716	0.790516	86378	0.0316754	0.96859	0.961474
case_25	82.0	2485592	0.905724	2469053	0.899697	18897	0.00688587	0.993346	0.992405
case_25	44.0	2570974	0.950307	2558234	0.945598	11975	0.00442631	0.995045	0.995341
case_25	44.0	2567894	0.948071	2553528	0.942767	10866	0.00401175	0.994406	0.995763
case_25	251.0	2016921	0.749921	1903672	0.707813	118047	0.0438916	0.943851	0.941611
case_25	171.0	2187678	0.815989	2120644	0.790986	89385	0.03334	0.969358	0.959555
case_25	171.0	2195456	0.816347	2118243	0.787636	97062	0.036091	0.964831	0.956186
case_25	172.0	2205587	0.817018	2123549	0.786629	96447	0.035727	0.962804	0.956555
case_25	252.0	1970605	0.739408	1863800	0.699332	129846	0.0487206	0.945801	0.93487
case_25	29.0	2576481	0.964243	2569238	0.961533	12518	0.00468484	0.997189	0.995151
case_25	30.0	2626916	0.96688	2623664	0.965683	5522	0.00203246	0.998762	0.9979
case_25	171.0	2195918	0.815568	2117345	0.786386	98834	0.0367071	0.964219	0.955403
case_25	172.0	2197698	0.815068	2120778	0.78654	95267	0.035332	0.965	0.95701
case_25	82.0	2484136	0.907957	2466746	0.901601	18895	0.00690616	0.993	0.992398
case_25	172.0	2194515	0.816417	2127726	0.791569	87604	0.032591	0.969565	0.960456
case_25	172.0	2200171	0.818495	2131392	0.792908	88855	0.0330553	0.968739	0.95998
case_25	251.0	2010977	0.75004	1898655	0.708147	115684	0.043147	0.944146	0.94257
case_26	22.0	2364194	0.955832	2361765	0.95485	8504	0.00343813	0.998973	0.996412
case_26	30.0	2389936	0.96025	2386187	0.958743	4435	0.00178193	0.998431	0.998145
case_26	290.0	1818562	0.707273	1639036	0.637452	129341	0.0503031	0.901281	0.926859
case_26	290.0	1829574	0.706848	1655389	0.639553	133329	0.0515111	0.904795	0.925461
case_26	98.0	2176648	0.869553	2151803	0.859628	43610	0.0174218	0.988586	0.980136
case_26	60.0	2510123	0.932692	2499152	0.928615	10580	0.00393123	0.995629	0.995784
case_26	290.0	1825252	0.703786	1643942	0.633876	143561	0.0553547	0.900666	0.919686
case_26	290.0	1676043	0.677538	1495113	0.604397	134794	0.0544903	0.892049	0.9173
case_26	288.0	1843630	0.710794	1720541	0.663338	150549	0.0580427	0.933236	0.919539
case_26	288.0	1843059	0.704046	1724148	0.658622	153976	0.0588186	0.935482	0.918016
case_26	290.0	1697287	0.682029	1512476	0.607765	153489	0.0616772	0.891114	0.907868
case_26	288.0	1859178	0.714107	1740789	0.668634	156126	0.0599677	0.936322	0.917695
case_26	290.0	1674344	0.668963	1494076	0.596939	158446	0.0633051	0.892335	0.904119
case_26	288.0	1839367	0.713863	1715359	0.665735	147758	0.0573453	0.932581	0.920693
case_26	46.0	1879512	0.826971	1875327	0.825129	16122	0.00709355	0.997773	0.991476
case_26	290.0	1679125	0.672249	1499771	0.600443	145150	0.0581117	0.893186	0.911759
case_26	98.0	1797870	0.796061	1778779	0.787608	28006	0.0124005	0.989381	0.9845
case_26	98.0	2199520	0.875285	2175902	0.865886	44317	0.0176357	0.989262	0.980039
case_26	290.0	1702569	0.685562	1518956	0.611628	139187	0.0560455	0.892155	0.916059
case_26	290.0	1810661	0.7028	1627082	0.631545	139572	0.0541743	0.898612	0.920996
case_26	288.0	1482668	0.627359	1385585	0.58628	124155	0.0525335	0.934521	0.917764
case_26	290.0	1671605	0.674348	1489386	0.600838	148035	0.0597193	0.890992	0.909593
case_26	288.0	1832412	0.704588	1714122	0.659104	152463	0.0586241	0.935446	0.91832
case_26	290.0	1326759	0.590081	1178232	0.524023	118042	0.0524997	0.888053	0.908937
case_26	288.0	1479796	0.630714	1378436	0.587512	119123	0.0507722	0.931504	0.920455
case_26	288.0	1852953	0.716428	1732871	0.67	153602	0.0593889	0.935194	0.918577
case_26	98.0	1774707	0.789208	1754445	0.780198	27930	0.0124204	0.988583	0.98433
case_26	290.0	1330411	0.593056	1184701	0.528103	105773	0.0471504	0.890477	0.918036
case_27	138.0	2256438	0.837917	2204610	0.818671	63588	0.0236131	0.977031	0.971965
case_27	128.0	2266013	0.860076	2234352	0.848058	62716	0.0238041	0.986028	0.972697
case_27	64.0	2414218	0.930176	2399579	0.924535	16008	0.00616773	0.993936	0.993373
case_27	220.0	1945519	0.731873	1754634	0.660065	99106	0.0372821	0.901885	0.946537
case_27	138.0	2270764	0.845753	2214648	0.824852	57582	0.0214466	0.975288	0.974658
case_27	138.0	2200293	0.826653	2148736	0.807283	60598	0.0227668	0.976568	0.972572
case_27	128.0	2249761	0.853742	2215773	0.840845	65911	0.025012	0.984893	0.971113
case_27	128.0	2250856	0.856924	2218535	0.844619	62745	0.0238877	0.985641	0.972496
case_27	138.0	2188553	0.822086	2128718	0.79961	63748	0.0239456	0.97266	0.970924
case_27	138.0	2210495	0.832993	2154201	0.81178	55535	0.0209276	0.974533	0.974868
case_27	64.0	2402410	0.925445	2385894	0.919083	20280	0.00781216	0.993125	0.991572
case_27	138.0	2192263	0.825965	2131057	0.802904	57842	0.0217927	0.972081	0.973575
case_27	128.0	2266013	0.860076	2234352	0.848058	62716	0.0238041	0.986028	0.972697
case_27	70.0	2509204	0.925249	2497679	0.920999	27573	0.0101673	0.995407	0.989081
case_27	64.0	2414218	0.930176	2399579	0.924535	16008	0.00616773	0.993936	0.993373
case_27	220.0	1945519	0.731873	1754634	0.660065	99106	0.0372821	0.901885	0.946537
case_27	220.0	1996079	0.742175	1805523	0.671323	107780	0.0400744	0.904535	0.943668
case_27	138.0	2210495	0.832993	2154201	0.81178	55535	0.0209276	0.974533	0.974868
case_27	54.0	2434796	0.935039	2421808	0.930052	17811	0.00683999	0.994666	0.992699
case_27	220.0	1951325	0.733917	1763035	0.663099	94903	0.0356942	0.903507	0.94892
case_27	0.0	2603442	1.0	2603442	1.0	0	0.0	1.0	1.0
case_27	54.0	2434796	0.935039	2421808	0.930052	17811	0.00683999	0.994666	0.992699
case_27	138.0	2196675	0.830288	2138861	0.808436	54999	0.0207882	0.973681	0.97493
case_27	220.0	2006829	0.740935	1822325	0.672815	90298	0.0333386	0.908062	0.952788
case_27	220.0	1995999	0.734763	1817195	0.668942	92572	0.0340774	0.910419	0.951527
case_27	138.0	2200293	0.826653	2148736	0.807283	60598	0.0227668	0.976568	0.972572
case_27	220.0	1940750	0.732282	1747768	0.659467	102877	0.0388175	0.900563	0.94441
case_27	138.0	2194119	0.826818	2138888	0.806006	57776	0.021772	0.974828	0.973698
case_28	378.0	1641387	0.658739	1450405	0.582092	231024	0.092717	0.883646	0.862603
case_28	378.0	1647364	0.661042	1456483	0.584446	225896	0.0906458	0.884129	0.865728
case_28	70.0	2333389	0.934612	2323659	0.930715	14436	0.00578218	0.99583	0.993826
case_28	70.0	2336177	0.934703	2324171	0.9299	14338	0.00573663	0.994861	0.993869
case_28	6.0	2364301	0.993894	2364020	0.993776	281	0.000118125	0.999881	0.999881
case_28	18.0	2453684	0.982653	2452239	0.982074	1445	0.000578695	0.999411	0.999411
case_28	379.0	1500514	0.615568	1317326	0.540417	232989	0.095581	0.877917	0.849715
case_28	379.0	1491899	0.611943	1313809	0.538895	230515	0.0945521	0.880629	0.850734
case_28	81.0	2126082	0.904105	2112950	0.898521	21682	0.00922015	0.993823	0.989843
case_28	378.0	1470108	0.609155	1284811	0.532375	222464	0.0921803	0.873957	0.852406
case_28	180.0	2059108	0.813983	2020716	0.798806	71099	0.028106	0.981355	0.966011
case_28	378.0	1629534	0.642223	1447783	0.570592	221233	0.0871911	0.888464	0.867447
case_28	378.0	1648663	0.662291	1458415	0.585866	223947	0.0899627	0.884605	0.866885
case_28	180.0	1884794	0.783473	1824996	0.758616	71309	0.0296418	0.968273	0.962396
case_28	379.0	1496085	0.614351	1318422	0.541395	227173	0.0932861	0.881248	0.853019
case_28	81.0	2134029	0.906472	2120611	0.900772	21078	0.0089533	0.993712	0.990158
case_28	378.0	1480998	0.613759	1294672	0.536541	222723	0.0923014	0.874189	0.85322
case_28	161.0	1960032	0.790912	1917556	0.773772	54141	0.021847	0.978329	0.972541
case_28	160.0	1932751	0.788571	1891600	0.771781	53102	0.0216659	0.978709	0.972694
case_28	378.0	1630407	0.642658	1446781	0.570278	228631	0.0901196	0.887374	0.863537
case_28	161.0	1952554	0.788731	1910083	0.771575	53325	0.0215405	0.978248	0.972841
case_28	379.0	1499114	0.614241	1319229	0.540536	230150	0.0943007	0.880006	0.851457
case_28	181.0	1909536	0.785719	1849385	0.760969	70151	0.0288651	0.9685	0.963454
case_28	378.0	1474338	0.611602	1291244	0.535649	219697	0.0911372	0.875813	0.854596
case_28	181.0	1917135	0.787994	1858301	0.763812	71211	0.0292696	0.969311	0.963094
case_28	379.0	1502535	0.616335	1324592	0.543343	227766	0.0934288	0.881571	0.853277
case_28	378.0	1629667	0.642969	1449716	0.571971	219048	0.0864233	0.889578	0.868736
case_28	379.0	1508589	0.618215	1324132	0.542625	234000	0.0958924	0.877729	0.84982
case_29	67.0	2704831	0.915813	2687311	0.909881	25568	0.00865692	0.993523	0.990575
case_29	34.0	2812960	0.955017	2803133	0.95168	17087	0.00580114	0.996507	0.993941
case_29	57.0	2768585	0.937689	2748194	0.930783	28861	0.0097749	0.992635	0.989607
case_29	208.0	1968702	0.734184	1790426	0.6677	89467	0.0333647	0.909445	0.952408
case_29	209.0	2084480	0.753474	1910121	0.690449	88240	0.031896	0.916354	0.955844
case_29	67.0	2716243	0.914262	2698892	0.908422	24589	0.00827643	0.993612	0.990971
case_29	208.0	1964733	0.728064	1794446	0.664961	81709	0.0302786	0.913328	0.956449
case_29	34.0	2820224	0.957698	2810360	0.954348	16717	0.00567679	0.996502	0.994087
case_29	66.0	2269620	0.909756	2258411	0.905263	16967	0.00680107	0.995061	0.992543
case_29	209.0	2086933	0.759414	1904241	0.692934	81533	0.029669	0.912459	0.958941
case_29	8.0	2922883	0.986697	2922050	0.986416	833	0.000281201	0.999715	0.999715
case_29	30.0	2348588	0.96441	2346599	0.963593	2814	0.00115552	0.999153	0.998802
case_29	209.0	1976615	0.730188	1807768	0.667813	95311	0.0352091	0.914578	0.949917
case_29	57.0	2760910	0.940663	2740657	0.933763	29543	0.0100655	0.992664	0.989335
case_29	208.0	1972891	0.730977	1803428	0.668189	85017	0.0314997	0.914104	0.95498
case_29	208.0	2074571	0.756872	1892827	0.690566	81262	0.0296471	0.912394	0.958836
case_29	208.0	1954398	0.724057	1787767	0.662324	82024	0.0303879	0.91474	0.956132
case_29	208.0	2082246	0.754854	1905396	0.690743	75984	0.0275457	0.915068	0.961651
case_29	209.0	1987239	0.739139	1804530	0.671181	90978	0.0338386	0.908059	0.952003
case_29	208.0	1983523	0.735096	1808015	0.670053	84079	0.0311598	0.911517	0.955563
case_29	68.0	2713890	0.916675	2691648	0.909163	28842	0.00974201	0.991804	0.989398
case_29	208.0	2093673	0.759178	1911141	0.692991	75043	0.027211	0.912817	0.962217
case_29	57.0	2775512	0.940246	2755850	0.933585	27568	0.00933907	0.992916	0.990096
case_29	67.0	2726536	0.91793	2709480	0.912188	24126	0.00812239	0.993744	0.991174
case_29	209.0	1968019	0.731921	1789506	0.66553	88551	0.0329328	0.909293	0.95285
case_29	209.0	1967916	0.726906	1802443	0.665784	92826	0.0342879	0.915915	0.951022
case_29	66.0	2285346	0.916154	2272635	0.911058	18579	0.00744798	0.994438	0.991891
case_29	208.0	1954208	0.72871	1779728	0.663647	87970	0.0328034	0.910716	0.952899
case_2	65.0	2449482	0.91933	2431095	0.912429	13574	0.00509454	0.992494	0.994448
case_2	65.0	2429095	0.916323	2413922	0.9106	13387	0.00504996	0.993754	0.994485
case_2	562.0	1411109	0.535329	1147693	0.435397	323016	0.122542	0.813327	0.780367
case_2	562.0	1405331	0.536539	1153948	0.440564	320925	0.122525	0.821122	0.782405
case_2	104.0	2273395	0.871389	2261536	0.866844	31848	0.0122073	0.994784	0.986113
case_2	562.0	1400170	0.533915	1131067	0.4313	323035	0.12318	0.807807	0.777846
case_2	563.0	1383431	0.534653	1114592	0.430755	312042	0.120595	0.805672	0.781274
case_2	104.0	2276475	0.874471	2265005	0.870065	31459	0.0120845	0.994962	0.986301
case_2	104.0	2278031	0.872087	2265850	0.867424	29237	0.0111926	0.994653	0.987261
case_2	563.0	1393673	0.527783	1119019	0.423772	314467	0.119089	0.802928	0.780628
case_2	563.0	1390412	0.533241	1110719	0.425975	313935	0.120398	0.798842	0.779641
case_2	562.0	1402937	0.536286	1149965	0.439585	322985	0.123464	0.819684	0.780722
case_2	34.0	2506424	0.950869	2499646	0.948298	6738	0.00255621	0.997296	0.997312
case_2	104.0	2281112	0.875167	2269319	0.870642	28848	0.0110678	0.99483	0.987447
case_2	6.0	2601893	0.991877	2601335	0.991664	558	0.000212717	0.999786	0.999786
case_2	563.0	1400786	0.528268	1116758	0.421155	312298	0.117775	0.797237	0.781466
case_2	563.0	1390306	0.534363	1112685	0.427659	309742	0.119049	0.800317	0.782244
case_2	563.0	1387471	0.535546	1119164	0.431983	309982	0.119649	0.806622	0.7831
case_2	562.0	1411071	0.536469	1150258	0.437312	319521	0.121477	0.815167	0.782606
case_2	65.0	2420914	0.930742	2406985	0.925387	9829	0.00377885	0.994246	0.995933
case_2	562.0	1399334	0.534753	1132825	0.432907	318842	0.121845	0.809546	0.780361
case_2	4.0	2579826	0.99522	2579586	0.995127	240	9.25848e-05	0.999907	0.999907
case_2	26.0	2548707	0.969256	2546925	0.968578	5097	0.00193835	0.999301	0.998003
case_2	563.0	1399943	0.526823	1114792	0.419516	316491	0.119101	0.796312	0.778876
case_2	562.0	1398314	0.537293	1137934	0.437244	322896	0.124071	0.81379	0.778964
case_2	563.0	1390139	0.52709	1114447	0.422557	316527	0.120015	0.80168	0.778803
case_2	562.0	1400708	0.537546	1142506	0.438456	320836	0.123126	0.815663	0.780751
case_2	65.0	2442126	0.934047	2423537	0.926937	10740	0.00410776	0.992388	0.995588
case_30	639.0	1429684	0.538227	1127830	0.424589	316260	0.119061	0.788867	0.780997
case_30	638.0	1480660	0.548298	1132377	0.419327	341547	0.126477	0.764779	0.768274
case_30	638.0	1438521	0.54363	1128872	0.426611	306094	0.115676	0.784745	0.786689
case_30	102.0	2301733	0.877639	2283298	0.87061	39563	0.0150852	0.991991	0.982968
case_30	302.0	1903690	0.715304	1843455	0.692671	154895	0.0582012	0.968359	0.922489
case_30	290.0	1973446	0.737195	1893390	0.70729	177471	0.0662956	0.959433	0.914301
case_30	638.0	1483263	0.549711	1133561	0.420108	341717	0.126643	0.764235	0.768371
case_30	638.0	1475251	0.543798	1132804	0.417567	354117	0.130532	0.767872	0.761845
case_30	303.0	1903125	0.715699	1841139	0.692388	153148	0.0575936	0.967429	0.923207
case_30	290.0	2009972	0.745695	1926304	0.714655	175216	0.0650048	0.958374	0.916624
case_30	638.0	1408230	0.535923	1104781	0.420441	327031	0.124457	0.784517	0.771596
case_30	2.0	2640990	0.996988	2640805	0.996918	185	6.98385e-05	0.99993	0.99993
case_30	302.0	1900193	0.713399	1839502	0.690614	155186	0.0582623	0.968061	0.9222
case_30	638.0	1410001	0.537047	1104125	0.420544	327085	0.124582	0.783067	0.771463
case_30	303.0	1900119	0.713977	1837186	0.69033	153439	0.0576553	0.966879	0.922919
case_30	48.0	2501533	0.937424	2496587	0.93557	17567	0.00658305	0.998023	0.993013
case_30	55.0	2513656	0.940134	2505369	0.937035	5853	0.00218908	0.996703	0.997669
case_30	638.0	1427624	0.538506	1123072	0.423627	315317	0.118939	0.786672	0.780785
case_30	638.0	1441107	0.542066	1123613	0.422642	312520	0.117553	0.779687	0.782388
case_30	638.0	1441513	0.545214	1129899	0.427355	306266	0.115837	0.783829	0.786747
case_30	638.0	1463090	0.540802	1134999	0.41953	354294	0.130958	0.775755	0.762106
case_30	639.0	1469417	0.542098	1138460	0.420002	351367	0.129627	0.77477	0.764156
case_30	638.0	1413955	0.535574	1090707	0.413135	338344	0.128157	0.771387	0.763239
case_30	302.0	1891911	0.712285	1827808	0.688151	152106	0.0572663	0.966117	0.923175
case_30	638.0	1395665	0.530144	1080219	0.410322	342431	0.130073	0.773982	0.759301
case_30	302.0	1896189	0.714488	1831761	0.690212	151815	0.0572042	0.966022	0.923464
case_30	639.0	1408659	0.534024	1088105	0.412502	338830	0.128451	0.77244	0.762547
case_30	55.0	2485715	0.932285	2477307	0.929132	13249	0.00496913	0.996617	0.99468
case_3	610.0	1191679	0.476584	909365	0.363679	370899	0.148332	0.763096	0.710295
case_3	611.0	1182316	0.474383	904856	0.363057	370119	0.148503	0.765325	0.709705
case_3	136.0	2383135	0.837335	2340847	0.822477	67177	0.0236032	0.982255	0.972103
case_3	611.0	1183313	0.472721	902256	0.360442	371310	0.148334	0.762483	0.708449
case_3	18.0	2758922	0.978225	2757583	0.97775	1339	0.000474766	0.999515	0.999515
case_3	37.0	2064922	0.952123	2061395	0.950496	2631	0.00121314	0.998292	0.998725
case_3	21.0	2123558	0.974105	2122354	0.973553	1616	0.000741281	0.999433	0.999239
case_3	611.0	1186269	0.469075	918916	0.363358	369076	0.14594	0.774627	0.713449
case_3	21.0	2125946	0.973722	2123388	0.97255	1426	0.000653134	0.998797	0.999329
case_3	10.0	2790562	0.9871	2789704	0.986796	1503	0.000531653	0.999693	0.999462
case_3	611.0	1185352	0.469326	918549	0.363689	365454	0.144697	0.774917	0.715379
case_3	611.0	1182218	0.472909	901889	0.360772	367688	0.147082	0.762879	0.710385
case_3	610.0	1186305	0.47658	907948	0.364754	365868	0.146982	0.765358	0.712778
case_3	611.0	1182636	0.473882	905223	0.362722	373741	0.149758	0.765428	0.707778
case_3	37.0	2065766	0.95106	2062429	0.949524	2441	0.00112381	0.998385	0.998818
case_3	136.0	2396277	0.837756	2363804	0.826403	68826	0.0240621	0.986449	0.971707
case_3	610.0	1199473	0.473393	929099	0.366685	366533	0.144659	0.774589	0.717101
case_3	18.0	2767571	0.976356	2766349	0.975925	998	0.000352079	0.999558	0.999639
case_3	136.0	2388014	0.836827	2342895	0.821016	65164	0.0228353	0.981106	0.972939
case_3	4.0	2165925	0.995742	2165651	0.995616	274	0.000125966	0.999873	0.999873
case_3	610.0	1192213	0.475361	906513	0.361446	368450	0.146909	0.760362	0.711011
case_3	611.0	1182203	0.471639	908613	0.362491	370066	0.147638	0.768576	0.710587
case_3	610.0	1191426	0.472315	919986	0.364708	360302	0.142834	0.772172	0.718577
case_3	610.0	1188206	0.474625	914133	0.365147	366337	0.146332	0.769339	0.713904
case_3	610.0	1186617	0.475262	905308	0.362592	363300	0.145508	0.762932	0.713623
case_3	611.0	1183298	0.471454	908980	0.362159	373688	0.148886	0.768175	0.708664
case_3	36.0	2074039	0.952753	2070347	0.951057	3283	0.00150811	0.99822	0.998417
case_3	610.0	1193323	0.474536	914357	0.363603	371284	0.147645	0.766228	0.711207
case_4	301.0	1897763	0.706312	1691991	0.629728	170971	0.0636322	0.891571	0.908226
case_4	46.0	2085266	0.851488	2075365	0.847445	13295	0.00542882	0.995252	0.993635
case_4	301.0	1847111	0.706746	1624554	0.62159	170300	0.0651606	0.879511	0.905118
case_4	104.0	2307195	0.866893	2279636	0.856538	39834	0.014967	0.988055	0.982826
case_4	46.0	2444952	0.926486	2434843	0.922656	14506	0.00549688	0.995865	0.994078
case_4	301.0	1575825	0.64426	1376040	0.56258	130580	0.0533863	0.873219	0.913329
case_4	301.0	1555634	0.64188	1356116	0.559556	130889	0.0540069	0.871745	0.911978
case_4	82.0	2368817	0.905967	2349361	0.898526	28764	0.011001	0.991787	0.987905
case_4	301.0	1596900	0.640626	1405151	0.563702	128839	0.0516862	0.879924	0.916011
case_4	4.0	2245318	0.919042	2244934	0.918885	384	0.000157177	0.999829	0.999829
case_4	2.0	2251775	0.998648	2251656	0.998596	119	5.27758e-05	0.999947	0.999947
case_4	301.0	1572419	0.643315	1372517	0.56153	130697	0.0534713	0.87287	0.913055
case_4	4.0	2248723	0.919796	2248456	0.919686	267	0.000109211	0.999881	0.999881
case_4	301.0	1593554	0.63972	1401628	0.562673	128956	0.0517684	0.879561	0.915747
case_4	22.0	2577623	0.97797	2575485	0.977159	4176	0.00158441	0.999171	0.998381
case_4	104.0	2357459	0.878947	2335130	0.870622	32913	0.0122712	0.990528	0.986101
case_4	301.0	1893841	0.717253	1680769	0.636556	174321	0.0660205	0.887492	0.906031
case_4	301.0	1887430	0.714911	1675056	0.634469	170332	0.0645175	0.88748	0.907699
case_4	301.0	1558980	0.642809	1359639	0.560616	130772	0.0539208	0.872134	0.912258
case_4	46.0	2088671	0.852287	2078887	0.848294	13178	0.00537731	0.995316	0.993701
case_4	82.0	2367065	0.905187	2347615	0.897749	29802	0.0113965	0.991783	0.987465
case_4	301.0	1858446	0.709492	1640779	0.626394	172789	0.065965	0.882877	0.904724
case_4	301.0	1870654	0.710133	1650470	0.626547	170666	0.0647878	0.882296	0.906286
case_4	301.0	1581699	0.647027	1384489	0.566354	132054	0.0540194	0.875318	0.912924
case_4	301.0	1880286	0.713703	1662151	0.630905	172314	0.0654055	0.883988	0.906069
case_4	301.0	1585105	0.647969	1388012	0.5674	131937	0.053934	0.875659	0.913196
case_4	301.0	1883611	0.702578	1673377	0.624161	167571	0.0625031	0.888388	0.908976
case_4	104.0	2359395	0.879564	2337665	0.871463	35674	0.013299	0.99079	0.984969
case_5	24.0	2409800	0.955368	2406343	0.953997	5317	0.00210793	0.998565	0.997795
case_5	457.0	1517561	0.597861	1266892	0.499107	261888	0.103174	0.834821	0.828695
case_5	198.0	2059191	0.78313	2009694	0.764306	87090	0.0331212	0.975963	0.958465
case_5	45.0	2416596	0.949681	2408564	0.946524	9617	0.00377932	0.996676	0.996023
case_5	197.0	2073598	0.792533	2024993	0.773956	87486	0.0334373	0.97656	0.958586
case_5	24.0	2462114	0.969454	2459271	0.968335	2843	0.00111943	0.998845	0.998845
case_5	197.0	2051298	0.787956	2006167	0.77062	85054	0.0326714	0.977999	0.959328
case_5	198.0	2065257	0.789053	2012751	0.768993	88338	0.0337505	0.974577	0.957956
case_5	72.0	2332826	0.913832	2316610	0.907479	14352	0.00562207	0.993049	0.993843
case_5	457.0	1552754	0.604483	1308691	0.50947	273058	0.106301	0.842819	0.82737
case_5	458.0	1553844	0.601857	1301452	0.504097	272604	0.105589	0.837569	0.826814
case_5	197.0	2013564	0.778639	1973081	0.762985	86219	0.0333406	0.979895	0.958132
case_5	45.0	2410592	0.942855	2406092	0.941095	9676	0.00378458	0.998133	0.995995
case_5	73.0	2259030	0.8985	2240809	0.891253	15928	0.00633515	0.991934	0.992942
case_5	73.0	2319874	0.908414	2302985	0.901801	17801	0.0069705	0.99272	0.99233
case_5	457.0	1536678	0.601292	1285396	0.502967	268102	0.104907	0.836477	0.82742
case_5	72.0	2310881	0.913186	2294009	0.906519	14702	0.00580976	0.992699	0.993632
case_5	73.0	2254422	0.892389	2238845	0.886223	14898	0.00589722	0.99309	0.99339
case_5	197.0	2075858	0.79064	2034762	0.774988	88733	0.0337961	0.980203	0.958214
case_5	456.0	1633007	0.618217	1378198	0.521753	311452	0.117908	0.843963	0.815671
case_5	458.0	1560561	0.607293	1303945	0.507431	274399	0.106783	0.835562	0.826148
case_5	16.0	2499398	0.977221	2497349	0.97642	2049	0.000801123	0.99918	0.99918
case_5	18.0	2404041	0.961558	2402384	0.960895	1657	0.000662759	0.999311	0.999311
case_5	72.0	2263182	0.900497	2248175	0.894526	13634	0.00542483	0.993369	0.993972
case_5	73.0	2317097	0.903065	2303852	0.897903	15490	0.00603707	0.994284	0.993321
case_5	457.0	1547253	0.60021	1299333	0.504037	276924	0.107424	0.839768	0.824315
case_5	73.0	2299102	0.908185	2281160	0.901097	17096	0.00675321	0.992196	0.992561
case_5	73.0	2294712	0.902156	2280980	0.896757	14773	0.00580794	0.994016	0.993565
case_6	133.0	2293348	0.826022	2235052	0.805025	54235	0.0195345	0.97458	0.976309
case_6	441.0	1634468	0.601401	1497815	0.551119	276268	0.101652	0.916393	0.844276
case_6	136.0	2140809	0.831123	2112207	0.820019	48189	0.0187083	0.98664	0.977694
case_6	133.0	2144056	0.79564	2094345	0.777193	47261	0.0175381	0.976815	0.977932
case_6	84.0	2505179	0.883536	2489905	0.878149	28428	0.0100261	0.993903	0.988712
case_6	10.0	2881452	0.986827	2880026	0.986338	1426	0.00048837	0.999505	0.999505
case_6	135.0	1999709	0.763749	1945039	0.742869	37941	0.0144908	0.972661	0.980867
case_6	133.0	2141322	0.795481	2091725	0.777056	45786	0.0170091	0.976838	0.97858
case_6	442.0	1559579	0.61957	1398160	0.555443	282889	0.112383	0.896498	0.831719
case_6	135.0	2135163	0.787658	2089789	0.77092	46370	0.0171058	0.978749	0.978293
case_6	84.0	2510385	0.884469	2493732	0.878602	29161	0.0102741	0.993366	0.988441
case_6	441.0	1539860	0.584775	1381897	0.524787	249691	0.0948223	0.897417	0.846964
case_6	442.0	1641229	0.63349	1489007	0.574734	260887	0.100698	0.907251	0.850913
case_6	441.0	1541793	0.584866	1382961	0.524614	250072	0.0948626	0.896982	0.846867
case_6	135.0	2140750	0.79205	2081264	0.770041	46294	0.0171282	0.972213	0.978241
case_6	135.0	2000087	0.763049	1945415	0.742191	38947	0.0148586	0.972665	0.980373
case_6	84.0	2501345	0.883953	2484566	0.878024	28319	0.0100077	0.993292	0.98873
case_6	84.0	2502799	0.886967	2460012	0.871804	28324	0.0100377	0.982904	0.988617
case_6	441.0	1631439	0.598529	1498360	0.549706	275902	0.101221	0.918428	0.844498
case_6	441.0	1633539	0.597421	1497293	0.547593	280738	0.102672	0.916595	0.842107
case_6	10.0	2869577	0.985653	2868777	0.985378	800	0.000274787	0.999721	0.999721
case_6	133.0	2291259	0.822906	2248650	0.807602	54666	0.0196333	0.981404	0.976266
case_6	135.0	2141593	0.78754	2095395	0.770552	47210	0.0173608	0.978428	0.977966
case_6	6.0	2709552	0.989887	2708280	0.989423	1272	0.000464703	0.999531	0.999531
case_6	8.0	2909126	0.99359	2907858	0.993157	1268	0.000433076	0.999564	0.999564
case_6	133.0	2297583	0.822645	2255520	0.807584	54730	0.019596	0.981693	0.97631
case_6	84.0	2494390	0.882398	2479409	0.877099	27634	0.00977561	0.993994	0.988977
case_6	84.0	2497593	0.886032	2456185	0.871342	27591	0.00978802	0.983421	0.988892
case_7	49.0	2569012	0.935986	2556868	0.931562	12182	0.00443835	0.995273	0.995258
case_7	232.0	1862596	0.734388	1792349	0.706691	116003	0.0457379	0.962285	0.939213
case_7	49.0	2568510	0.935831	2556710	0.931532	11838	0.00431315	0.995406	0.995391
case_7	298.0	1696271	0.649524	1584067	0.60656	148087	0.0567044	0.933853	0.914507
case_7	299.0	1701516	0.657277	1583757	0.611788	155195	0.0599501	0.930792	0.910754
case_7	299.0	1846098	0.677401	1716116	0.629706	164400	0.0603244	0.929591	0.912577
case_7	232.0	1883747	0.736371	1819073	0.711089	119999	0.0469085	0.965667	0.938115
case_7	298.0	1700335	0.65106	1586492	0.60747	148313	0.0567892	0.933047	0.914507
case_7	17.0	2718692	0.97779	2715269	0.976558	2064	0.000742327	0.998741	0.99924
case_7	299.0	1841089	0.68456	1709304	0.635559	173193	0.0643972	0.92842	0.907998
case_7	299.0	1673897	0.642711	1550919	0.595492	150893	0.057937	0.926532	0.911334
case_7	17.0	2721561	0.978793	2717948	0.977494	2276	0.00081855	0.998672	0.999163
case_7	40.0	2322301	0.945009	2312734	0.941116	11780	0.00479361	0.99588	0.994932
case_7	298.0	1662469	0.641504	1547403	0.597103	154131	0.0594752	0.930786	0.909416
case_7	40.0	2287001	0.939011	2279051	0.935746	11372	0.00466918	0.996524	0.995035
case_7	298.0	1683778	0.644283	1569609	0.600597	160391	0.0613722	0.932195	0.907288
case_7	298.0	1846092	0.680645	1716369	0.632816	169163	0.0623695	0.929731	0.910284
case_7	299.0	1689972	0.643474	1570803	0.598099	156928	0.0597519	0.929485	0.909171
case_7	299.0	1704244	0.649346	1587444	0.604844	144668	0.055121	0.931465	0.916479
case_7	299.0	1682477	0.649477	1564238	0.603834	165520	0.0638947	0.929723	0.90431
case_7	24.0	2333380	0.957356	2331040	0.956396	5027	0.00206251	0.998997	0.997848
case_7	232.0	1886092	0.737799	1829741	0.715756	112827	0.0441355	0.970123	0.941919
case_7	299.0	1666599	0.648832	1547077	0.6023	160520	0.0624928	0.928284	0.905997
case_7	4.0	2756926	0.996167	2756465	0.996001	461	0.000166574	0.999833	0.999833
case_7	298.0	1850382	0.682206	1717861	0.633348	169315	0.0624237	0.928382	0.910281
case_7	298.0	1682270	0.643726	1569000	0.600383	160498	0.0614151	0.932668	0.9072
case_7	298.0	1660971	0.640946	1547022	0.596974	154423	0.0595897	0.931396	0.90924
case_7	50.0	2564093	0.929819	2552346	0.92556	12355	0.00448031	0.995419	0.995183
case_8	207.0	1846597	0.751347	1704416	0.693496	90090	0.036656	0.923004	0.949797
case_8	208.0	1814553	0.746671	1672964	0.688409	90089	0.0370708	0.92197	0.948902
case_8	207.0	1814567	0.748553	1673002	0.690154	91030	0.0375521	0.921984	0.948397
case_8	207.0	2006255	0.763547	1847558	0.70315	111778	0.0425409	0.920899	0.942951
case_8	207.0	1997114	0.773181	1836804	0.711117	109989	0.0425822	0.919729	0.943502
case_8	208.0	1978464	0.766722	1817447	0.704323	111477	0.0432011	0.918615	0.942208
case_8	207.0	1986836	0.765956	1821167	0.702088	108799	0.0419437	0.916617	0.943626
case_8	28.0	2446087	0.966117	2443107	0.96494	9286	0.00366764	0.998782	0.996213
case_8	28.0	2426143	0.932509	2423473	0.931483	5135	0.00197368	0.998899	0.997886
case_8	188.0	1796925	0.738895	1732270	0.712309	107377	0.0441534	0.964019	0.941632
case_8	208.0	1984344	0.763869	1820282	0.700714	111337	0.0428589	0.917322	0.942361
case_8	71.0	2344913	0.915387	2328329	0.908913	28636	0.0111787	0.992928	0.98785
case_8	6.0	2499406	0.986294	2499357	0.986275	49	1.9336e-05	0.99998	0.99998
case_8	208.0	1821706	0.750314	1679923	0.691917	90870	0.037427	0.92217	0.948684
case_8	208.0	1979059	0.761171	1816135	0.698508	111164	0.0427551	0.917676	0.942321
case_8	208.0	1811242	0.751369	1669470	0.692557	91145	0.0378103	0.921727	0.948231
case_8	28.0	2448420	0.95961	2444300	0.957995	9255	0.00362731	0.998317	0.996228
case_8	208.0	1979548	0.775323	1814446	0.710658	105534	0.0413341	0.916596	0.945034
case_8	71.0	2347430	0.909411	2329522	0.902473	28605	0.0110818	0.992371	0.98787
case_8	33.0	2451438	0.963091	2447136	0.961401	4400	0.00172862	0.998245	0.998205
case_8	33.0	2450452	0.961848	2439505	0.957551	8751	0.00343493	0.995533	0.996426
case_8	208.0	1972749	0.777942	1810098	0.713802	106234	0.0418928	0.917551	0.944564
case_8	70.0	2358588	0.915894	2346329	0.911134	23529	0.00913686	0.994802	0.990072
case_8	188.0	1831482	0.739553	1754163	0.708332	110453	0.044601	0.957783	0.940764
case_8	33.0	2443823	0.966684	2436977	0.963976	8759	0.00346473	0.997199	0.996419
case_8	208.0	1973340	0.772206	1808786	0.707813	105921	0.0414489	0.916611	0.94468
case_8	207.0	1977842	0.775817	1814386	0.711701	103651	0.0406575	0.917356	0.94596
case_8	71.0	2357207	0.914	2342974	0.908482	24875	0.00964521	0.993962	0.989495
case_9	162.0	1958935	0.756169	1881090	0.72612	84603	0.0326576	0.960262	0.95696
case_9	29.0	2342227	0.928318	2335715	0.925737	5328	0.0021117	0.99722	0.997724
case_9	163.0	1865240	0.747317	1789746	0.71707	84861	0.0339999	0.959526	0.954731
case_9	163.0	1960662	0.75832	1882791	0.728202	84853	0.0328184	0.960283	0.956876
case_9	29.0	2344963	0.927839	2338798	0.9254	4982	0.00197124	0.997371	0.997874
case_9	6.0	2610134	0.993342	2609628	0.993149	506	0.000192569	0.999806	0.999806
case_9	30.0	2347420	0.932185	2339967	0.929225	4607	0.00182949	0.996825	0.998035
case_9	10.0	2398274	0.987523	2397557	0.987227	797	0.000328176	0.999701	0.999668
case_9	30.0	2345555	0.931509	2337601	0.92835	5086	0.00201984	0.996609	0.997829
case_9	29.0	2346828	0.928513	2340865	0.926153	4627	0.00183065	0.997459	0.998027
case_9	0.0	2623379	1.0	2623379	1.0	0	0.0	1.0	1.0
case_9	29.0	2344092	0.928992	2337782	0.926492	4973	0.00197086	0.997308	0.997877
case_9	6.0	2610134	0.993342	2609628	0.993149	506	0.000192569	0.999806	0.999806
case_9	29.0	2347330	0.928278	2341717	0.926058	5136	0.00203109	0.997609	0.997812
case_9	13.0	2593849	0.989053	2593135	0.988781	714	0.000272253	0.999725	0.999725
case_9	29.0	2347330	0.928278	2341717	0.926058	5136	0.00203109	0.997609	0.997812
case_9	29.0	2342227	0.928318	2335715	0.925737	5328	0.0021117	0.99722	0.997724
case_9	8.0	2396643	0.989134	2396026	0.988879	617	0.000254646	0.999743	0.999743
case_9	163.0	1861416	0.747463	1786061	0.717204	86663	0.0348001	0.959517	0.953724
case_9	162.0	1958935	0.756169	1881090	0.72612	84603	0.0326576	0.960262	0.95696
case_9	30.0	2350330	0.931332	2343117	0.928474	4894	0.00193928	0.996931	0.997916
case_9	162.0	1957403	0.75434	1879503	0.72432	84848	0.0326986	0.960202	0.956806
case_9	29.0	2349737	0.927671	2344314	0.92553	4790	0.00189108	0.997692	0.997961
case_9	29.0	2344092	0.928992	2337782	0.926492	4973	0.00197086	0.997308	0.997877
case_9	163.0	1866350	0.749391	1790528	0.718947	85150	0.0341901	0.959374	0.954603
case_9	13.0	2592467	0.990131	2591407	0.989726	1060	0.000404842	0.999591	0.999591
case_9	10.0	2396641	0.986922	2396075	0.986689	566	0.000233075	0.999764	0.999764
case_9	13.0	2592467	0.990131	2591407	0.989726	1060	0.000404842	0.999591	0.999591
