case_10	114.0	3583415	0.852827	3505194	0.834211	60681	0.0144416	0.978171	0.982983
case_10	106.0	3569820	0.880345	3530246	0.870586	61503	0.0151671	0.988914	0.982877
case_10	1204.0	771141	0.239374	481444	0.149447	462530	0.143576	0.624327	0.510018
case_10	114.0	3470951	0.833995	3370332	0.809818	68751	0.0165194	0.971011	0.980009
case_10	113.0	3542794	0.843699	3464166	0.824975	62164	0.0148041	0.977806	0.982371
case_10	8.0	4291414	0.988327	4290496	0.988115	919	0.000211649	0.999786	0.999786
case_10	114.0	3523340	0.83985	3413924	0.813768	64083	0.0152753	0.968945	0.981575
case_10	69.0	3947464	0.91787	3919419	0.911349	21920	0.00509687	0.992895	0.994438
case_10	69.0	3969159	0.922939	3945404	0.917415	21052	0.00489517	0.994015	0.994692
case_10	70.0	3942438	0.914988	3907533	0.906887	25813	0.00599086	0.991146	0.993437
case_10	1203.0	777084	0.233579	476554	0.143245	464426	0.139599	0.613259	0.506444
case_10	12.0	4186293	0.974038	4185334	0.973815	959	0.000223134	0.999771	0.999771
case_10	1204.0	776810	0.230618	476327	0.141411	465815	0.13829	0.613183	0.505579
case_10	114.0	3540474	0.849352	3458330	0.829646	68274	0.0163788	0.976799	0.98064
case_10	113.0	3463295	0.826066	3365271	0.802686	61145	0.0145843	0.971696	0.982155
case_10	1204.0	771617	0.231376	472150	0.141578	471835	0.141484	0.611897	0.500167
case_10	114.0	3568776	0.84932	3490529	0.830698	58324	0.0138803	0.978075	0.983565
case_10	1204.0	781879	0.23213	480046	0.14252	464384	0.13787	0.613965	0.508292
case_10	113.0	3476370	0.836917	3375666	0.812673	60890	0.0146589	0.971032	0.982282
case_10	25.0	4122449	0.966079	4113918	0.96408	7343	0.0017208	0.997931	0.998218
case_10	114.0	3507828	0.836129	3400614	0.810574	61829	0.0147376	0.969436	0.982143
case_10	25.0	4111628	0.954876	4098699	0.951873	7990	0.00185558	0.996856	0.998054
case_10	69.0	3952151	0.910781	3927013	0.904988	20035	0.00461711	0.993639	0.994924
case_10	70.0	3955204	0.917975	3930346	0.912205	23507	0.00545581	0.993715	0.994055
case_10	1203.0	773106	0.229709	477261	0.141806	461228	0.137042	0.617329	0.508542
case_10	1204.0	771591	0.239023	476494	0.147608	456239	0.141334	0.617547	0.510858
case_10	69.0	3930956	0.905873	3900768	0.898916	21004	0.00484029	0.99232	0.994644
case_10	113.0	3553095	0.85403	3473520	0.834903	62612	0.0150496	0.977604	0.982294
case_11	528.0	1538559	0.557148	1258893	0.455875	352471	0.127638	0.818229	0.781259
case_11	38.0	2767634	0.949546	2761425	0.947416	8394	0.00287989	0.997757	0.996969
case_11	74.0	2655290	0.906459	2633783	0.899117	28906	0.00986788	0.9919	0.989144
case_11	18.0	2431780	0.961404	2428227	0.96	4385	0.00173361	0.998539	0.998197
case_11	528.0	1495664	0.554257	1236296	0.458141	336946	0.124864	0.826587	0.785827
case_11	528.0	1526872	0.558926	1255500	0.459588	348920	0.127726	0.822269	0.782526
case_11	28.0	2766925	0.960314	2762984	0.958946	3284	0.00113977	0.998576	0.998813
case_11	30.0	2809184	0.958573	2805099	0.957179	3920	0.00133762	0.998546	0.998604
case_11	528.0	1505834	0.556079	1226980	0.453103	344503	0.127219	0.814818	0.780778
case_11	12.0	2813344	0.98329	2810990	0.982467	2354	0.000822745	0.999163	0.999163
case_11	38.0	2781577	0.947788	2775356	0.945668	3491	0.00118952	0.997763	0.998744
case_11	528.0	1506435	0.552172	1236652	0.453285	339619	0.124485	0.820913	0.784543
case_11	38.0	2761658	0.950086	2752463	0.946922	5067	0.00174319	0.99667	0.998162
case_11	528.0	1474559	0.551307	1207924	0.451618	333912	0.124843	0.819176	0.783432
case_11	28.0	2774741	0.960378	2771246	0.959168	6616	0.00228989	0.99874	0.997618
case_11	38.0	2771769	0.954099	2766755	0.952373	2677	0.000921478	0.998191	0.999033
case_11	528.0	1515312	0.557941	1236750	0.455374	348256	0.128229	0.816169	0.780281
case_11	74.0	2641433	0.909638	2621102	0.902637	31470	0.0108374	0.992303	0.988136
case_11	74.0	2632857	0.91301	2612680	0.906013	31553	0.0109418	0.992336	0.988067
case_11	38.0	2753604	0.957092	2747671	0.95503	4549	0.00158113	0.997845	0.998347
case_11	528.0	1529591	0.560186	1239586	0.453976	358912	0.131445	0.810404	0.775469
case_11	74.0	2624935	0.912778	2602670	0.905036	28472	0.00990067	0.991518	0.989179
case_11	38.0	2759138	0.956374	2753978	0.954586	7470	0.00258926	0.99813	0.997295
case_11	74.0	2646232	0.912617	2626275	0.905735	29233	0.0100817	0.992458	0.988992
case_11	528.0	1483843	0.553135	1217314	0.45378	335301	0.124991	0.820379	0.784041
case_11	528.0	1502446	0.555901	1235213	0.457025	342238	0.126627	0.822135	0.783044
case_11	528.0	1493722	0.553801	1221844	0.453002	342833	0.127106	0.817986	0.780892
case_11	528.0	1537097	0.561801	1255588	0.458911	355338	0.129874	0.816857	0.77942
case_12	76.0	2439894	0.897972	2423583	0.891969	17113	0.00629822	0.993315	0.992988
case_12	406.0	1645330	0.606678	1510386	0.55692	243815	0.0899012	0.917984	0.861011
case_12	406.0	1657900	0.612848	1524782	0.56364	237059	0.0876296	0.919707	0.865448
case_12	112.0	2236085	0.857524	2215974	0.849811	31537	0.0120942	0.991006	0.985968
case_12	76.0	2468395	0.899797	2449903	0.893056	17659	0.00643718	0.992508	0.992844
case_12	406.0	1650544	0.606826	1525417	0.560823	226901	0.0834207	0.92419	0.870514
case_12	76.0	2474961	0.909519	2454664	0.90206	13738	0.00504855	0.991799	0.994434
case_12	70.0	2506481	0.927504	2496197	0.923698	13455	0.00497892	0.995897	0.994639
case_12	12.0	2711072	0.987923	2709659	0.987408	1583	0.00057685	0.999479	0.999416
case_12	22.0	2662392	0.973133	2656217	0.970876	2821	0.00103111	0.997681	0.998939
case_12	22.0	2687345	0.973844	2685353	0.973122	1708	0.000618947	0.999259	0.999364
case_12	406.0	1655795	0.63174	1517886	0.579124	233914	0.0892459	0.916711	0.866472
case_12	22.0	2692397	0.974778	2687469	0.972993	2353	0.000851899	0.99817	0.999125
case_12	6.0	2704160	0.982899	2703616	0.982701	544	0.000197731	0.999799	0.999799
case_12	406.0	1660367	0.604622	1539039	0.56044	230400	0.0839	0.926927	0.869789
case_12	406.0	1664490	0.640689	1510651	0.581474	245651	0.0945551	0.907576	0.860132
case_12	76.0	2463085	0.903741	2447234	0.897926	15606	0.00572607	0.993565	0.993663
case_12	406.0	1658924	0.607483	1536882	0.562792	228045	0.083508	0.926433	0.870791
case_12	406.0	1655403	0.606758	1536632	0.563224	227204	0.0832775	0.928253	0.871188
case_12	406.0	1660896	0.6294	1521650	0.576633	237340	0.0899405	0.916162	0.86507
case_12	76.0	2475859	0.904758	2454747	0.897043	14369	0.00525089	0.991473	0.994181
case_12	406.0	1645185	0.631607	1493448	0.573353	249686	0.0958575	0.907769	0.85676
case_12	406.0	1649437	0.631318	1509365	0.577705	235403	0.0900999	0.915079	0.865081
case_12	76.0	2472557	0.909484	2455505	0.903212	13042	0.00479726	0.993103	0.994717
case_12	22.0	2657340	0.972188	2654101	0.971003	2176	0.00079609	0.998781	0.999181
case_12	76.0	2445360	0.90224	2426745	0.895371	12670	0.00467472	0.992388	0.994806
case_12	406.0	1655702	0.631094	1519813	0.579298	231901	0.0883922	0.917927	0.867615
case_12	76.0	2465238	0.903689	2446913	0.896972	17191	0.00630175	0.992567	0.993023
case_13	117.0	1863808	0.775072	1805031	0.750629	37843	0.0157372	0.968464	0.979465
case_13	117.0	2291377	0.870566	2242431	0.85197	50899	0.0193381	0.978639	0.977806
case_13	117.0	1899283	0.776516	1858173	0.759708	38306	0.0156613	0.978355	0.979802
case_13	117.0	2276275	0.868235	2227240	0.849531	51050	0.0194719	0.978458	0.977593
case_13	108.0	1937339	0.797719	1902503	0.783375	31468	0.0129573	0.982019	0.983729
case_13	117.0	2280191	0.860869	2224181	0.839723	52344	0.0197621	0.975436	0.977007
case_13	108.0	1956580	0.795525	1935619	0.787002	31544	0.0128255	0.989287	0.983965
case_13	122.0	1877369	0.768566	1835855	0.75157	39757	0.0162759	0.977887	0.978803
case_13	117.0	2292735	0.870801	2244167	0.852354	51370	0.0195108	0.978817	0.977622
case_13	117.0	1885695	0.780546	1826962	0.756235	39625	0.016402	0.968853	0.978771
case_13	108.0	1943362	0.781577	1916576	0.770804	37288	0.0149964	0.986217	0.980916
case_13	8.0	2565415	0.983615	2564776	0.98337	2296	0.000880318	0.999751	0.999106
case_13	122.0	1864984	0.773273	1808092	0.749684	37630	0.0156024	0.969495	0.979612
case_13	12.0	2180278	0.972276	2179377	0.971874	900	0.000401347	0.999587	0.999587
case_13	40.0	2524737	0.94467	2518797	0.942447	13302	0.00497715	0.997647	0.994747
case_13	122.0	2253937	0.848678	2217140	0.834823	45655	0.0171905	0.983674	0.979824
case_13	123.0	2220496	0.849053	2165606	0.828064	52135	0.0199349	0.97528	0.976492
case_13	117.0	2294380	0.862587	2238613	0.841621	54466	0.0204768	0.975694	0.976248
case_13	117.0	1899596	0.776374	1858864	0.759727	39821	0.016275	0.978558	0.979027
case_13	117.0	2293022	0.862352	2236877	0.841237	53995	0.0203062	0.975515	0.97643
case_13	108.0	1922116	0.782755	1884172	0.767303	36870	0.0150148	0.980259	0.980807
case_13	117.0	1877709	0.77095	1836933	0.754208	38039	0.0156181	0.978284	0.979712
case_13	117.0	1885382	0.780691	1826271	0.756214	38110	0.0157804	0.968648	0.979559
case_13	122.0	2253997	0.857411	2213644	0.84206	50281	0.0191267	0.982097	0.97779
case_13	123.0	2211945	0.849136	2157909	0.828392	50688	0.0194584	0.975571	0.97705
case_13	123.0	2223212	0.849815	2168146	0.828767	52312	0.0199961	0.975231	0.976441
case_13	8.0	2566774	0.983816	2566136	0.983572	2295	0.000879648	0.999751	0.999106
case_13	2.0	2617453	0.999286	2617452	0.999285	1	3.81778e-07	1.0	1.0
case_14	41.0	2317931	0.942789	2309043	0.939174	10989	0.00446964	0.996166	0.995263
case_14	217.0	1942728	0.768451	1839024	0.727431	139589	0.0552148	0.946619	0.929451
case_14	216.0	1960723	0.774096	1857624	0.733392	141447	0.0558435	0.947418	0.929244
case_14	16.0	2431623	0.982767	2430236	0.982207	1387	0.000560571	0.99943	0.99943
case_14	216.0	1962571	0.774311	1857263	0.732763	135453	0.0534415	0.946342	0.932026
case_14	217.0	1942710	0.770925	1865764	0.74039	132367	0.0525271	0.960392	0.933755
case_14	217.0	1944363	0.771033	1869187	0.741222	133861	0.0530823	0.961336	0.933171
case_14	216.0	1982607	0.781894	1901086	0.749744	129491	0.0510682	0.958882	0.936229
case_14	216.0	1971822	0.780466	1890908	0.748439	128738	0.0509557	0.958965	0.936257
case_14	40.0	2332968	0.943536	2316373	0.936824	9658	0.00390604	0.992887	0.995848
case_14	22.0	2530529	0.977173	2527125	0.975858	6221	0.00240226	0.998655	0.997544
case_14	128.0	2288107	0.880794	2257917	0.869173	46016	0.0177136	0.986806	0.980027
case_14	217.0	1944860	0.771207	1864751	0.73944	134740	0.0534292	0.95881	0.932613
case_14	35.0	2310364	0.940354	2303904	0.937725	10934	0.00445031	0.997204	0.995277
case_14	217.0	1942065	0.767623	1835190	0.725379	141808	0.0560512	0.944968	0.928271
case_14	41.0	2325483	0.942343	2315100	0.938136	10932	0.00442992	0.995535	0.9953
case_14	216.0	1969838	0.7802	1892036	0.749385	134754	0.0533724	0.960503	0.933514
case_14	216.0	1975077	0.776434	1868127	0.73439	133478	0.0524723	0.94585	0.933315
case_14	217.0	1946513	0.771314	1868174	0.740272	136234	0.0539833	0.959754	0.932033
case_14	35.0	2309583	0.939323	2303935	0.937026	10562	0.00429564	0.997555	0.995437
case_14	41.0	2315192	0.940961	2307035	0.937645	10617	0.00431505	0.996477	0.995419
case_14	40.0	2327040	0.944645	2309775	0.937636	10058	0.00408297	0.992581	0.995664
case_14	216.0	1986669	0.782943	1905758	0.751056	130872	0.0515765	0.959273	0.935741
case_14	128.0	2281900	0.879011	2251020	0.867115	46471	0.0179011	0.986467	0.979773
case_14	216.0	1973660	0.781159	1897800	0.751135	136243	0.0539239	0.961564	0.933019
case_14	216.0	1975391	0.781324	1896156	0.749985	129871	0.0513677	0.959889	0.935899
case_14	41.0	2322744	0.940522	2313092	0.936613	10560	0.00427594	0.995845	0.995455
case_14	6.0	2435014	0.992279	2434088	0.991901	1366	0.000556651	0.99962	0.999439
case_15	151.0	2159097	0.836195	2093259	0.810696	66276	0.025668	0.969507	0.96931
case_15	20.0	2636882	0.97111	2634368	0.970184	2675	0.000985148	0.999047	0.998986
case_15	74.0	2370491	0.884113	2347618	0.875582	32479	0.0121136	0.990351	0.986354
case_15	77.0	2318835	0.903583	2303749	0.897705	24822	0.00967242	0.993494	0.98934
case_15	74.0	2359684	0.884567	2340789	0.877484	30891	0.01158	0.991993	0.986975
case_15	70.0	2391710	0.925942	2376988	0.920243	22679	0.0087801	0.993845	0.990549
case_15	151.0	2214125	0.830287	2140746	0.802771	66184	0.0248187	0.966859	0.970011
case_15	151.0	2166121	0.838025	2098352	0.811807	70480	0.0272672	0.968714	0.967503
case_15	151.0	2174200	0.825906	2104409	0.799394	62902	0.0238944	0.9679	0.970977
case_15	77.0	2332602	0.907978	2305643	0.897484	30023	0.0116866	0.988443	0.987146
case_15	20.0	2641161	0.973356	2638499	0.972375	2537	0.000934969	0.998992	0.999039
case_15	74.0	2374577	0.886255	2348945	0.876688	30945	0.0115495	0.989206	0.986997
case_15	151.0	2169471	0.835812	2103908	0.810554	64858	0.0249873	0.969779	0.970095
case_15	151.0	2205623	0.82795	2127127	0.798484	65306	0.0245147	0.964411	0.970213
case_15	151.0	2175401	0.837213	2109019	0.811665	68801	0.0264784	0.969485	0.968408
case_15	6.0	2732194	0.993699	2731710	0.993523	484	0.000176031	0.999823	0.999823
case_15	151.0	2201955	0.825994	2126894	0.797837	63852	0.0239521	0.965912	0.970854
case_15	152.0	2117637	0.820265	2053483	0.795415	68771	0.0266384	0.969705	0.967595
case_15	152.0	2109042	0.82126	2043460	0.795722	68358	0.0266186	0.968904	0.967631
case_15	18.0	2533140	0.975247	2529704	0.973924	3871	0.00149032	0.998644	0.998472
case_15	151.0	2208994	0.827783	2140007	0.801932	65172	0.0244221	0.96877	0.970446
case_15	74.0	2363766	0.886718	2342112	0.878595	29357	0.0110127	0.990839	0.987621
case_15	152.0	2097325	0.801801	2027645	0.775162	65925	0.0252029	0.966777	0.968511
case_15	151.0	2162722	0.822402	2085902	0.79319	60148	0.022872	0.96448	0.971973
case_15	74.0	2315097	0.875224	2290849	0.866058	26569	0.0100444	0.989526	0.988535
case_15	74.0	2305753	0.876194	2285390	0.868456	25163	0.00956203	0.991169	0.98911
case_15	152.0	2134778	0.805021	2067106	0.779502	68713	0.0259115	0.9683	0.967828
case_15	152.0	2139309	0.807298	2067419	0.780169	70008	0.0264185	0.966396	0.967247
case_16	121.0	2244766	0.871785	2187680	0.849615	43802	0.0170111	0.974569	0.980371
case_16	121.0	2122224	0.850209	2088321	0.836627	30462	0.0122037	0.984025	0.985623
case_16	299.0	1831240	0.664896	1577932	0.572924	187137	0.0679467	0.861674	0.893978
case_16	121.0	2232690	0.874329	2188812	0.857146	36681	0.0143644	0.980347	0.983518
case_16	78.0	2148209	0.872207	2132718	0.865917	25875	0.0105057	0.992789	0.988013
case_16	121.0	2139880	0.843829	2092617	0.825192	34727	0.0136941	0.977913	0.983676
case_16	299.0	1849366	0.661913	1591037	0.569454	211904	0.0758433	0.860315	0.882468
case_16	299.0	1839070	0.662614	1580059	0.569293	190635	0.0686855	0.859162	0.892339
case_16	48.0	2453098	0.937521	2445254	0.934523	7587	0.00289959	0.996802	0.996907
case_16	22.0	2358104	0.945419	2355661	0.94444	2445	0.000980258	0.998964	0.998963
case_16	121.0	2155949	0.854748	2110593	0.836766	40106	0.0159004	0.978962	0.981352
case_16	298.0	1753955	0.644596	1495744	0.549701	184057	0.0676428	0.852784	0.890429
case_16	121.0	2166881	0.845738	2112442	0.82449	48284	0.0188453	0.974877	0.977654
case_16	90.0	2336079	0.906587	2314585	0.898246	33683	0.0130717	0.990799	0.985656
case_16	299.0	1833373	0.663611	1575436	0.570247	198181	0.0717339	0.85931	0.888262
case_16	121.0	2236790	0.873012	2179392	0.850609	41971	0.0163811	0.974339	0.981106
case_16	298.0	1814655	0.659324	1561004	0.567164	186971	0.0679327	0.860221	0.893036
case_16	121.0	2244174	0.86534	2195741	0.846665	41546	0.0160199	0.978418	0.98143
case_16	121.0	2130765	0.850718	2079248	0.830149	34524	0.0137839	0.975822	0.983667
case_16	90.0	2334414	0.899485	2313764	0.891528	33683	0.0129786	0.991154	0.985651
case_16	121.0	2136820	0.848813	2084429	0.828002	36353	0.0144406	0.975482	0.982859
case_16	298.0	1724684	0.640002	1483191	0.550388	176615	0.0655389	0.859978	0.893593
case_16	90.0	2325967	0.907152	2302130	0.897856	33203	0.0129495	0.989752	0.985782
case_16	121.0	2159444	0.853241	2100299	0.829872	47528	0.0187793	0.972611	0.977872
case_16	78.0	2269605	0.900478	2254733	0.894578	30736	0.0121947	0.993447	0.986552
case_16	48.0	2446603	0.939618	2442516	0.938048	9639	0.00370186	0.99833	0.996069
case_16	121.0	2165686	0.851418	2107317	0.82847	47857	0.0188145	0.973048	0.977794
case_16	12.0	2540498	0.982658	2539381	0.982226	1117	0.000432053	0.99956	0.99956
case_17	263.0	1734822	0.70932	1638952	0.670122	133717	0.0546731	0.944738	0.924567
case_17	263.0	1744821	0.708941	1651779	0.671137	141306	0.0574143	0.946675	0.921194
case_17	263.0	1729770	0.706629	1638293	0.669259	142623	0.0582629	0.947116	0.919916
case_17	263.0	1751479	0.712263	1656268	0.673544	141025	0.0573498	0.94564	0.921535
case_17	262.0	1724077	0.706697	1638497	0.671618	118977	0.0487685	0.950362	0.932302
case_17	56.0	2365558	0.934263	2356824	0.930814	8893	0.00351224	0.996308	0.996241
case_17	262.0	1734527	0.707131	1640463	0.668783	127726	0.0520712	0.94577	0.927765
case_17	263.0	1734741	0.712569	1641986	0.674469	129478	0.0531849	0.946531	0.926909
case_17	262.0	1727302	0.703574	1637267	0.6669	128036	0.0521523	0.947875	0.927471
case_17	262.0	1726373	0.707828	1639253	0.672108	119856	0.049142	0.949536	0.931866
case_17	263.0	1733015	0.711669	1639782	0.673382	127067	0.0521805	0.946202	0.928083
case_17	56.0	2374902	0.938987	2366456	0.935648	8284	0.00327532	0.996444	0.996512
case_17	263.0	1742055	0.710882	1649063	0.672934	133975	0.0546713	0.946619	0.924861
case_17	263.0	1730270	0.70991	1638735	0.672354	136642	0.0560626	0.947098	0.923035
case_17	263.0	1735184	0.709658	1640217	0.670819	136876	0.0559798	0.94527	0.922978
case_17	8.0	2515649	0.988357	2515325	0.98823	324	0.000127294	0.999871	0.999871
case_17	157.0	1972015	0.832499	1943362	0.820403	84108	0.0355067	0.98547	0.958516
case_17	262.0	1719068	0.704018	1630987	0.667946	127765	0.0523242	0.948762	0.927355
case_17	32.0	2281589	0.965015	2278791	0.963831	3558	0.00150488	0.998774	0.998441
case_17	157.0	1972874	0.836609	1946427	0.825394	75175	0.0318784	0.986595	0.962814
case_17	56.0	2349575	0.933074	2341700	0.929946	14128	0.00561057	0.996648	0.994003
case_17	56.0	2371494	0.93685	2362843	0.933433	8177	0.00323029	0.996352	0.996551
case_17	56.0	2346588	0.931645	2334537	0.926861	15219	0.00604226	0.994864	0.993523
case_17	44.0	2390215	0.943989	2385079	0.94196	11023	0.00435341	0.997851	0.9954
case_17	56.0	2368966	0.936398	2360437	0.933026	9000	0.00355749	0.9964	0.996202
case_17	263.0	1747002	0.713521	1651839	0.674654	133669	0.0545939	0.945528	0.925137
case_17	44.0	2391006	0.943507	2384799	0.941057	11421	0.0045068	0.997404	0.995234
case_17	18.0	2463482	0.979151	2462379	0.978713	2461	0.000978165	0.999552	0.999002
case_18	170.0	2045062	0.771126	1926886	0.726566	102775	0.0387531	0.942214	0.949363
case_18	18.0	2413769	0.976614	2411741	0.975793	2028	0.000820531	0.99916	0.99916
case_18	179.0	2024675	0.790396	1852443	0.72316	103218	0.0402944	0.914934	0.947221
case_18	20.0	2410682	0.980788	2408629	0.979952	2054	0.000835671	0.999148	0.999148
case_18	170.0	2176632	0.790594	2054882	0.746372	108998	0.0395901	0.944065	0.949628
case_18	42.0	2352368	0.914363	2347800	0.912587	4849	0.0018848	0.998058	0.997939
case_18	170.0	2046154	0.76857	1929780	0.724858	103631	0.0389255	0.943125	0.949036
case_18	170.0	2046836	0.768924	1930508	0.725224	103585	0.0389132	0.943167	0.949076
case_18	179.0	2023759	0.786996	1855352	0.721506	104411	0.0406032	0.916785	0.946723
case_18	179.0	2169271	0.788163	2031704	0.73818	127137	0.0461928	0.936584	0.941109
case_18	10.0	2427546	0.987571	2426766	0.987254	780	0.000317319	0.999679	0.999679
case_18	42.0	2349550	0.916918	2342487	0.914161	4689	0.00182989	0.996994	0.998002
case_18	179.0	2150860	0.80777	1978894	0.743187	106381	0.0399521	0.920048	0.948985
case_18	18.0	2413092	0.976474	2411068	0.975655	2024	0.000819025	0.999161	0.999161
case_18	42.0	2351691	0.91422	2347127	0.912446	4845	0.00188349	0.998059	0.99794
case_18	179.0	2016537	0.788213	1845713	0.721442	101239	0.0395717	0.915288	0.948001
case_18	20.0	2402694	0.978824	2400423	0.977899	2272	0.000925581	0.999055	0.999054
case_18	179.0	2019638	0.789485	1847982	0.722384	103195	0.0403394	0.915007	0.947111
case_18	2.0	2479095	0.999042	2479049	0.999023	46	1.85374e-05	0.999981	0.999981
case_18	170.0	2041124	0.770636	1922798	0.725962	101206	0.0382108	0.942029	0.949997
case_18	20.0	2408714	0.976054	2406195	0.975034	2110	0.00085501	0.998954	0.999124
case_18	18.0	2407139	0.975206	2404893	0.974296	2246	0.000909923	0.999067	0.999067
case_18	179.0	2023089	0.786632	1854625	0.721128	104457	0.0406157	0.916729	0.946681
case_18	20.0	2408982	0.976029	2406868	0.975172	2114	0.000856513	0.999122	0.999122
case_18	42.0	2342240	0.915219	2334597	0.912232	4998	0.00195294	0.996737	0.997864
case_18	42.0	2345909	0.916722	2340336	0.914544	4690	0.00183273	0.997624	0.998
case_18	18.0	2406462	0.975065	2404220	0.974157	2242	0.000908428	0.999068	0.999068
case_18	170.0	2036791	0.768944	1918943	0.724453	102797	0.0388087	0.94214	0.949154
case_19	434.0	1525541	0.515544	1297628	0.438522	184164	0.0622367	0.850602	0.875715
case_19	434.0	1510078	0.517503	1339393	0.459009	192629	0.0660138	0.886969	0.874265
case_19	20.0	2563427	0.972131	2556203	0.969391	2267	0.000859716	0.997182	0.999114
case_19	20.0	2583015	0.976629	2578122	0.974779	1602	0.000605711	0.998106	0.999379
case_19	434.0	1505128	0.514999	1336035	0.457142	189723	0.0649162	0.887655	0.875653
case_19	2.0	2610025	0.998115	2609968	0.998094	57	2.17977e-05	0.999978	0.999978
case_19	434.0	1521795	0.515518	1298557	0.439895	185614	0.0628779	0.853306	0.874938
case_19	434.0	1525905	0.516465	1301230	0.44042	186863	0.0632465	0.85276	0.874428
case_19	434.0	1520865	0.518754	1351037	0.460827	189977	0.0647996	0.888335	0.876719
case_19	434.0	1512939	0.516083	1341637	0.457649	193901	0.0661421	0.886775	0.873724
case_19	20.0	2571686	0.978308	2569896	0.977627	2425	0.000922507	0.999304	0.999057
case_19	20.0	2557003	0.974712	2551751	0.97271	1914	0.000729604	0.997946	0.99925
case_19	434.0	1536597	0.517674	1309311	0.441102	185061	0.0623463	0.852085	0.876161
case_19	10.0	2604217	0.988075	2603886	0.98795	330	0.000125206	0.999873	0.999873
case_19	20.0	2558261	0.976612	2551753	0.974128	2372	0.000905507	0.997456	0.999071
case_19	434.0	1507779	0.517166	1337727	0.458839	191048	0.0655292	0.887217	0.875032
case_19	20.0	2571806	0.977474	2570969	0.977156	836	0.000317741	0.999675	0.999675
case_19	176.0	2563876	0.787666	2468113	0.758246	127211	0.0390814	0.962649	0.950985
case_19	16.0	2578923	0.97794	2577760	0.977499	1981	0.000751205	0.999549	0.999232
case_19	20.0	2575763	0.978911	2573898	0.978202	1144	0.000434774	0.999276	0.999556
case_19	434.0	1529813	0.515419	1300066	0.438014	190344	0.0641301	0.84982	0.872287
case_19	20.0	2566201	0.976289	2565231	0.97592	2115	0.000804633	0.999622	0.999176
case_19	20.0	2552926	0.974103	2547749	0.972128	3195	0.0012191	0.997972	0.998748
case_19	20.0	2567682	0.974147	2559205	0.970931	1847	0.000700729	0.996699	0.999279
case_19	20.0	2548976	0.969961	2536963	0.96539	2513	0.000956271	0.995287	0.99901
case_19	434.0	1507834	0.515701	1340114	0.458338	189383	0.0647717	0.888768	0.87618
case_19	20.0	2563866	0.977802	2557491	0.97537	1093	0.000416846	0.997514	0.999573
case_19	434.0	1520004	0.513452	1300551	0.439322	183570	0.0620093	0.855623	0.876311
case_1	664.0	1246863	0.495955	989524	0.393595	358567	0.142624	0.793611	0.734019
case_1	117.0	2050326	0.880152	2034752	0.873467	25340	0.0108778	0.992404	0.9877
case_1	117.0	2051781	0.878086	2033443	0.870238	25278	0.010818	0.991062	0.987722
case_1	663.0	1231186	0.496902	958804	0.38697	343588	0.138671	0.778765	0.736187
case_1	117.0	2045601	0.881808	2003461	0.863643	23843	0.0102781	0.9794	0.988239
case_1	663.0	1240086	0.497109	986341	0.395391	346168	0.138767	0.795381	0.740213
case_1	664.0	1196660	0.476494	943071	0.375518	359690	0.143224	0.788086	0.723902
case_1	664.0	1237427	0.493603	981959	0.391698	351288	0.140127	0.793549	0.736517
case_1	514.0	1568533	0.578935	1396976	0.515614	352987	0.130285	0.890626	0.798289
case_1	117.0	2044153	0.883904	2004897	0.866929	23236	0.0100474	0.980796	0.988543
case_1	663.0	1191608	0.473789	915390	0.363964	362731	0.144224	0.768197	0.7162
case_1	663.0	1263814	0.500031	994053	0.3933	356852	0.141189	0.78655	0.735842
case_1	664.0	1233351	0.493835	972153	0.389251	351501	0.140741	0.788221	0.734446
case_1	664.0	1242671	0.496149	979718	0.391162	358780	0.143247	0.788397	0.731953
case_1	14.0	2281283	0.984964	2280426	0.984594	857	0.000370017	0.999624	0.999624
case_1	514.0	1553644	0.580483	1385030	0.517484	329987	0.123292	0.891472	0.80759
case_1	20.0	2265536	0.971006	2264370	0.970506	2184	0.00093606	0.999485	0.999036
case_1	664.0	1198985	0.476067	946237	0.375711	366687	0.145596	0.789198	0.72071
case_1	118.0	2299737	0.863726	2287693	0.859202	25478	0.00956892	0.994763	0.988986
case_1	663.0	1199032	0.473565	935796	0.369598	370705	0.146412	0.78046	0.716261
case_1	118.0	2300252	0.86087	2288195	0.856357	25491	0.00954001	0.994758	0.988983
case_1	664.0	1212334	0.49002	974225	0.393777	339723	0.137314	0.803595	0.741449
case_1	664.0	1217449	0.490671	975308	0.393081	347643	0.140111	0.801108	0.737222
case_1	663.0	1259014	0.499998	983819	0.390709	356414	0.141544	0.78142	0.734066
case_1	663.0	1249838	0.499702	955903	0.382183	356290	0.14245	0.764822	0.728477
case_1	514.0	1565452	0.579816	1390195	0.514904	349401	0.129412	0.888047	0.799148
case_1	663.0	1254639	0.499737	966137	0.384823	356372	0.141947	0.770052	0.730533
case_1	2.0	2683644	0.995619	2683487	0.995561	157	5.82463e-05	0.999941	0.999941
case_20	57.0	2633831	0.935204	2620040	0.930307	12249	0.0043493	0.994764	0.995347
case_20	25.0	2715468	0.969562	2712813	0.968614	5805	0.00207268	0.999022	0.997865
case_20	31.0	2671454	0.951761	2667286	0.950276	2109	0.000751375	0.99844	0.99921
case_20	538.0	1426111	0.542794	1173817	0.446768	337796	0.128569	0.82309	0.776533
case_20	538.0	1392024	0.535062	1152374	0.442946	326667	0.125563	0.827841	0.779136
case_20	56.0	2640715	0.935227	2629354	0.931203	11835	0.00419144	0.995698	0.995519
case_20	56.0	2644381	0.939358	2632557	0.935158	12721	0.00451886	0.995529	0.995191
case_20	538.0	1392024	0.535062	1152374	0.442946	326667	0.125563	0.827841	0.779136
case_20	0.0	2816525	1.0	2816525	1.0	0	0.0	1.0	1.0
case_20	32.0	2310438	0.960539	2306231	0.95879	3648	0.00151662	0.998179	0.998421
case_20	538.0	1404821	0.540475	1161478	0.446854	332581	0.127953	0.82678	0.777398
case_20	24.0	2730234	0.972302	2727057	0.971171	5387	0.00191844	0.998836	0.998029
case_20	538.0	1398980	0.533907	1157958	0.441924	331260	0.126422	0.827716	0.777561
case_20	538.0	1398980	0.533907	1157958	0.441924	331260	0.126422	0.827716	0.777561
case_20	539.0	1398433	0.535188	1158485	0.443359	331592	0.126902	0.828417	0.777467
case_20	538.0	1415357	0.542553	1166698	0.447234	334661	0.128287	0.824314	0.777095
case_20	9.0	2776806	0.988457	2776096	0.988204	710	0.000252738	0.999744	0.999744
case_20	24.0	2730234	0.972302	2727057	0.971171	5387	0.00191844	0.998836	0.998029
case_20	30.0	2683789	0.953678	2679057	0.951996	1642	0.000583481	0.998237	0.999387
case_20	539.0	1391147	0.536228	1152901	0.444394	326999	0.126044	0.828741	0.77904
case_20	538.0	1411806	0.539292	1167768	0.446072	336850	0.128672	0.827145	0.776123
case_20	538.0	1393090	0.533393	1149609	0.440168	331166	0.126798	0.825222	0.776356
case_20	56.0	2659914	0.942821	2653165	0.940428	12391	0.00439206	0.997463	0.995351
case_20	30.0	2683789	0.953678	2679057	0.951996	1642	0.000583481	0.998237	0.999387
case_20	538.0	1383839	0.533663	1144220	0.441256	327341	0.126236	0.826845	0.777555
case_20	56.0	2640715	0.935227	2629354	0.931203	11835	0.00419144	0.995698	0.995519
case_20	9.0	2776806	0.988457	2776096	0.988204	710	0.000252738	0.999744	0.999744
case_20	30.0	2684140	0.956698	2679822	0.955159	3386	0.00120686	0.998391	0.998738
case_21	288.0	1837594	0.698861	1647818	0.626687	181882	0.0691721	0.896726	0.900595
case_21	2.0	2598781	0.997267	2598607	0.9972	174	6.67715e-05	0.999933	0.999933
case_21	18.0	2476416	0.975637	2474877	0.975031	5014	0.00197537	0.999379	0.997978
case_21	115.0	2238347	0.868774	2199663	0.85376	45484	0.0176538	0.982718	0.979741
case_21	288.0	1852195	0.699559	1682515	0.635472	190643	0.0720043	0.90839	0.898224
case_21	288.0	1839912	0.700187	1667425	0.634547	188652	0.0717924	0.906253	0.89836
case_21	115.0	2245382	0.867046	2208421	0.852774	46847	0.0180898	0.983539	0.979228
case_21	115.0	2256999	0.869853	2216919	0.854406	49306	0.0190027	0.982242	0.978243
case_21	287.0	1804992	0.695711	1615444	0.622652	181988	0.070145	0.894987	0.898751
case_21	115.0	2225590	0.866758	2188829	0.852442	42617	0.0165972	0.983483	0.980902
case_21	26.0	2561597	0.975397	2559627	0.974647	2983	0.00113586	0.999231	0.998836
case_21	58.0	2444287	0.937241	2428052	0.931016	14812	0.00567953	0.993358	0.993937
case_21	288.0	1856436	0.700307	1686438	0.636178	190919	0.0720207	0.908428	0.898304
case_21	287.0	1800751	0.694942	1611522	0.621915	181711	0.0701255	0.894917	0.898668
case_21	287.0	1812883	0.697409	1623923	0.624717	187969	0.072311	0.895768	0.896258
case_21	288.0	1841835	0.699615	1651741	0.627408	182158	0.0691921	0.896791	0.900672
case_21	58.0	2459848	0.937388	2448453	0.933046	15433	0.00588114	0.995368	0.993736
case_21	115.0	2225364	0.865414	2189798	0.851583	42658	0.0165891	0.984018	0.980892
case_21	288.0	1842584	0.700891	1652071	0.628423	182130	0.0692795	0.896606	0.900703
case_21	288.0	1844153	0.70094	1671348	0.635259	188928	0.0718092	0.906296	0.898441
case_21	288.0	1838343	0.700138	1648148	0.627702	181854	0.0692596	0.89654	0.900626
case_21	115.0	2237677	0.869773	2198694	0.85462	45443	0.0176634	0.982579	0.97975
case_21	115.0	2215153	0.862003	2179575	0.848158	47593	0.0185203	0.983939	0.978631
case_21	287.0	1808642	0.696643	1620001	0.623984	187692	0.0722942	0.8957	0.89617
case_21	58.0	2461874	0.936829	2450467	0.932489	15445	0.00587736	0.995367	0.993737
case_21	58.0	2440898	0.937281	2426038	0.931575	14800	0.00568306	0.993912	0.993937
case_21	115.0	2228712	0.865596	2189943	0.850539	49644	0.0192809	0.982605	0.977833
case_21	4.0	2646480	0.997759	2646433	0.997741	47	1.77196e-05	0.999982	0.999982
case_22	84.0	2386712	0.878329	2332633	0.858427	29434	0.0108319	0.977342	0.987539
case_22	0.0	2794729	1.0	2794729	1.0	0	0.0	1.0	1.0
case_22	85.0	2218583	0.845128	2190789	0.83454	21672	0.00825555	0.987472	0.990205
case_22	85.0	2221980	0.845739	2194676	0.835346	21655	0.00824241	0.987712	0.990229
case_22	84.0	2386712	0.878329	2332633	0.858427	29434	0.0108319	0.977342	0.987539
case_22	14.0	2608864	0.984767	2607234	0.984152	1630	0.000615275	0.999375	0.999375
case_22	85.0	2228000	0.877758	2194534	0.864574	22434	0.00883825	0.984979	0.989881
case_22	35.0	2386112	0.933157	2376807	0.929518	10369	0.00405509	0.9961	0.995656
case_22	35.0	2388150	0.93318	2378810	0.929531	10404	0.00406541	0.996089	0.995645
case_22	52.0	2460712	0.909439	2434114	0.899608	15018	0.0055504	0.989191	0.993868
case_22	35.0	2377988	0.932592	2369429	0.929235	9817	0.00385	0.996401	0.995874
case_22	85.0	2223690	0.876793	2189177	0.863184	22266	0.0087794	0.984479	0.989931
case_22	52.0	2482254	0.924796	2477621	0.92307	16220	0.00604297	0.998134	0.993496
case_22	85.0	2221980	0.845739	2194676	0.835346	21655	0.00824241	0.987712	0.990229
case_22	85.0	2247849	0.863394	2214400	0.850546	25667	0.00985863	0.98512	0.988542
case_22	35.0	2375950	0.932568	2367426	0.929223	9782	0.00383947	0.996412	0.995885
case_22	84.0	2400666	0.880456	2347840	0.861082	35329	0.0129571	0.977995	0.985176
case_22	52.0	2503249	0.902693	2476420	0.893019	16564	0.00597312	0.989282	0.993356
case_22	84.0	2401292	0.910396	2343611	0.888527	35258	0.0133673	0.975979	0.985179
case_22	85.0	2252909	0.864633	2219967	0.85199	25835	0.00991509	0.985378	0.988496
case_22	2.0	2451818	0.997615	2451227	0.997374	591	0.000240471	0.999759	0.999759
case_22	52.0	2503249	0.902693	2476420	0.893019	16564	0.00597312	0.989282	0.993356
case_22	84.0	2411237	0.894477	2353580	0.873089	31490	0.0116816	0.976088	0.986797
case_22	84.0	2389771	0.909228	2330330	0.886612	29350	0.0111667	0.975127	0.987562
case_22	52.0	2460712	0.909439	2434114	0.899608	15018	0.0055504	0.989191	0.993868
case_22	85.0	2218583	0.845128	2190789	0.83454	21672	0.00825555	0.987472	0.990205
case_22	84.0	2420594	0.894867	2367110	0.875095	37235	0.0137654	0.977905	0.984513
case_22	84.0	2400666	0.880456	2347840	0.861082	35329	0.0129571	0.977995	0.985176
case_23	150.0	2187776	0.847237	2069790	0.801545	61005	0.0236248	0.94607	0.97137
case_23	65.0	2358571	0.919237	2340422	0.912163	17574	0.00684934	0.992305	0.992547
case_23	65.0	2394432	0.929526	2376283	0.92248	10755	0.00417512	0.99242	0.995494
case_23	37.0	2219208	0.906577	2213666	0.904313	7579	0.00309613	0.997503	0.996588
case_23	65.0	2170486	0.887266	2150550	0.879116	9279	0.00379313	0.990815	0.995704
case_23	20.0	2292528	0.932271	2291631	0.931907	897	0.000364771	0.999609	0.999609
case_23	31.0	2452413	0.95642	2448563	0.954919	4745	0.00185051	0.99843	0.998066
case_23	150.0	1993710	0.809019	1885642	0.765167	51120	0.0207438	0.945796	0.973605
case_23	64.0	2171779	0.887431	2151565	0.879171	10108	0.00413032	0.990692	0.995324
case_23	64.0	2402574	0.932324	2383401	0.924884	11150	0.00432678	0.99202	0.995344
case_23	151.0	2174755	0.842521	2058644	0.797539	61267	0.0237354	0.94661	0.971099
case_23	24.0	2500498	0.970417	2498687	0.969714	3821	0.00148289	0.999276	0.998473
case_23	66.0	2384022	0.924627	2366551	0.917851	17502	0.00678804	0.992672	0.992659
case_23	0.0	2565161	1.0	2565161	1.0	0	0.0	1.0	1.0
case_23	151.0	2218388	0.854931	2098150	0.808593	59998	0.0231223	0.945799	0.972199
case_23	66.0	2352869	0.917373	2335122	0.910453	16782	0.00654322	0.992457	0.992865
case_23	64.0	2402574	0.932324	2383401	0.924884	11150	0.00432678	0.99202	0.995344
case_23	150.0	2220778	0.856101	2113380	0.814699	55116	0.021247	0.951639	0.974583
case_23	65.0	2193930	0.891902	2172528	0.883202	10789	0.00438607	0.990245	0.995058
case_23	31.0	2483507	0.963448	2478278	0.96142	4707	0.00182603	0.997895	0.998104
case_23	65.0	2358571	0.919237	2340422	0.912163	17574	0.00684934	0.992305	0.992547
case_23	31.0	2483507	0.963448	2478278	0.96142	4707	0.00182603	0.997895	0.998104
case_23	65.0	2424975	0.93645	2406935	0.929483	11759	0.00454096	0.992561	0.995138
case_23	37.0	2458118	0.953644	2451665	0.951141	7406	0.00287321	0.997375	0.996988
case_23	64.0	2171779	0.887431	2151565	0.879171	10108	0.00413032	0.990692	0.995324
case_23	150.0	2187776	0.847237	2069790	0.801545	61005	0.0236248	0.94607	0.97137
case_23	31.0	2452413	0.95642	2448563	0.954919	4745	0.00185051	0.99843	0.998066
case_23	151.0	2185457	0.846132	2075400	0.803521	56000	0.0216812	0.949641	0.973726
case_24	265.0	2029573	0.721901	1946042	0.69219	118213	0.0420473	0.958843	0.942733
case_24	58.0	2640431	0.94106	2627826	0.936568	7859	0.00280098	0.995226	0.997018
case_24	754.0	1231066	0.405899	896692	0.295652	365638	0.120556	0.728387	0.710347
case_24	160.0	2304448	0.824612	2268311	0.811681	66680	0.0238604	0.984319	0.971443
case_24	265.0	2028559	0.721619	1939124	0.689804	113921	0.0405251	0.955912	0.944511
case_24	265.0	2035421	0.717059	1947886	0.686222	121958	0.0429646	0.956994	0.941079
case_24	58.0	2646654	0.942639	2638132	0.939604	7931	0.00282473	0.99678	0.997003
case_24	160.0	2300440	0.823268	2262392	0.809652	66275	0.0237181	0.983461	0.97154
case_24	58.0	2645375	0.942925	2634450	0.939031	8811	0.00314062	0.99587	0.996667
case_24	58.0	2634279	0.941623	2623271	0.937689	7753	0.00277131	0.995821	0.997053
case_24	265.0	2036434	0.716859	1950196	0.686502	121405	0.0427366	0.957652	0.941396
case_24	754.0	1235371	0.403416	887611	0.289853	376318	0.122888	0.718498	0.702263
case_24	753.0	1248686	0.407309	861245	0.28093	348551	0.113694	0.689721	0.711893
case_24	58.0	2629521	0.93982	2616767	0.935262	7564	0.00270346	0.99515	0.997118
case_24	754.0	1236459	0.407719	898215	0.296184	372481	0.122824	0.726441	0.706869
case_24	58.0	2642320	0.940993	2630061	0.936628	7743	0.00275747	0.995361	0.997065
case_24	2.0	2815770	0.99672	2815684	0.996689	86	3.04421e-05	0.999969	0.999969
case_24	754.0	1233131	0.404018	883434	0.289445	375652	0.123077	0.716415	0.701647
case_24	160.0	2295799	0.815902	2259831	0.80312	66388	0.0235936	0.984333	0.971461
case_24	754.0	1233925	0.404718	903775	0.296431	390595	0.128112	0.732439	0.698235
case_24	12.0	2804748	0.989277	2803668	0.988896	1080	0.000380932	0.999615	0.999615
case_24	265.0	2043716	0.722839	1960070	0.693255	105557	0.0373343	0.959072	0.948898
case_24	36.0	2689580	0.968046	2686297	0.966864	5949	0.00214119	0.998779	0.99779
case_24	160.0	2304651	0.816115	2269875	0.8038	67094	0.0237591	0.984911	0.97129
case_24	754.0	1238172	0.404622	889667	0.290734	377662	0.123416	0.718533	0.702002
case_24	160.0	2307792	0.817867	2270892	0.80479	66683	0.023632	0.984011	0.971473
case_24	12.0	2793868	0.988195	2792704	0.987783	1164	0.000411708	0.999583	0.999583
case_24	265.0	2027864	0.716392	1938388	0.684783	121660	0.0429794	0.955877	0.940943
case_25	40.0	2608831	0.946082	2605334	0.944814	3461	0.00125512	0.99866	0.998673
case_25	120.0	2330747	0.864276	2304945	0.854709	32757	0.0121468	0.98893	0.985988
case_25	120.0	2345671	0.867463	2320023	0.857978	29166	0.010786	0.989066	0.987585
case_25	587.0	1412307	0.51726	1162738	0.425855	373292	0.136719	0.82329	0.756976
case_25	16.0	2589746	0.979735	2587312	0.978814	3792	0.00143456	0.99906	0.998537
case_25	120.0	2345164	0.86888	2322062	0.860321	29918	0.0110846	0.990149	0.98728
case_25	128.0	2293061	0.851311	2255886	0.837509	37706	0.0139985	0.983788	0.98356
case_25	120.0	2338920	0.865207	2313891	0.855949	33506	0.0123945	0.989299	0.985726
case_25	30.0	2650153	0.962811	2647746	0.961937	4251	0.00154441	0.999092	0.998397
case_25	40.0	2631871	0.953638	2625953	0.951494	4779	0.00173163	0.997751	0.998183
case_25	120.0	2337457	0.866522	2312189	0.857155	28411	0.0105323	0.98919	0.987862
case_25	128.0	2294206	0.851977	2256665	0.838035	38935	0.0144589	0.983637	0.983039
case_25	6.0	2751147	0.995056	2750315	0.994755	832	0.000300924	0.999698	0.999698
case_25	587.0	1371509	0.515925	1130770	0.425366	358791	0.134968	0.824471	0.75913
case_25	128.0	2285024	0.850143	2246580	0.83584	39820	0.014815	0.983176	0.982584
case_25	587.0	1378974	0.516546	1145861	0.429225	365755	0.137007	0.830952	0.758037
case_25	128.0	2281466	0.84931	2237051	0.832775	38704	0.0144081	0.980532	0.982993
case_25	120.0	2336888	0.866056	2315835	0.858253	34247	0.012692	0.990991	0.985427
case_25	120.0	2335936	0.86386	2311379	0.854779	32510	0.0120226	0.989487	0.98613
case_25	40.0	2633748	0.954582	2628434	0.952656	4331	0.00156974	0.997982	0.998355
case_25	120.0	2342687	0.866115	2317511	0.856807	28170	0.0104147	0.989253	0.987991
case_25	128.0	2284285	0.867622	2245818	0.853012	35908	0.0136387	0.98316	0.984263
case_25	40.0	2608808	0.945813	2603931	0.944045	3909	0.00141719	0.998131	0.998501
case_25	587.0	1398760	0.513381	1153105	0.423219	376779	0.138288	0.824377	0.753721
case_25	128.0	2284380	0.867907	2244927	0.852918	38466	0.0146144	0.982729	0.983154
case_25	587.0	1374462	0.515001	1140733	0.427425	364867	0.136713	0.829949	0.75766
case_25	587.0	1413775	0.517942	1165213	0.426881	377244	0.138205	0.824186	0.755427
case_25	587.0	1398327	0.513514	1150387	0.422462	366503	0.134593	0.822688	0.758385
case_26	361.0	1619812	0.646706	1373162	0.548231	215973	0.0862267	0.847729	0.864094
case_26	362.0	1669872	0.65146	1433217	0.559135	219024	0.0854469	0.85828	0.867438
case_26	83.0	2400970	0.916194	2373669	0.905776	23935	0.00913344	0.988629	0.990017
case_26	32.0	2303096	0.946903	2296343	0.944126	5042	0.00207299	0.997068	0.997809
case_26	362.0	1666780	0.652984	1428859	0.559775	218882	0.08575	0.857257	0.867162
case_26	362.0	1586678	0.648591	1346468	0.5504	215020	0.0878943	0.848608	0.862298
case_26	362.0	1611624	0.64486	1363173	0.545447	217007	0.0868311	0.845838	0.862669
case_26	361.0	1621304	0.648451	1388271	0.555248	212281	0.0849031	0.856268	0.86737
case_26	362.0	1613521	0.642862	1365051	0.543866	217359	0.0866006	0.846008	0.862641
case_26	82.0	2295881	0.892386	2266703	0.881045	29186	0.0113443	0.987291	0.987288
case_26	361.0	1652554	0.644565	1409049	0.549588	212759	0.0829848	0.852649	0.868814
case_26	361.0	1594866	0.650468	1356457	0.553233	213986	0.0872745	0.850515	0.863742
case_26	12.0	2461661	0.986323	2460769	0.985965	894	0.000358202	0.999638	0.999637
case_26	83.0	2288120	0.891284	2255453	0.878559	29764	0.0115939	0.985723	0.986975
case_26	362.0	1638602	0.655514	1411872	0.564812	218050	0.0872298	0.861632	0.866221
case_26	81.0	2311158	0.898517	2294804	0.892159	27551	0.0107111	0.992924	0.988137
case_26	82.0	2296697	0.89112	2266046	0.879227	28705	0.0111376	0.986654	0.987491
case_26	361.0	1621175	0.646071	1374202	0.547647	221097	0.0881116	0.847658	0.861407
case_26	361.0	1650660	0.646529	1406831	0.551026	213227	0.0835165	0.852284	0.868383
case_26	32.0	2311027	0.945995	2305187	0.943605	4939	0.00202173	0.997473	0.997862
case_26	82.0	2304575	0.897887	2284807	0.890185	28548	0.0111226	0.991422	0.987659
case_26	361.0	1623072	0.644076	1376080	0.546064	221449	0.0878766	0.847824	0.86138
case_26	361.0	1621709	0.644705	1375040	0.546642	216325	0.0859992	0.847896	0.864063
case_26	81.0	2313656	0.897893	2296487	0.89123	27069	0.010505	0.992579	0.98835
case_26	5.0	2498019	0.989946	2496787	0.989458	1232	0.000488232	0.999507	0.999507
case_26	361.0	1595976	0.64971	1357497	0.552627	219110	0.0891981	0.850575	0.861024
case_26	5.0	2497691	0.991613	2496333	0.991073	2370	0.000940918	0.999456	0.999052
case_26	2.0	2518908	0.996043	2518845	0.996018	63	2.49119e-05	0.999975	0.999975
case_27	92.0	2298565	0.8856	2270533	0.8748	26287	0.010128	0.987805	0.988555
case_27	72.0	2358338	0.914838	2344037	0.909291	29545	0.011461	0.993936	0.987553
case_27	151.0	2137587	0.826868	2054403	0.794691	63226	0.0244573	0.961085	0.970143
case_27	80.0	2390378	0.913114	2370449	0.905501	18817	0.00718801	0.991663	0.992124
case_27	151.0	2082730	0.818854	2002745	0.787407	70783	0.0278293	0.961596	0.965863
case_27	92.0	2264177	0.877472	2229346	0.863974	32533	0.012608	0.984616	0.985617
case_27	92.0	2314381	0.883251	2291594	0.874555	29398	0.0112193	0.990154	0.987334
case_27	18.0	2521206	0.974755	2517554	0.973343	5009	0.00193659	0.998551	0.998014
case_27	151.0	2149754	0.82367	2073911	0.794611	58044	0.0222393	0.96472	0.972774
case_27	151.0	2148359	0.830243	2068857	0.799519	59624	0.023042	0.962994	0.971988
case_27	18.0	2521206	0.974755	2517554	0.973343	5009	0.00193659	0.998551	0.998014
case_27	0.0	2593022	1.0	2593022	1.0	0	0.0	1.0	1.0
case_27	72.0	2358338	0.914838	2344037	0.909291	29545	0.011461	0.993936	0.987553
case_27	151.0	2114678	0.826492	2035663	0.795611	57776	0.0225809	0.962635	0.972401
case_27	46.0	2418320	0.94808	2409269	0.944532	12474	0.00489032	0.996257	0.994849
case_27	80.0	2390378	0.913114	2370449	0.905501	18817	0.00718801	0.991663	0.992124
case_27	151.0	2125951	0.822919	2053301	0.794798	53963	0.0208881	0.965827	0.974392
case_27	151.0	2137445	0.828904	2048638	0.794465	58960	0.0228648	0.958452	0.972025
case_27	151.0	2137587	0.826868	2054403	0.794691	63226	0.0244573	0.961085	0.970143
case_27	80.0	2358700	0.906257	2333846	0.896708	28886	0.0110985	0.989463	0.987774
case_27	92.0	2298565	0.8856	2270533	0.8748	26287	0.010128	0.987805	0.988555
case_27	72.0	2348029	0.913149	2332781	0.907219	29731	0.0115624	0.993506	0.987416
case_27	151.0	2109118	0.820665	2020638	0.786237	74745	0.0290835	0.958049	0.964329
case_27	151.0	2107508	0.825795	2024908	0.793429	56609	0.0221814	0.960807	0.972804
case_27	151.0	2114678	0.826492	2035663	0.795611	57776	0.0225809	0.962635	0.972401
case_27	80.0	2384931	0.913308	2363107	0.904951	18965	0.00726264	0.990849	0.992038
case_27	151.0	2126705	0.830393	2048570	0.799884	57786	0.0225631	0.96326	0.972566
case_27	92.0	2290491	0.884712	2257659	0.872031	25664	0.00991283	0.985666	0.98876
case_28	80.0	2387135	0.871776	2368053	0.864807	20878	0.00762459	0.992006	0.991261
case_28	80.0	2366918	0.884731	2346245	0.877004	30068	0.0112391	0.991266	0.987347
case_28	290.0	1863163	0.695286	1726769	0.644387	197844	0.0738305	0.926794	0.897203
case_28	14.0	2675350	0.983272	2674528	0.98297	822	0.00030211	0.999693	0.999693
case_28	290.0	1861475	0.694744	1724355	0.643568	197883	0.0738544	0.926338	0.897056
case_28	290.0	1863163	0.695286	1726769	0.644387	197844	0.0738305	0.926794	0.897203
case_28	80.0	2341375	0.877574	2319205	0.869265	31924	0.0119655	0.990531	0.986422
case_28	80.0	2341375	0.877574	2319205	0.869265	31924	0.0119655	0.990531	0.986422
case_28	80.0	2344769	0.878734	2322693	0.870461	31830	0.0119287	0.990585	0.986481
case_28	80.0	2387135	0.871776	2368053	0.864807	20878	0.00762459	0.992006	0.991261
case_28	80.0	2344769	0.878734	2322693	0.870461	31830	0.0119287	0.990585	0.986481
case_28	290.0	1874839	0.697834	1739330	0.647396	197015	0.0733309	0.927722	0.898254
case_28	74.0	2332512	0.837782	2318867	0.832881	26348	0.00946357	0.99415	0.988765
case_28	80.0	2344769	0.878734	2322693	0.870461	31830	0.0119287	0.990585	0.986481
case_28	290.0	1891444	0.687897	1769322	0.643483	187580	0.0682208	0.935435	0.904144
case_28	74.0	2332512	0.837782	2318867	0.832881	26348	0.00946357	0.99415	0.988765
case_28	74.0	2358458	0.844992	2344899	0.840134	24980	0.00894987	0.994251	0.989459
case_28	80.0	2344769	0.878734	2322693	0.870461	31830	0.0119287	0.990585	0.986481
case_28	0.0	2622440	1.0	2622440	1.0	0	0.0	1.0	1.0
case_28	14.0	2678743	0.984396	2678015	0.984129	728	0.000267529	0.999728	0.999728
case_28	0.0	2714255	1.0	2714255	1.0	0	0.0	1.0	1.0
case_28	290.0	1909683	0.725068	1792269	0.680488	177753	0.0674892	0.938516	0.909771
case_28	14.0	2678743	0.984396	2678015	0.984129	728	0.000267529	0.999728	0.999728
case_28	74.0	2329118	0.836665	2315379	0.83173	26442	0.00949849	0.994101	0.988709
case_28	80.0	2366918	0.884731	2346245	0.877004	30068	0.0112391	0.991266	0.987347
case_28	2.0	2710861	0.998875	2710767	0.99884	94	3.46363e-05	0.999965	0.999965
case_28	2.0	2710861	0.998875	2710767	0.99884	94	3.46363e-05	0.999965	0.999965
case_28	290.0	1909683	0.725068	1792269	0.680488	177753	0.0674892	0.938516	0.909771
case_29	56.0	2398691	0.930901	2389922	0.927498	11335	0.00439897	0.996344	0.99528
case_29	238.0	1984621	0.767217	1918603	0.741695	108003	0.0417519	0.966735	0.946707
case_29	238.0	1981294	0.763348	1915151	0.737865	108710	0.0418835	0.966616	0.946286
case_29	336.0	1760794	0.605255	1577979	0.542415	143669	0.0493848	0.896175	0.916551
case_29	336.0	1729229	0.589718	1504260	0.512997	156218	0.0532749	0.869902	0.90592
case_29	238.0	2003311	0.766919	1939766	0.742593	102427	0.0392117	0.96828	0.949845
case_29	238.0	1959807	0.758044	1877923	0.726372	134032	0.0518429	0.958218	0.933382
case_29	54.0	2363654	0.92326	2349162	0.917599	13370	0.00522241	0.993869	0.994341
case_29	238.0	1986108	0.759734	1898418	0.726191	135999	0.0520229	0.955848	0.933151
case_29	238.0	1988741	0.761759	1904592	0.729527	129013	0.0494166	0.957687	0.936559
case_29	336.0	1741092	0.587975	1511348	0.510389	163599	0.0552482	0.868046	0.902326
case_29	238.0	1961086	0.75598	1871185	0.721324	135964	0.0524128	0.954158	0.93226
case_29	336.0	1761365	0.593796	1560997	0.526247	161579	0.0544719	0.886243	0.906199
case_29	54.0	2393639	0.927683	2383216	0.923643	11664	0.00452052	0.995646	0.99513
case_29	336.0	1746334	0.590442	1520496	0.514085	156226	0.0528206	0.870679	0.906827
case_29	336.0	1731053	0.596374	1505427	0.518642	161561	0.0556602	0.86966	0.903082
case_29	336.0	1712717	0.595984	1495876	0.520529	154064	0.0536106	0.873394	0.906624
case_29	336.0	1764267	0.594487	1580103	0.532431	146575	0.0493899	0.895614	0.915112
case_29	336.0	1756093	0.603937	1560220	0.536574	159430	0.0548295	0.888461	0.907289
case_29	238.0	2005017	0.766547	1936302	0.740276	107702	0.041176	0.965728	0.947308
case_29	336.0	1715041	0.583139	1477118	0.502242	159648	0.0542826	0.861273	0.902461
case_29	52.0	3028256	0.930427	3016313	0.926757	15997	0.00491505	0.996056	0.994724
case_29	336.0	1734738	0.598364	1515180	0.522632	153304	0.0528792	0.873434	0.908118
case_29	42.0	2457410	0.949179	2453244	0.947569	7774	0.00300272	0.998305	0.996841
case_29	130.0	2251129	0.85896	2229095	0.850553	59221	0.0225969	0.990212	0.97412
case_29	56.0	2442451	0.937382	2431767	0.933282	13317	0.0051109	0.995626	0.994554
case_29	336.0	1701956	0.590442	1473470	0.511175	156789	0.0543931	0.865751	0.903826
case_29	56.0	2410608	0.932359	2398155	0.927543	13520	0.00522918	0.994834	0.994394
case_2	1019.0	913536	0.33245	610857	0.2223	372016	0.135382	0.668673	0.621501
case_2	1019.0	898407	0.330818	576221	0.21218	347965	0.12813	0.641381	0.62349
case_2	1019.0	925015	0.33378	623165	0.224861	369287	0.133253	0.673681	0.627904
case_2	1019.0	925180	0.327345	610308	0.215938	387502	0.137105	0.659664	0.611648
case_2	48.0	2538333	0.931443	2530252	0.928478	7693	0.00282295	0.996816	0.996969
case_2	1019.0	927648	0.326679	608656	0.214343	377397	0.132903	0.656128	0.617265
case_2	130.0	2360429	0.834964	2321319	0.821129	24854	0.0087917	0.983431	0.989407
case_2	1019.0	905666	0.330351	612890	0.223558	362634	0.132274	0.676729	0.628267
case_2	1019.0	905232	0.323976	572865	0.205024	357512	0.127951	0.632838	0.615734
case_2	30.0	2636711	0.935404	2633859	0.934393	3299	0.00117036	0.998918	0.998749
case_2	48.0	2607714	0.941189	2601156	0.938822	5934	0.00214173	0.997485	0.997724
case_2	1019.0	888701	0.329633	576633	0.213882	344560	0.127803	0.648849	0.625963
case_2	16.0	2675140	0.973287	2672355	0.972273	2108	0.000766946	0.998959	0.999212
case_2	1019.0	907771	0.333025	585943	0.214959	348909	0.128001	0.645474	0.626776
case_2	130.0	2340200	0.836628	2301102	0.822651	24973	0.00892792	0.983293	0.989264
case_2	1019.0	915434	0.331533	614117	0.222408	366728	0.132814	0.670848	0.62611
case_2	16.0	2659769	0.978302	2657758	0.977563	1754	0.000645147	0.999244	0.99934
case_2	130.0	2350681	0.864003	2321077	0.853122	25427	0.0093458	0.987406	0.989164
case_2	1019.0	905153	0.331776	610178	0.223655	367922	0.134859	0.674116	0.62384
case_2	130.0	2369913	0.861633	2341769	0.851401	24928	0.00906311	0.988124	0.989467
case_2	16.0	2648118	0.970406	2646865	0.969946	2792	0.00102313	0.999527	0.998946
case_2	36.0	2570082	0.938506	2565604	0.936871	5114	0.00186746	0.998258	0.998011
case_2	1019.0	923508	0.334846	619610	0.224658	372230	0.134963	0.670931	0.624708
case_2	130.0	2366933	0.840272	2330024	0.827169	27406	0.00972925	0.984406	0.988375
case_2	1019.0	905807	0.333306	570553	0.209944	352349	0.129652	0.629884	0.618216
case_2	130.0	2377181	0.867466	2349922	0.857519	27776	0.0101358	0.988533	0.988318
case_2	1019.0	927981	0.335843	605867	0.219268	374213	0.13543	0.652887	0.618181
case_2	1019.0	923000	0.335658	606839	0.220683	385332	0.14013	0.657464	0.611627
case_30	368.0	1510392	0.615056	1335240	0.543731	196960	0.0802053	0.884035	0.871453
case_30	52.0	2134179	0.872739	2124005	0.868579	17816	0.00728558	0.995233	0.991682
case_30	52.0	2387732	0.926991	2376250	0.922533	15743	0.00611192	0.995191	0.993418
case_30	118.0	2014835	0.809605	1989255	0.799327	44657	0.0179442	0.987304	0.978044
case_30	118.0	2285969	0.864818	2255512	0.853296	41988	0.0158847	0.986677	0.981724
case_30	118.0	2243306	0.856527	2216460	0.846277	46614	0.0177979	0.988033	0.979402
case_30	0.0	2600011	1.0	2600011	1.0	0	0.0	1.0	1.0
case_30	118.0	2263396	0.872986	2224624	0.858032	32764	0.012637	0.98287	0.985486
case_30	368.0	1657071	0.632868	1478186	0.564548	250067	0.0955055	0.892047	0.855306
case_30	118.0	2285969	0.864818	2255512	0.853296	41988	0.0158847	0.986677	0.981724
case_30	52.0	2387732	0.926991	2376250	0.922533	15743	0.00611192	0.995191	0.993418
case_30	368.0	1642722	0.637934	1482091	0.575554	233455	0.0906598	0.902217	0.863918
case_30	368.0	1644767	0.640545	1473235	0.573743	231657	0.0902174	0.89571	0.864122
case_30	52.0	2134179	0.872739	2124005	0.868579	17816	0.00728558	0.995233	0.991682
case_30	272.0	1684651	0.685816	1574458	0.640956	136310	0.0554913	0.93459	0.920322
case_30	368.0	1613343	0.632474	1449895	0.568398	228622	0.089626	0.89869	0.863795
case_30	58.0	2452388	0.930348	2442481	0.926589	14519	0.00550799	0.99596	0.994091
case_30	272.0	1726367	0.697991	1605614	0.649169	146564	0.0592576	0.930054	0.916353
case_30	272.0	1528789	0.657258	1419570	0.610302	129258	0.0555707	0.928558	0.916545
case_30	118.0	2263396	0.872986	2224624	0.858032	32764	0.012637	0.98287	0.985486
case_30	118.0	2000735	0.820621	1971765	0.808738	33129	0.0135882	0.98552	0.983476
case_30	118.0	2216355	0.862904	2185787	0.851003	35448	0.0138011	0.986208	0.984041
case_30	24.0	2215667	0.915128	2213027	0.914037	5913	0.00244222	0.998808	0.997335
case_30	272.0	1737595	0.688449	1620479	0.642047	156669	0.0620735	0.932599	0.911842
case_30	368.0	1642722	0.637934	1482091	0.575554	233455	0.0906598	0.902217	0.863918
case_30	272.0	1730252	0.697502	1614781	0.650953	139363	0.0561802	0.933263	0.920552
case_30	368.0	1443535	0.596395	1286338	0.531449	214092	0.0884518	0.891103	0.857313
case_30	272.0	1730252	0.697502	1614781	0.650953	139363	0.0561802	0.933263	0.920552
case_3	189.0	2092235	0.80095	1982774	0.759046	90667	0.0347092	0.947682	0.956272
case_3	50.0	2457518	0.934125	2444045	0.929003	15741	0.0059833	0.994518	0.993601
case_3	172.0	1988548	0.785671	1942526	0.767488	70647	0.0279125	0.976856	0.964908
case_3	50.0	2449703	0.931336	2436271	0.926229	15699	0.00596849	0.994517	0.993597
case_3	119.0	2248353	0.860294	2209305	0.845352	49770	0.0190436	0.982633	0.977969
case_3	172.0	1970494	0.784486	1922872	0.765526	82997	0.0330424	0.975832	0.958623
case_3	24.0	2562703	0.964126	2558525	0.962554	4181	0.00157295	0.99837	0.998369
case_3	126.0	2239548	0.868158	2200126	0.852876	70990	0.0275192	0.982397	0.968742
case_3	189.0	2091360	0.798	1973772	0.753132	91021	0.0347309	0.943774	0.955918
case_3	189.0	2087237	0.80479	1978508	0.762867	92492	0.0356628	0.947908	0.955339
case_3	189.0	2098325	0.803123	1991673	0.762303	90643	0.0346931	0.949173	0.95647
case_3	119.0	2223283	0.858247	2186675	0.844116	52972	0.0204486	0.983534	0.976348
case_3	190.0	2069582	0.810588	1960109	0.767711	88725	0.0347507	0.947104	0.956695
case_3	189.0	2072694	0.792023	1957309	0.747932	88698	0.0338935	0.944331	0.956648
case_3	189.0	1954196	0.767893	1864293	0.732566	76294	0.0299794	0.953995	0.960685
case_3	189.0	1947656	0.765477	1857160	0.72991	76467	0.0300534	0.953536	0.960454
case_3	4.0	2607882	0.993079	2607458	0.992918	424	0.000161459	0.999837	0.999837
case_3	189.0	2082059	0.802952	1971594	0.760351	91656	0.0353474	0.946944	0.955577
case_3	189.0	1957603	0.761087	1863101	0.724346	72750	0.0282841	0.951726	0.96242
case_3	189.0	2070342	0.796968	1954849	0.75251	91092	0.0350654	0.944215	0.955477
case_3	189.0	2103434	0.796773	1986478	0.752471	86335	0.0327034	0.944398	0.958349
case_3	50.0	2480510	0.9347	2468429	0.930147	14731	0.0055509	0.99513	0.994068
case_3	50.0	2474055	0.932447	2462017	0.92791	14689	0.00553614	0.995134	0.994069
case_3	119.0	2238163	0.865413	2206329	0.853104	50973	0.0197093	0.985777	0.977419
case_3	189.0	1936088	0.759508	1838183	0.7211	77475	0.0303927	0.949432	0.959557
case_3	190.0	1947616	0.777631	1861614	0.743293	75701	0.0302254	0.955842	0.960925
case_3	119.0	2229936	0.862403	2198746	0.85034	52097	0.0201479	0.986013	0.976854
case_3	190.0	2073992	0.806256	1973516	0.767197	83444	0.0324385	0.951554	0.959433
case_4	578.0	1362562	0.534444	1124482	0.44106	301025	0.118072	0.82527	0.78883
case_4	578.0	1360217	0.536674	1126182	0.444335	312990	0.12349	0.827943	0.782521
case_4	578.0	1358745	0.533101	1110506	0.435705	314200	0.123276	0.817303	0.779463
case_4	26.0	2289823	0.964203	2285864	0.962536	5300	0.00223173	0.998271	0.997687
case_4	28.0	2584931	0.963774	2583759	0.963337	4928	0.00183737	0.999547	0.998096
case_4	72.0	2180247	0.904319	2159421	0.895681	20255	0.00840133	0.990448	0.990707
case_4	578.0	1367245	0.535104	1126166	0.440752	298788	0.116938	0.823675	0.790317
case_4	88.0	2137308	0.8901	2109579	0.878552	21470	0.00894136	0.987026	0.989925
case_4	58.0	2229164	0.91813	2221640	0.915031	15009	0.00618179	0.996625	0.99329
case_4	578.0	1358265	0.538482	1122403	0.444975	303165	0.120189	0.826351	0.787337
case_4	88.0	2155647	0.89115	2133529	0.882007	17335	0.00716634	0.98974	0.99194
case_4	88.0	2130766	0.891472	2101436	0.879201	27196	0.0113783	0.986235	0.987224
case_4	88.0	2144188	0.890613	2125233	0.88274	22958	0.00953587	0.99116	0.989313
case_4	578.0	1361641	0.540944	1127207	0.447809	305316	0.121294	0.82783	0.786868
case_4	88.0	2142276	0.89203	2110709	0.878886	21686	0.00902991	0.985265	0.98983
case_4	578.0	1361445	0.53526	1111386	0.436948	317258	0.124732	0.816328	0.777931
case_4	88.0	2107882	0.88397	2081241	0.872798	27074	0.0113539	0.987361	0.987158
case_4	578.0	1374162	0.535421	1132557	0.441283	300606	0.117126	0.82418	0.79025
case_4	578.0	1357062	0.534325	1120397	0.441141	307884	0.121225	0.825605	0.784437
case_4	72.0	2194387	0.903532	2180185	0.897685	14363	0.00591392	0.993528	0.993455
case_4	72.0	2217204	0.910825	2200225	0.90385	14133	0.00580582	0.992342	0.993618
case_4	26.0	2355685	0.974523	2353778	0.973734	1826	0.000755398	0.99919	0.999225
case_4	72.0	2197523	0.909371	2179302	0.901831	19431	0.00804086	0.991708	0.991163
case_4	88.0	2123495	0.890794	2094028	0.878432	26183	0.0109836	0.986123	0.987651
case_4	88.0	2119970	0.882608	2103679	0.875826	22837	0.00950774	0.992315	0.989261
case_4	578.0	1379921	0.538764	1136289	0.443642	302227	0.117999	0.823445	0.789904
case_4	578.0	1372873	0.53841	1130120	0.443208	300807	0.11797	0.823179	0.789782
case_4	578.0	1362595	0.535557	1120958	0.440583	299503	0.117717	0.822664	0.789151
case_5	209.0	2026294	0.797418	1942996	0.764637	92640	0.0364571	0.958891	0.954491
case_5	209.0	2097036	0.813611	2017177	0.782627	90724	0.0351992	0.961918	0.95696
case_5	209.0	1835089	0.753017	1766025	0.724677	73916	0.030331	0.962365	0.959827
case_5	209.0	2118110	0.754286	2023856	0.720721	95443	0.0339885	0.955501	0.954965
case_5	106.0	2294044	0.895863	2269010	0.886087	37587	0.0146784	0.989087	0.983705
case_5	209.0	2010021	0.730314	1924578	0.69927	90494	0.0328798	0.957491	0.955091
case_5	14.0	2253721	0.983184	2249175	0.981201	5902	0.00257474	0.997983	0.997383
case_5	208.0	2073942	0.795764	1988102	0.762828	84049	0.0322493	0.95861	0.959439
case_5	208.0	2115178	0.805572	2029271	0.772855	84732	0.0322705	0.959385	0.959919
case_5	144.0	1910937	0.778793	1874722	0.764034	58719	0.0239306	0.981049	0.96963
case_5	209.0	1742676	0.731863	1674883	0.703392	72025	0.030248	0.961098	0.95877
case_5	209.0	2085274	0.747774	1995356	0.715529	90560	0.0324746	0.95688	0.956585
case_5	209.0	2124905	0.818247	2041556	0.786151	93314	0.0359328	0.960775	0.956291
case_5	143.0	2247933	0.850711	2207583	0.83544	68027	0.0257442	0.98205	0.970106
case_5	209.0	1811012	0.749593	1730214	0.71615	77939	0.0322596	0.955385	0.956896
case_5	209.0	1814476	0.750551	1738259	0.719024	77438	0.0320319	0.957995	0.957351
case_5	106.0	2209615	0.875326	2176442	0.862185	42370	0.0167846	0.984987	0.980904
case_5	83.0	2017379	0.81264	1998774	0.805146	29603	0.0119247	0.990778	0.985406
case_5	38.0	2487266	0.8805	2474291	0.875907	10294	0.00364411	0.994783	0.995857
case_5	209.0	1741323	0.731765	1669457	0.701565	72064	0.0302838	0.958729	0.95862
case_5	208.0	2009784	0.782062	1927841	0.750176	79989	0.0311259	0.959228	0.960161
case_5	54.0	2316037	0.924611	2308865	0.921748	13483	0.0053827	0.996903	0.994194
case_5	144.0	1904503	0.776655	1864145	0.760197	61942	0.0252599	0.978809	0.96784
case_5	144.0	1881049	0.706263	1835066	0.688998	64053	0.0240495	0.975555	0.966272
case_5	144.0	1886728	0.707988	1846690	0.692964	60860	0.0228375	0.978779	0.968095
case_5	209.0	1829519	0.751204	1756052	0.721038	75699	0.0310821	0.959844	0.958674
case_5	143.0	2263085	0.793058	2186763	0.766313	67304	0.0235855	0.966275	0.970141
case_5	83.0	2007931	0.809334	1983277	0.799396	36926	0.0148837	0.987722	0.981722
case_6	503.0	1539595	0.508827	1359983	0.449467	328526	0.108576	0.883338	0.805434
case_6	78.0	2952295	0.922154	2936154	0.917113	20272	0.00633199	0.994533	0.993143
case_6	503.0	1601371	0.52256	1420420	0.463512	347337	0.113343	0.887002	0.803515
case_6	2.0	3173489	0.996482	3172922	0.996304	568	0.000178353	0.999821	0.999821
case_6	20.0	3094408	0.974627	3091498	0.973711	4058	0.00127812	0.99906	0.998689
case_6	20.0	3097038	0.97504	3093990	0.97408	5501	0.00173188	0.999016	0.998225
case_6	503.0	1604195	0.522442	1415606	0.461024	351875	0.114596	0.88244	0.800917
case_6	78.0	2916955	0.91667	2903121	0.912323	20064	0.00630523	0.995257	0.993136
case_6	78.0	2950830	0.922087	2933662	0.916722	18829	0.00588376	0.994182	0.993623
case_6	78.0	2945817	0.922277	2929462	0.917157	20755	0.00649798	0.994448	0.992965
case_6	40.0	2726815	0.938389	2718318	0.935465	14977	0.00515409	0.996884	0.994521
case_6	503.0	1541810	0.510538	1354337	0.44846	324519	0.107458	0.878407	0.806702
case_6	6.0	3183726	0.992644	3182877	0.992379	849	0.000264707	0.999733	0.999733
case_6	503.0	1605263	0.52256	1417207	0.461342	353189	0.114973	0.88285	0.800503
case_6	78.0	2924277	0.918314	2909761	0.913755	20444	0.00642005	0.995036	0.993023
case_6	18.0	3105281	0.979934	3102756	0.979137	3021	0.000953337	0.999187	0.999027
case_6	503.0	1540904	0.510467	1352736	0.448131	323205	0.107071	0.877885	0.80715
case_6	503.0	1599495	0.519701	1418030	0.46074	359320	0.116749	0.886549	0.797834
case_6	78.0	2930755	0.9182	2916453	0.913719	19961	0.00625374	0.99512	0.993202
case_6	78.0	2938496	0.920642	2922822	0.915731	20375	0.00638356	0.994666	0.993077
case_6	503.0	1547993	0.509973	1367878	0.450636	326938	0.107707	0.883646	0.807095
case_6	503.0	1538364	0.510657	1356128	0.450164	318730	0.105802	0.881539	0.809697
case_6	503.0	1595027	0.520877	1412516	0.461276	348934	0.113949	0.885575	0.801905
case_6	20.0	3108988	0.978101	3105777	0.97709	4803	0.00151104	0.998967	0.998456
case_6	78.0	2929743	0.918272	2913961	0.913326	18518	0.00580412	0.994613	0.993685
case_6	503.0	1530908	0.508566	1351337	0.448913	317248	0.10539	0.882703	0.80987
case_6	20.0	3106619	0.977772	3103285	0.976723	3360	0.00105752	0.998927	0.998918
case_6	503.0	1609386	0.521276	1426958	0.462188	360175	0.11666	0.886647	0.798462
case_7	38.0	2515497	0.948055	2502283	0.943075	15102	0.00569173	0.994747	0.994001
case_7	10.0	2585480	0.984475	2583827	0.983846	1653	0.000629414	0.999361	0.999361
case_7	126.0	2221974	0.85939	2183453	0.844491	50199	0.0194154	0.982664	0.977526
case_7	44.0	2478619	0.942516	2469749	0.939143	9744	0.00370524	0.996421	0.99607
case_7	126.0	2260496	0.863551	2216090	0.846587	54334	0.0207566	0.980356	0.976069
case_7	38.0	2506505	0.94746	2493740	0.942634	15569	0.00588509	0.994907	0.993796
case_7	126.0	2239403	0.862655	2195681	0.845812	50607	0.0194946	0.980476	0.977471
case_7	126.0	2252066	0.865525	2211570	0.849962	52033	0.0199976	0.982018	0.977013
case_7	126.0	2247118	0.867324	2206180	0.851523	51421	0.019847	0.981782	0.977223
case_7	44.0	2486774	0.942812	2477457	0.93928	9325	0.00353539	0.996253	0.99625
case_7	4.0	2604165	0.99262	2602357	0.991931	1808	0.000689149	0.999306	0.999306
case_7	126.0	2257781	0.869419	2221672	0.855514	53379	0.020555	0.984007	0.976537
case_7	126.0	2224928	0.85626	2181910	0.839704	45866	0.0176515	0.980665	0.979412
case_7	126.0	2268773	0.868398	2219118	0.849392	55237	0.0211426	0.978114	0.975713
case_7	56.0	2443449	0.931274	2430015	0.926154	17743	0.00676241	0.994502	0.992751
case_7	126.0	2223210	0.858182	2178091	0.840766	46402	0.0179117	0.979705	0.97914
case_7	44.0	2479642	0.941081	2471309	0.937918	10508	0.00398803	0.996639	0.995766
case_7	38.0	2508887	0.946536	2495419	0.941455	16380	0.00617974	0.994632	0.993479
case_7	44.0	2524750	0.950275	2511903	0.94544	17993	0.00677228	0.994912	0.992888
case_7	54.0	2412850	0.943368	2405426	0.940465	10301	0.00402745	0.996923	0.995736
case_7	126.0	2223285	0.858205	2188735	0.844869	49155	0.0189742	0.98446	0.978035
case_7	126.0	2227489	0.858924	2189814	0.844397	49156	0.0189547	0.983086	0.978045
case_7	56.0	2466548	0.936025	2455021	0.931651	16974	0.00644143	0.995327	0.993133
case_7	56.0	2442423	0.929078	2430073	0.92438	18498	0.00703649	0.994944	0.992445
case_7	56.0	2479277	0.93528	2460709	0.928275	24198	0.00912843	0.992511	0.990262
case_7	126.0	2222515	0.856229	2183696	0.841274	45372	0.0174797	0.982534	0.979645
case_7	56.0	2450289	0.931105	2436635	0.925917	17322	0.00658233	0.994428	0.992941
case_7	10.0	2583111	0.981668	2580694	0.980749	2417	0.00091854	0.999064	0.999064
case_8	212.0	1841972	0.719893	1678689	0.656078	104343	0.0407801	0.911354	0.94148
case_8	4.0	2272920	0.996612	2272664	0.9965	256	0.000112249	0.999887	0.999887
case_8	212.0	1841115	0.721403	1677182	0.657169	103891	0.0407075	0.91096	0.941669
case_8	160.0	1928599	0.768517	1858037	0.740399	88376	0.0352165	0.963413	0.954595
case_8	80.0	2032014	0.899905	2018621	0.893974	34614	0.0153293	0.993409	0.983142
case_8	15.0	2787568	0.981036	2786762	0.980752	808	0.000284361	0.999711	0.99971
case_8	212.0	1843155	0.720284	1679467	0.656317	103914	0.0406084	0.911191	0.941732
case_8	83.0	2359122	0.868634	2341656	0.862203	24481	0.00901396	0.992596	0.989654
case_8	213.0	2122021	0.760027	1949653	0.698291	126116	0.0451699	0.918772	0.939244
case_8	160.0	1929278	0.768865	1858264	0.740564	87464	0.0348566	0.963191	0.955048
case_8	80.0	2033563	0.90049	2019417	0.894226	34509	0.0152811	0.993044	0.983199
case_8	212.0	2117092	0.761341	1944537	0.699288	129615	0.0466117	0.918494	0.937509
case_8	213.0	1848301	0.721099	1681261	0.65593	100512	0.0392139	0.909625	0.943589
case_8	2.0	2820651	0.99664	2820439	0.996565	212	7.49074e-05	0.999925	0.999925
case_8	213.0	1822477	0.745491	1667813	0.682225	100707	0.0411946	0.915135	0.943056
case_8	213.0	1849484	0.721489	1682039	0.656168	100083	0.0390427	0.909464	0.943841
case_8	84.0	2364392	0.866969	2343952	0.859474	25505	0.00935211	0.991355	0.989236
case_8	160.0	1916105	0.770482	1837563	0.738899	90206	0.0362726	0.95901	0.953207
case_8	212.0	1815369	0.715751	1653491	0.651927	100002	0.0394281	0.910829	0.94297
case_8	212.0	2122528	0.761435	1950292	0.699648	129564	0.0464798	0.918853	0.937705
case_8	15.0	2781444	0.981227	2780517	0.9809	743	0.000262113	0.999667	0.999733
case_8	212.0	1813329	0.716868	1651206	0.652775	99979	0.0395249	0.910594	0.942908
case_8	212.0	1839932	0.721011	1676404	0.65693	104320	0.0408797	0.911123	0.941417
case_8	213.0	2105168	0.787487	1937034	0.724592	123404	0.0461621	0.920133	0.940108
case_8	213.0	1807453	0.746249	1648921	0.680795	98880	0.0408249	0.91229	0.943426
case_8	83.0	2368299	0.869837	2351291	0.86359	24431	0.0089731	0.992818	0.989716
case_8	213.0	1821331	0.716831	1653738	0.65087	96460	0.0379643	0.907983	0.944886
case_8	213.0	1821294	0.745085	1667207	0.682048	100964	0.041304	0.915397	0.942899
case_9	64.0	2422285	0.925861	2415585	0.9233	19430	0.00742665	0.997234	0.992021
case_9	4.0	2678757	0.995581	2678312	0.995416	445	0.000165388	0.999834	0.999834
case_9	174.0	2177110	0.744659	2090768	0.715126	82169	0.0281051	0.960341	0.962185
case_9	119.0	2300103	0.878466	2268228	0.866292	39557	0.0151078	0.986142	0.982859
case_9	16.0	2576415	0.981331	2574375	0.980554	2665	0.00101507	0.999208	0.998966
case_9	8.0	2616065	0.991982	2615375	0.991721	690	0.00026164	0.999736	0.999736
case_9	119.0	2287017	0.871404	2259142	0.860783	42715	0.0162754	0.987812	0.981443
case_9	64.0	2424257	0.930805	2417903	0.928366	18648	0.00715999	0.997379	0.992347
case_9	175.0	2171918	0.742358	2102451	0.718615	79762	0.0272625	0.968016	0.963449
case_9	174.0	2189648	0.822499	2111100	0.792994	75764	0.0284593	0.964128	0.965355
case_9	174.0	2170557	0.745421	2085931	0.716358	79722	0.0273784	0.961012	0.963188
case_9	174.0	2174564	0.748391	2096523	0.721532	82319	0.0283306	0.964112	0.962219
case_9	175.0	2186061	0.819446	2119843	0.794624	74503	0.0279275	0.969709	0.966048
case_9	174.0	2182407	0.81871	2104870	0.789623	77622	0.0291192	0.964472	0.964434
case_9	56.0	2467946	0.836985	2458343	0.833728	14345	0.00486499	0.996109	0.994199
case_9	119.0	2290643	0.868886	2264703	0.859046	44009	0.0166935	0.988676	0.980938
case_9	174.0	2187610	0.828253	2114470	0.800561	75794	0.0286964	0.966566	0.965395
case_9	174.0	2178727	0.820958	2101450	0.791839	75848	0.02858	0.964531	0.965164
case_9	174.0	2178601	0.819265	2101922	0.79043	76727	0.0288533	0.964804	0.964782
case_9	56.0	2473100	0.836902	2463478	0.833646	13962	0.00472477	0.996109	0.994364
case_9	174.0	2182752	0.745829	2095535	0.716028	81447	0.0278298	0.960043	0.962587
case_9	174.0	2192455	0.828065	2118561	0.800156	76525	0.0289026	0.966296	0.965138
case_9	119.0	2303356	0.872723	2278610	0.863347	43690	0.0165538	0.989257	0.981187
case_9	174.0	2174895	0.82151	2098617	0.792698	74838	0.0282681	0.964928	0.965567
case_9	175.0	2183110	0.820323	2117069	0.795508	73701	0.0276938	0.969749	0.966358
case_9	174.0	2193454	0.821937	2114048	0.792182	76659	0.0287259	0.963799	0.965007
case_9	64.0	2434544	0.929489	2428249	0.927086	19002	0.00725481	0.997414	0.992235
case_9	16.0	2562753	0.977235	2560284	0.976294	3178	0.00121184	0.999037	0.99876
