case_10	779.0	1128994	0.319886	790187	0.223889	326508	0.0925118	0.699904	0.707612
case_10	779.0	1123213	0.323493	795201	0.229023	309747	0.0892093	0.70797	0.719673
case_10	779.0	1106423	0.319782	782199	0.226074	309809	0.0895421	0.706962	0.716294
case_10	779.0	1138173	0.321553	807690	0.228186	317986	0.0898364	0.709637	0.717516
case_10	80.0	3968455	0.902295	3937272	0.895205	28029	0.00637286	0.992142	0.992931
case_10	0.0	2613200	1.0	2613200	1.0	0	0.0	1.0	1.0
case_10	779.0	1146573	0.323746	804903	0.227272	324963	0.0917565	0.702008	0.712388
case_10	779.0	1146573	0.323746	804903	0.227272	324963	0.0917565	0.702008	0.712388
case_10	779.0	1102978	0.317631	780569	0.224785	303249	0.0873285	0.707692	0.720203
case_10	779.0	1123213	0.323493	795201	0.229023	309747	0.0892093	0.70797	0.719673
case_10	80.0	2406005	0.920582	2389900	0.91442	15781	0.0060381	0.993306	0.99344
case_10	80.0	3981953	0.904882	3948967	0.897386	27201	0.00618131	0.991716	0.993159
case_10	779.0	1156523	0.325779	810516	0.228313	323396	0.0910967	0.700821	0.714796
case_10	779.0	1138966	0.321941	795533	0.224866	325212	0.0919246	0.698469	0.709825
case_10	24.0	2528772	0.972236	2528060	0.971962	1274	0.000489814	0.999718	0.999496
case_10	779.0	1159811	0.3277	823255	0.232608	324110	0.0915761	0.709818	0.717518
case_10	24.0	2528772	0.972236	2528060	0.971962	1274	0.000489814	0.999718	0.999496
case_10	56.0	4163184	0.930098	4139188	0.924737	25550	0.00570813	0.994236	0.993865
case_10	56.0	4158086	0.930716	4131437	0.924751	21757	0.00486993	0.993591	0.994761
case_10	779.0	1159811	0.3277	823255	0.232608	324110	0.0915761	0.709818	0.717518
case_10	779.0	1141824	0.323735	808544	0.229242	324932	0.0921263	0.708116	0.713331
case_10	80.0	2406005	0.920582	2389900	0.91442	15781	0.0060381	0.993306	0.99344
case_10	80.0	3989987	0.904971	3954573	0.896939	33241	0.00753941	0.991124	0.991664
case_10	779.0	1133020	0.319125	794398	0.223749	319601	0.0900184	0.701133	0.713105
case_10	80.0	2389205	0.918446	2380522	0.915108	14860	0.00571241	0.996366	0.993796
case_10	779.0	1156523	0.325779	810516	0.228313	323396	0.0910967	0.700821	0.714796
case_10	779.0	1125867	0.317866	789006	0.22276	321742	0.0908375	0.700799	0.710338
case_10	28.0	4312281	0.962905	4306378	0.961587	14701	0.00328264	0.998631	0.996598
case_11	150.0	2102072	0.817522	2044324	0.795063	71671	0.0278737	0.972528	0.966129
case_11	124.0	2124590	0.831723	2071460	0.810924	56942	0.0222914	0.974993	0.973247
case_11	124.0	2209857	0.848891	2161368	0.830264	58065	0.022305	0.978058	0.973838
case_11	124.0	2166004	0.839697	2116099	0.82035	64002	0.0248117	0.97696	0.970643
case_11	216.0	1699716	0.699037	1621922	0.667042	113532	0.0466919	0.954231	0.934581
case_11	150.0	2135561	0.824353	2070982	0.799425	59034	0.0227879	0.96976	0.972285
case_11	216.0	1696369	0.713384	1605884	0.675332	113877	0.0478894	0.94666	0.933783
case_11	124.0	2128071	0.832587	2079747	0.813681	58278	0.0228007	0.977292	0.972742
case_11	22.0	2127457	0.959477	2123761	0.95781	2760	0.00124475	0.998263	0.998702
case_11	216.0	1739345	0.711635	1656331	0.677671	117641	0.0481316	0.952273	0.933685
case_11	66.0	2365133	0.918395	2345787	0.910883	38261	0.014857	0.99182	0.983951
case_11	124.0	2168566	0.839256	2121137	0.820901	64716	0.0250457	0.978129	0.970393
case_11	124.0	2207572	0.849451	2157826	0.830309	55853	0.0214917	0.977466	0.974769
case_11	216.0	1677116	0.70015	1586009	0.662115	119738	0.0499873	0.945676	0.929803
case_11	216.0	1687004	0.709903	1596931	0.672	112945	0.047528	0.946608	0.933946
case_11	216.0	1700848	0.704377	1605614	0.664938	115393	0.0477881	0.944008	0.93295
case_11	124.0	2202258	0.846907	2145433	0.825055	64625	0.0248524	0.974197	0.970759
case_11	4.0	2618288	0.996193	2617997	0.996083	291	0.000110718	0.999889	0.999889
case_11	150.0	2169486	0.829424	2110971	0.807053	76143	0.0291105	0.973028	0.965186
case_11	150.0	2173916	0.82972	2115879	0.807569	76151	0.0290646	0.973303	0.96526
case_11	216.0	1703001	0.704822	1604749	0.664159	120444	0.0498483	0.942307	0.930185
case_11	124.0	2204543	0.846352	2149941	0.825389	64636	0.0248146	0.975232	0.970813
case_11	150.0	2133775	0.823178	2070712	0.798849	70637	0.0272507	0.970445	0.967013
case_11	216.0	1724579	0.716825	1647004	0.684581	114905	0.0477605	0.955018	0.934784
case_11	216.0	1723926	0.717869	1646064	0.685446	114875	0.0478357	0.954834	0.934765
case_11	216.0	1687732	0.705215	1608256	0.672006	114394	0.0477993	0.95291	0.933594
case_11	216.0	1738691	0.712652	1655564	0.67858	117611	0.0482062	0.95219	0.933672
case_11	216.0	1670816	0.708853	1579310	0.670031	116370	0.0493706	0.945233	0.931373
case_12	53.0	2015523	0.933838	2009410	0.931006	8035	0.0037228	0.996967	0.996017
case_12	53.0	2021360	0.937539	2014049	0.934148	8003	0.00371192	0.996383	0.996042
case_12	380.0	1443924	0.599234	1300068	0.539533	197790	0.0820836	0.900371	0.867951
case_12	52.0	2025868	0.936897	2017415	0.932988	6816	0.00315217	0.995827	0.996633
case_12	380.0	1434768	0.597474	1305907	0.543813	178050	0.0741446	0.910187	0.880017
case_12	380.0	1462558	0.60124	1331626	0.547415	180749	0.0743037	0.910477	0.880487
case_12	12.0	2099206	0.985838	2098547	0.985528	659	0.000309482	0.999686	0.999686
case_12	381.0	1440990	0.601065	1309695	0.546299	178857	0.0746048	0.908886	0.879845
case_12	52.0	2024281	0.936931	2019019	0.934495	7962	0.00368518	0.997401	0.996072
case_12	52.0	2029840	0.940503	2023658	0.937639	7930	0.00367427	0.996954	0.996097
case_12	6.0	2175164	0.99268	2174664	0.992452	500	0.000228185	0.99977	0.99977
case_12	381.0	1451214	0.602815	1307870	0.543272	197124	0.0818827	0.901225	0.86902
case_12	52.0	2031427	0.940466	2022054	0.936127	6784	0.00314071	0.995386	0.996656
case_12	2.0	2664158	0.997994	2664145	0.997989	13	4.8698e-06	0.999995	0.999995
case_12	380.0	1464710	0.603222	1331636	0.548417	177995	0.0733049	0.909147	0.882094
case_12	104.0	2362171	0.881567	2340254	0.873388	40884	0.015258	0.990722	0.98283
case_12	380.0	1463581	0.599761	1320554	0.54115	195497	0.0801127	0.902276	0.871049
case_12	380.0	1429473	0.595709	1300026	0.541764	178107	0.0742231	0.909444	0.879505
case_12	380.0	1461579	0.598377	1320333	0.540551	196939	0.0806278	0.903361	0.870202
case_12	23.0	2066405	0.971447	2063576	0.970117	2286	0.00107468	0.998631	0.998893
case_12	23.0	2057416	0.968028	2054928	0.966857	2487	0.00117015	0.998791	0.998791
case_12	380.0	1464996	0.602811	1331933	0.548059	179073	0.0736843	0.909172	0.881488
case_12	104.0	2363539	0.881377	2341635	0.873209	40871	0.015241	0.990733	0.982845
case_12	381.0	1439532	0.600991	1308202	0.546162	178065	0.0743404	0.908769	0.880193
case_12	380.0	1433310	0.597397	1304414	0.543674	177258	0.0738803	0.910071	0.880366
case_12	380.0	1448041	0.600501	1303338	0.540493	197928	0.0820805	0.90007	0.868159
case_12	380.0	1427828	0.595552	1298337	0.541541	177172	0.073899	0.909309	0.879925
case_12	380.0	1462272	0.601649	1331329	0.547773	179671	0.0739253	0.910452	0.881091
case_13	0.0	2596503	1.0	2596503	1.0	0	0.0	1.0	1.0
case_13	78.0	2354233	0.915017	2343482	0.910839	20189	0.00784684	0.995433	0.991459
case_13	211.0	2071202	0.72203	1988562	0.693221	105202	0.0366739	0.9601	0.949755
case_13	211.0	2072153	0.722963	1988644	0.693827	107966	0.0376688	0.959699	0.948504
case_13	99.0	2776688	0.895223	2757796	0.889132	29732	0.00958579	0.993196	0.989334
case_13	211.0	2025238	0.713907	1940733	0.684119	105588	0.0372203	0.958274	0.948401
case_13	212.0	2040603	0.722551	1954964	0.692228	96372	0.0341241	0.958033	0.95302
case_13	18.0	3099199	0.987549	3098479	0.987319	720	0.000229425	0.999768	0.999768
case_13	211.0	2072153	0.722963	1988644	0.693827	107966	0.0376688	0.959699	0.948504
case_13	211.0	2069336	0.722748	1983139	0.692642	103806	0.0362559	0.958346	0.950259
case_13	212.0	2044707	0.722615	1961606	0.693246	97803	0.0345643	0.959358	0.952509
case_13	10.0	2507682	0.979821	2506691	0.979434	991	0.000387211	0.999605	0.999605
case_13	212.0	2030917	0.723783	1946824	0.693814	94161	0.0335573	0.958594	0.953865
case_13	78.0	2354233	0.915017	2343482	0.910839	20189	0.00784684	0.995433	0.991459
case_13	14.0	2504309	0.976431	2503098	0.975959	2059	0.000802805	0.999516	0.999178
case_13	211.0	2055215	0.722405	1974303	0.693964	98996	0.0347969	0.960631	0.952252
case_13	211.0	2070825	0.723871	1983129	0.693217	105303	0.0368094	0.957652	0.949578
case_13	78.0	2349190	0.914989	2334450	0.909247	20702	0.00806324	0.993725	0.99121
case_13	78.0	2304632	0.906929	2287574	0.900217	20717	0.00815265	0.992598	0.991025
case_13	99.0	2778733	0.896572	2759795	0.890461	29659	0.00956962	0.993185	0.989367
case_13	14.0	2504309	0.976431	2503098	0.975959	2059	0.000802805	0.999516	0.999178
case_13	211.0	2071202	0.72203	1988562	0.693221	105202	0.0366739	0.9601	0.949755
case_13	212.0	1998546	0.714315	1914560	0.684297	98939	0.0353625	0.957976	0.950862
case_13	212.0	2044707	0.722615	1961606	0.693246	97803	0.0345643	0.959358	0.952509
case_13	211.0	2056219	0.723365	1975284	0.694892	102025	0.0358917	0.960639	0.950886
case_13	211.0	2027211	0.715205	1940846	0.684735	108321	0.0382159	0.957397	0.947139
case_13	14.0	2555905	0.986428	2554888	0.986035	1865	0.000719779	0.999602	0.999271
case_13	14.0	2555905	0.986428	2554888	0.986035	1865	0.000719779	0.999602	0.999271
case_14	50.0	2441439	0.939511	2433899	0.936609	11572	0.00445312	0.996912	0.995268
case_14	222.0	1788420	0.710013	1694782	0.672838	110156	0.0437326	0.947642	0.93897
case_14	222.0	1843036	0.735988	1737841	0.69398	98576	0.0393648	0.942923	0.946322
case_14	222.0	1924872	0.701424	1836718	0.669301	119107	0.0434026	0.954203	0.939101
case_14	222.0	1835778	0.736729	1718620	0.689711	103633	0.0415897	0.936181	0.943129
case_14	222.0	1919226	0.700021	1829129	0.667159	117117	0.0427174	0.953056	0.939824
case_14	50.0	2444145	0.938714	2436516	0.935784	11660	0.00447821	0.996879	0.995237
case_14	99.0	2242291	0.824955	2210816	0.813375	47252	0.0173844	0.985963	0.979074
case_14	54.0	2401039	0.927478	2385512	0.92148	14863	0.00574131	0.993533	0.993808
case_14	60.0	2328468	0.896123	2313016	0.890176	18995	0.00731032	0.993364	0.991855
case_14	223.0	1890867	0.738592	1783373	0.696603	121671	0.0475259	0.943151	0.936132
case_14	222.0	1886736	0.684503	1795057	0.651242	134905	0.0489432	0.951409	0.9301
case_14	54.0	2397628	0.927985	2381821	0.921867	14490	0.00560825	0.993407	0.993953
case_14	223.0	1918902	0.745195	1816204	0.705313	116079	0.0450786	0.946481	0.939927
case_14	222.0	1855745	0.740305	1749571	0.697949	99359	0.0396369	0.942786	0.946261
case_14	223.0	1909145	0.742145	1802429	0.700661	115673	0.0449657	0.944103	0.939694
case_14	223.0	1910346	0.741145	1803160	0.699561	115768	0.0449138	0.943892	0.93967
case_14	86.0	2205677	0.832402	2190026	0.826496	32720	0.0123482	0.992904	0.985279
case_14	2.0	2591985	0.996475	2591725	0.996375	260	9.99556e-05	0.9999	0.9999
case_14	222.0	1919455	0.698807	1829227	0.665958	117286	0.0426998	0.952993	0.939746
case_14	222.0	1900780	0.696435	1808721	0.662705	123169	0.0451284	0.951568	0.936244
case_14	99.0	2145474	0.864911	2111522	0.851224	45632	0.0183958	0.984175	0.978846
case_14	222.0	1845708	0.73556	1740051	0.693453	99065	0.0394798	0.942755	0.946134
case_14	223.0	1846184	0.713596	1754966	0.678338	125385	0.0484644	0.950591	0.933318
case_14	54.0	2424029	0.937273	2413760	0.933303	19210	0.00742772	0.995764	0.992104
case_14	60.0	2360596	0.903295	2343936	0.89692	15191	0.00581292	0.992942	0.993561
case_14	60.0	2364427	0.903888	2349291	0.898102	18457	0.00705586	0.993598	0.992205
case_14	60.0	2361722	0.904614	2346601	0.898822	18443	0.00706425	0.993597	0.992202
case_15	278.0	1840718	0.622519	1633591	0.55247	133332	0.045092	0.887475	0.92454
case_15	278.0	1931507	0.643735	1693617	0.564451	131927	0.0439688	0.876837	0.927733
case_15	22.0	2671899	0.973076	2670171	0.972447	3086	0.00112389	0.999353	0.998846
case_15	278.0	1891317	0.645791	1673271	0.571339	125818	0.0429606	0.884712	0.930066
case_15	278.0	1909591	0.62452	1712249	0.559981	147800	0.0483371	0.896657	0.92054
case_15	4.0	2717192	0.992251	2716451	0.99198	741	0.000270595	0.999727	0.999727
case_15	80.0	2935218	0.89593	2906188	0.887069	29001	0.00885211	0.99011	0.99012
case_15	120.0	2219478	0.818933	2181265	0.804833	61849	0.0228208	0.982783	0.972427
case_15	278.0	1926797	0.642308	1688893	0.563002	131908	0.0439723	0.876529	0.927555
case_15	278.0	1878335	0.620184	1659908	0.548064	132528	0.0437578	0.883712	0.926063
case_15	120.0	2227025	0.820489	2185655	0.805247	63228	0.0232947	0.981424	0.971885
case_15	278.0	1935444	0.637873	1755927	0.578709	138119	0.0455205	0.907248	0.927077
case_15	62.0	3069836	0.916929	3055761	0.912725	29884	0.00892605	0.995415	0.990315
case_15	2.0	2677237	0.996715	2677168	0.99669	69	2.56882e-05	0.999974	0.999974
case_15	278.0	1930940	0.636529	1751204	0.57728	138100	0.0455243	0.906918	0.926904
case_15	120.0	2229649	0.821254	2187904	0.805878	63986	0.0235682	0.981277	0.971586
case_15	22.0	2662583	0.971355	2658881	0.970004	2771	0.00101091	0.99861	0.998959
case_15	278.0	1885206	0.621901	1659751	0.547526	126339	0.0416773	0.880408	0.929265
case_15	278.0	1848769	0.624673	1633772	0.552029	126036	0.0425858	0.883708	0.928381
case_15	80.0	2919771	0.90049	2887932	0.890671	35996	0.0111016	0.989095	0.987689
case_15	120.0	2216854	0.818166	2179016	0.804201	61091	0.0225466	0.982932	0.972729
case_15	278.0	1887357	0.644586	1669373	0.570138	125798	0.0429636	0.884503	0.929924
case_15	278.0	1868553	0.617918	1649751	0.545562	130456	0.043141	0.882903	0.926719
case_15	278.0	1829067	0.619569	1623135	0.549812	130594	0.0442367	0.887411	0.925534
case_15	120.0	2237078	0.823175	2189280	0.805587	56609	0.0208303	0.978634	0.974794
case_15	278.0	1929826	0.629611	1723474	0.562288	142940	0.0466346	0.893072	0.923415
case_15	120.0	2233095	0.821911	2186229	0.804661	55851	0.0205565	0.979013	0.97509
case_15	278.0	1920479	0.627112	1721779	0.562228	149268	0.0487419	0.896536	0.920222
case_16	150.0	2525873	0.830408	2471556	0.812551	63622	0.0209164	0.978496	0.974904
case_16	420.0	1336397	0.505023	1207309	0.456241	231650	0.0875403	0.903406	0.839016
case_16	42.0	2894299	0.940475	2884493	0.937289	13126	0.00426517	0.996612	0.99547
case_16	61.0	2835148	0.922185	2818616	0.916808	22836	0.00742784	0.994169	0.991963
case_16	150.0	2499188	0.830381	2445633	0.812587	69601	0.0231256	0.978571	0.972328
case_16	419.0	1334427	0.504871	1192218	0.451067	230496	0.0872065	0.893431	0.837989
case_16	61.0	2854324	0.929933	2834247	0.923392	24179	0.00787747	0.992966	0.991541
case_16	61.0	2856993	0.926113	2842710	0.921483	22224	0.00720406	0.995001	0.992243
case_16	419.0	1349008	0.508783	1211005	0.456735	229566	0.0865816	0.8977	0.840642
case_16	420.0	1319924	0.50491	1180885	0.451724	227703	0.0871032	0.894661	0.838347
case_16	420.0	1345091	0.521674	1227323	0.475999	230636	0.0894488	0.912446	0.841809
case_16	4.0	2172360	0.996181	2172292	0.99615	68	3.11828e-05	0.999969	0.999969
case_16	61.0	2874646	0.933346	2855649	0.927178	23568	0.00765211	0.993392	0.991814
case_16	61.0	2865753	0.922527	2848722	0.917045	22897	0.00737087	0.994057	0.992026
case_16	420.0	1343787	0.521616	1224832	0.475441	230459	0.0894569	0.911478	0.841641
case_16	30.0	2927665	0.962903	2924831	0.961971	3442	0.00113207	0.999032	0.998825
case_16	420.0	1327201	0.509097	1188249	0.455797	230014	0.0882304	0.895304	0.83782
case_16	420.0	1335890	0.505254	1205560	0.455961	231703	0.0876336	0.90244	0.838789
case_16	420.0	1327677	0.508848	1189998	0.456081	229961	0.0881353	0.896301	0.838051
case_16	419.0	1349484	0.508538	1212754	0.457013	229513	0.0864895	0.89868	0.840866
case_16	42.0	2915801	0.949002	2902709	0.944741	13025	0.00423923	0.99551	0.995533
case_16	150.0	2512498	0.836191	2463305	0.819819	67899	0.0225976	0.980421	0.973175
case_16	6.0	3082941	0.990071	3082272	0.989856	669	0.000214846	0.999783	0.999783
case_16	420.0	1319448	0.505156	1179136	0.451437	227756	0.0871973	0.893659	0.838114
case_16	149.0	2541435	0.836378	2499297	0.822511	64533	0.0212376	0.98342	0.974829
case_16	419.0	1333951	0.505114	1190469	0.450783	230549	0.0872996	0.892438	0.837758
case_16	61.0	2887150	0.92627	2872354	0.921523	22382	0.00718071	0.994875	0.992268
case_16	149.0	2559979	0.839567	2518628	0.826005	64759	0.0212383	0.983847	0.974933
case_17	170.0	2148035	0.815127	1966733	0.746327	81225	0.0308229	0.915596	0.960339
case_17	0.0	2558742	1.0	2558742	1.0	0	0.0	1.0	1.0
case_17	170.0	2131096	0.812685	1941908	0.740539	84559	0.0322462	0.911225	0.958273
case_17	170.0	2062135	0.786443	1855960	0.707813	89722	0.0342176	0.900019	0.953887
case_17	170.0	2096412	0.80424	1899725	0.728786	96275	0.0369337	0.906179	0.951766
case_17	140.0	2044368	0.724355	1937561	0.686511	56960	0.0201819	0.947755	0.971442
case_17	170.0	2051098	0.786109	1848774	0.708566	86349	0.0330943	0.901358	0.955378
case_17	48.0	2433377	0.858201	2421031	0.853846	10377	0.00365975	0.994926	0.995732
case_17	112.0	2103323	0.835609	2054241	0.81611	59433	0.0236116	0.976665	0.971882
case_17	140.0	2057345	0.813108	1964017	0.776222	66724	0.0263708	0.954637	0.967143
case_17	46.0	2402269	0.924168	2391269	0.919936	13176	0.00506889	0.995421	0.99452
case_17	170.0	2167976	0.744519	1955873	0.671679	81615	0.0280279	0.902165	0.959943
case_17	140.0	2030558	0.797664	1934055	0.759755	61114	0.0240074	0.952475	0.969369
case_17	48.0	2433377	0.858201	2421031	0.853846	10377	0.00365975	0.994926	0.995732
case_17	140.0	2127656	0.814415	2023907	0.774702	58409	0.0223575	0.951238	0.97195
case_17	170.0	2148035	0.815127	1966733	0.746327	81225	0.0308229	0.915596	0.960339
case_17	170.0	2157156	0.806098	1953210	0.729887	86933	0.0324856	0.905456	0.957389
case_17	170.0	2131096	0.812685	1941908	0.740539	84559	0.0322462	0.911225	0.958273
case_17	140.0	2066387	0.736175	1970089	0.701868	63162	0.0225022	0.953398	0.968935
case_17	20.0	2624757	0.972577	2616217	0.969413	5824	0.00215802	0.996746	0.997779
case_17	140.0	2030558	0.797664	1934055	0.759755	61114	0.0240074	0.952475	0.969369
case_17	170.0	2132836	0.735717	1931941	0.666419	84504	0.0291495	0.905809	0.958093
case_17	112.0	2200997	0.851786	2157581	0.834984	53361	0.0206507	0.980274	0.975865
case_17	140.0	2057345	0.813108	1964017	0.776222	66724	0.0263708	0.954637	0.967143
case_17	170.0	2074389	0.799757	1872271	0.721833	98181	0.0378526	0.902565	0.950173
case_17	140.0	2127656	0.814415	2023907	0.774702	58409	0.0223575	0.951238	0.97195
case_17	140.0	2136507	0.739481	2024731	0.700794	55035	0.0190485	0.947683	0.973538
case_17	170.0	2179917	0.810688	1982560	0.737293	84620	0.0314693	0.909466	0.959065
case_18	754.0	1140642	0.442492	900743	0.349427	375485	0.145663	0.789681	0.705785
case_18	306.0	1821020	0.697198	1746251	0.668572	142992	0.0547461	0.958941	0.924313
case_18	754.0	940969	0.406781	810242	0.350268	296226	0.128059	0.861072	0.732278
case_18	152.0	2079089	0.824388	2054802	0.814758	62748	0.0248805	0.988318	0.970368
case_18	754.0	1136622	0.422014	894497	0.332116	395691	0.146915	0.786978	0.693307
case_18	50.0	2230081	0.930262	2228097	0.929435	13143	0.00548251	0.99911	0.994136
case_18	754.0	1050149	0.434874	832165	0.344606	317162	0.131339	0.792426	0.724045
case_18	50.0	2225290	0.929445	2223071	0.928518	13435	0.00561145	0.999003	0.993993
case_18	2.0	2371878	0.997576	2371773	0.997531	105	4.41614e-05	0.999956	0.999956
case_18	54.0	2211809	0.880209	2200411	0.875673	19872	0.00790824	0.994847	0.99105
case_18	754.0	1088171	0.434502	865723	0.34568	335213	0.133849	0.795576	0.720874
case_18	54.0	2020069	0.887546	2003033	0.880061	23179	0.010184	0.991567	0.98856
case_18	54.0	2231376	0.894983	2216341	0.888953	26659	0.0106927	0.993262	0.988115
case_18	54.0	2237470	0.896332	2222671	0.890403	26423	0.0105851	0.993386	0.988252
case_18	54.0	2006769	0.874167	1988524	0.86622	17496	0.00762142	0.990908	0.991278
case_18	754.0	1034315	0.408757	816865	0.322821	331109	0.130853	0.789764	0.711571
case_18	754.0	1001186	0.419572	854708	0.358186	320978	0.134514	0.853696	0.726987
case_18	754.0	1137098	0.4383	899166	0.346588	373071	0.143802	0.790755	0.70676
case_18	54.0	2025496	0.88874	2008522	0.881292	23117	0.0101432	0.99162	0.988622
case_18	754.0	1047084	0.434153	829157	0.343794	316692	0.13131	0.791872	0.723618
case_18	754.0	1038044	0.426932	820217	0.337343	309433	0.127265	0.790156	0.726081
case_18	754.0	1091415	0.419227	869916	0.334146	357213	0.13721	0.797053	0.708903
case_18	46.0	2039997	0.851906	2034759	0.849719	21315	0.00890118	0.997432	0.989633
case_18	306.0	1905712	0.709785	1827244	0.680559	151931	0.0565869	0.958825	0.923235
case_18	754.0	1101749	0.442854	880665	0.353988	344263	0.138378	0.799334	0.718952
case_18	754.0	1037395	0.418956	876725	0.354069	357709	0.144462	0.845122	0.710224
case_18	754.0	1098684	0.442164	877657	0.353212	343793	0.138359	0.798826	0.718537
case_18	754.0	1138298	0.442105	898472	0.348959	375953	0.146017	0.789312	0.705002
case_19	152.0	2056570	0.798398	2009957	0.780302	59795	0.0232135	0.977335	0.97111
case_19	78.0	2335672	0.894813	2307032	0.883841	39214	0.0150232	0.987738	0.983286
case_19	78.0	2373430	0.895377	2345090	0.884686	35809	0.013509	0.988059	0.98496
case_19	78.0	2345203	0.886216	2323714	0.878096	40495	0.0153024	0.990837	0.982872
case_19	78.0	2345997	0.896057	2313736	0.883735	36470	0.0139298	0.986248	0.984482
case_19	12.0	2574584	0.986242	2573633	0.985878	951	0.000364298	0.999631	0.999631
case_19	152.0	2059114	0.809641	2015525	0.792501	58855	0.0231417	0.978831	0.971628
case_19	46.0	2454178	0.938878	2444989	0.935363	13201	0.00505022	0.996256	0.99463
case_19	314.0	1860121	0.700388	1744345	0.656795	174986	0.0658872	0.937759	0.90883
case_19	152.0	2066067	0.81229	2008795	0.789773	65570	0.0257794	0.97228	0.96839
case_19	18.0	2580671	0.973656	2577839	0.972587	1868	0.000704774	0.998903	0.999276
case_19	152.0	2055211	0.810539	2004447	0.790519	64352	0.0253793	0.9753	0.968894
case_19	6.0	2607008	0.996237	2606689	0.996115	319	0.000121902	0.999878	0.999878
case_19	314.0	1872999	0.706154	1751267	0.660259	180547	0.0680695	0.935007	0.90654
case_19	46.0	2451757	0.940794	2444086	0.937851	15033	0.0057685	0.996871	0.993887
case_19	78.0	2348239	0.897261	2319395	0.88624	35819	0.0136864	0.987717	0.984792
case_19	314.0	1847843	0.694935	1729194	0.650314	172189	0.0647567	0.935791	0.90944
case_19	314.0	1869955	0.694465	1746067	0.648456	177915	0.0660742	0.933748	0.907528
case_19	152.0	2060497	0.810508	2017380	0.793547	58855	0.0231509	0.979074	0.971653
case_19	152.0	2056499	0.809945	2010650	0.791888	57705	0.0227269	0.977705	0.972101
case_19	18.0	2586785	0.976336	2585626	0.975899	1553	0.000586152	0.999552	0.9994
case_19	78.0	2337914	0.89602	2312691	0.886353	38563	0.0147795	0.989211	0.983599
case_19	78.0	2311894	0.884534	2287424	0.875172	40281	0.0154116	0.989416	0.982695
case_19	78.0	2364373	0.894626	2340366	0.885543	38510	0.0145713	0.989846	0.983812
case_19	314.0	1882390	0.707588	1756747	0.660359	185591	0.0697634	0.933253	0.90445
case_19	314.0	1847907	0.694695	1728358	0.649752	172840	0.0649768	0.935306	0.909089
case_19	78.0	2314440	0.885852	2293083	0.877678	39630	0.0151684	0.990772	0.983011
case_19	314.0	1814228	0.70172	1717054	0.664134	155185	0.0600235	0.946438	0.917113
case_1	886.0	744927	0.300768	488089	0.197068	317085	0.128025	0.655217	0.606191
case_1	33.0	2425707	0.839751	2422767	0.838734	5881	0.00203593	0.998788	0.997578
case_1	57.0	2308475	0.911368	2298992	0.907624	15319	0.00604782	0.995892	0.993381
case_1	57.0	2320972	0.912559	2308681	0.907727	16149	0.00634946	0.994704	0.993054
case_1	885.0	769861	0.307609	523139	0.209028	324963	0.129844	0.679524	0.616835
case_1	885.0	742987	0.262459	482157	0.170321	319177	0.112749	0.648944	0.601693
case_1	118.0	2236656	0.86943	2194748	0.853139	33248	0.0129241	0.981263	0.985077
case_1	119.0	2202414	0.861246	2165304	0.846734	41449	0.0162085	0.98315	0.981217
case_1	118.0	2254264	0.773446	2209978	0.758251	43186	0.0148173	0.980355	0.980833
case_1	98.0	2328901	0.90169	2321367	0.898773	23289	0.0090169	0.996765	0.990067
case_1	885.0	743182	0.298605	478434	0.192231	319825	0.128503	0.643764	0.599347
case_1	4.0	2516718	0.988858	2515892	0.988534	826	0.000324548	0.999672	0.999672
case_1	4.0	2516819	0.994291	2516359	0.99411	460	0.000181727	0.999817	0.999817
case_1	33.0	2420363	0.838836	2417098	0.837704	6116	0.00211965	0.998651	0.997476
case_1	118.0	2220268	0.867648	2179069	0.851548	32984	0.0128897	0.981444	0.985089
case_1	57.0	2327671	0.914037	2318472	0.910425	15864	0.00622953	0.996048	0.993204
case_1	118.0	2218594	0.86822	2169654	0.849068	25748	0.0100762	0.977941	0.988272
case_1	885.0	733120	0.296181	472748	0.190991	309731	0.125132	0.644844	0.604167
case_1	119.0	2193500	0.858974	2151125	0.84238	35959	0.0140815	0.980682	0.983558
case_1	57.0	2303444	0.910538	2290618	0.905468	15543	0.00614406	0.994432	0.99326
case_1	56.0	2377729	0.819709	2361251	0.814029	14801	0.00510257	0.99307	0.993771
case_1	886.0	741344	0.29971	482934	0.19524	316321	0.127882	0.65143	0.60423
case_1	119.0	2202911	0.860358	2170548	0.847718	40774	0.0159245	0.985309	0.981561
case_1	118.0	2252475	0.773791	2195764	0.754309	36599	0.0125728	0.974823	0.983605
case_1	56.0	2357201	0.816462	2340900	0.810815	14624	0.0050653	0.993085	0.993792
case_1	119.0	2199988	0.860431	2159525	0.844606	34025	0.0133074	0.981608	0.984489
case_1	118.0	2235342	0.870142	2186896	0.851283	26145	0.0101773	0.978327	0.988186
case_1	885.0	762951	0.305289	496667	0.198738	302096	0.120881	0.650982	0.621795
case_20	622.0	1206779	0.470096	884540	0.344569	348737	0.135849	0.732976	0.717227
case_20	236.0	1781596	0.693559	1712713	0.666743	107603	0.0418889	0.961336	0.940888
case_20	82.0	2296649	0.907678	2284303	0.902799	27785	0.0109811	0.994624	0.987983
case_20	236.0	1810927	0.697592	1746662	0.672836	105039	0.0404623	0.964513	0.943274
case_20	622.0	1280244	0.516877	966166	0.390073	347791	0.140415	0.754673	0.73531
case_20	28.0	2567965	0.956434	2564561	0.955166	5254	0.00195684	0.998674	0.997955
case_20	236.0	1829129	0.691174	1758611	0.664527	108348	0.0409415	0.961447	0.941966
case_20	236.0	1806648	0.689441	1733804	0.661642	111747	0.0426441	0.95968	0.939451
case_20	622.0	1228162	0.473637	908864	0.350501	339465	0.130914	0.74002	0.728064
case_20	236.0	1807290	0.690674	1735932	0.663404	110191	0.0421106	0.960517	0.940312
case_20	236.0	1829579	0.692	1765821	0.667885	108195	0.0409225	0.965152	0.942266
case_20	52.0	2496530	0.929398	2484750	0.925013	11455	0.00426442	0.995281	0.995411
case_20	28.0	2398783	0.969568	2395695	0.96832	2019	0.000816063	0.998713	0.999158
case_20	236.0	1806002	0.696027	1741171	0.671042	105570	0.0406863	0.964102	0.942834
case_20	52.0	2560865	0.944225	2550864	0.940538	9884	0.00364436	0.996095	0.99614
case_20	82.0	2301049	0.910767	2289003	0.905999	27484	0.0108783	0.994765	0.988135
case_20	236.0	1829538	0.692309	1761114	0.666417	107098	0.0405266	0.9626	0.942674
case_20	236.0	1801477	0.695154	1739902	0.671394	104925	0.0404885	0.96582	0.943125
case_20	622.0	1270119	0.513721	958415	0.387647	348294	0.140873	0.754587	0.733457
case_20	622.0	1235622	0.476286	919079	0.35427	336049	0.129534	0.743819	0.732259
case_20	4.0	2562554	0.99394	2561991	0.993722	563	0.000218371	0.99978	0.99978
case_20	622.0	1298853	0.514435	990760	0.392409	362074	0.143406	0.762796	0.732359
case_20	82.0	2282127	0.903543	2268593	0.898184	27963	0.0110711	0.99407	0.987824
case_20	236.0	1829169	0.690865	1764610	0.666481	109752	0.0414526	0.964706	0.941446
case_20	622.0	1298149	0.513394	989901	0.391487	363703	0.143838	0.762548	0.731308
case_20	236.0	1792914	0.692181	1729605	0.66774	104375	0.0402955	0.964689	0.943088
case_20	82.0	2286323	0.906549	2273293	0.901383	27662	0.0109683	0.994301	0.987978
case_20	236.0	1770531	0.690459	1704302	0.664631	106407	0.0414958	0.962594	0.941235
case_21	72.0	2285029	0.897778	2274962	0.893823	15399	0.0060502	0.995594	0.993277
case_21	16.0	2509802	0.976657	2508163	0.976019	1250	0.000486421	0.999347	0.999502
case_21	410.0	1490873	0.611054	1255399	0.514542	266237	0.109121	0.842056	0.825032
case_21	76.0	2118027	0.904304	2094814	0.894393	23825	0.0101722	0.98904	0.988755
case_21	410.0	1477591	0.609034	1244670	0.513029	271219	0.111791	0.842364	0.821083
case_21	410.0	1523553	0.618738	1331147	0.540599	273758	0.111177	0.873712	0.829424
case_21	175.0	1707776	0.768078	1670201	0.751179	74083	0.0333191	0.977998	0.957528
case_21	410.0	1505703	0.615193	1315650	0.537542	278136	0.113639	0.873778	0.825487
case_21	175.0	1889865	0.811247	1849170	0.793778	73555	0.0315743	0.978467	0.961744
case_21	410.0	1351131	0.578966	1127127	0.482979	242512	0.103918	0.83421	0.822937
case_21	410.0	1375108	0.583098	1202437	0.509879	251861	0.106799	0.874431	0.826816
case_21	4.0	2548097	0.992356	2547539	0.992139	558	0.000217313	0.999781	0.999781
case_21	410.0	1510229	0.612813	1328679	0.539144	273358	0.110922	0.879786	0.829368
case_21	76.0	1944605	0.864369	1930185	0.85796	20152	0.00895749	0.992585	0.989667
case_21	175.0	1867514	0.8064	1826627	0.788745	76516	0.0330399	0.978106	0.959795
case_21	409.0	1493377	0.612511	1327974	0.54467	245843	0.100833	0.889242	0.843792
case_21	72.0	2275572	0.892948	2265950	0.889173	17355	0.00681021	0.995772	0.992399
case_21	409.0	1506210	0.618298	1336233	0.548523	246773	0.1013	0.887149	0.844111
case_21	16.0	2515029	0.978268	2513626	0.977722	1402	0.000545334	0.999442	0.999443
case_21	40.0	2009304	0.898607	2006799	0.897486	17658	0.00789706	0.998753	0.991278
case_21	72.0	2292159	0.900187	2280924	0.895775	15559	0.0061104	0.995099	0.993225
case_21	410.0	1513325	0.614861	1321296	0.53684	273684	0.111197	0.873108	0.828409
case_21	410.0	1390325	0.590067	1209498	0.513322	250315	0.106236	0.869939	0.828529
case_21	410.0	1389352	0.589932	1209950	0.513756	251320	0.106713	0.870874	0.828013
case_21	410.0	1503289	0.613411	1321126	0.53908	277942	0.113413	0.878824	0.826185
case_21	410.0	1515338	0.618849	1324505	0.540914	278362	0.11368	0.874066	0.826335
case_21	409.0	1499443	0.615801	1330453	0.546399	248692	0.102134	0.887298	0.842515
case_21	409.0	1461134	0.605391	1253688	0.51944	242964	0.100667	0.858024	0.837662
case_22	322.0	1824850	0.700862	1699482	0.652713	199807	0.076739	0.9313	0.894799
case_22	170.0	2152277	0.812314	2091137	0.789239	79053	0.0298363	0.971593	0.963573
case_22	122.0	2255463	0.853836	2224606	0.842155	57800	0.021881	0.986319	0.974676
case_22	170.0	2094183	0.8098	2038111	0.788118	70466	0.0272485	0.973225	0.966581
case_22	322.0	1841900	0.690619	1709482	0.640969	212840	0.0798041	0.928108	0.88928
case_22	170.0	2147580	0.812933	2089040	0.790773	82284	0.0311473	0.972741	0.962104
case_22	322.0	1791315	0.69167	1666450	0.643456	187560	0.0724214	0.930294	0.898835
case_22	170.0	2110969	0.812601	2060191	0.793054	69060	0.0265841	0.975946	0.967566
case_22	322.0	1828193	0.700051	1705745	0.653163	196421	0.0752135	0.933022	0.896738
case_22	36.0	2489839	0.958368	2483944	0.956099	7561	0.00291032	0.997632	0.996965
case_22	322.0	1855052	0.707155	1723785	0.657116	202291	0.0771144	0.929238	0.894972
case_22	170.0	2085245	0.806947	2040278	0.789545	69575	0.0269241	0.978436	0.967024
case_22	36.0	2494780	0.957398	2489585	0.955405	7325	0.00281105	0.997918	0.997066
case_22	38.0	2459420	0.957159	2453826	0.954982	10258	0.00399222	0.997725	0.995837
case_22	38.0	2495174	0.965933	2487329	0.962896	7841	0.00303541	0.996856	0.996858
case_22	170.0	2064830	0.802695	2014963	0.783309	71293	0.0277149	0.975849	0.965827
case_22	170.0	2107980	0.815978	2055525	0.795673	73412	0.028417	0.975116	0.965517
case_22	170.0	2062400	0.804186	2015847	0.786034	74472	0.0290387	0.977428	0.964373
case_22	322.0	1805493	0.693482	1681487	0.645852	189742	0.0728791	0.931317	0.8986
case_22	8.0	2543128	0.983325	2541708	0.982776	1420	0.000549057	0.999442	0.999442
case_22	170.0	2179176	0.818837	2119776	0.796517	80749	0.0303419	0.972742	0.963305
case_22	18.0	2502662	0.975934	2501296	0.975402	2376	0.000926541	0.999454	0.999051
case_22	170.0	2089259	0.810338	2036820	0.789999	73558	0.0285301	0.974901	0.965145
case_22	122.0	2238670	0.851889	2210352	0.841113	60998	0.0232118	0.987351	0.973145
case_22	170.0	2135678	0.820494	2083746	0.800543	68784	0.0264257	0.975684	0.968045
case_22	122.0	2273580	0.859029	2242524	0.847295	56748	0.0214411	0.98634	0.975319
case_22	322.0	1812981	0.694991	1692165	0.648677	191118	0.0732635	0.933361	0.898519
case_22	170.0	2111033	0.814702	2056536	0.79367	70321	0.0271387	0.974185	0.966937
case_23	24.0	2562173	0.979627	2560968	0.979167	2164	0.000827389	0.99953	0.999156
case_23	235.0	1980815	0.766931	1901432	0.736196	127078	0.049202	0.959924	0.937354
case_23	235.0	1984176	0.770773	1899145	0.737742	127092	0.0493702	0.957145	0.937277
case_23	235.0	1986223	0.770451	1901143	0.737448	127139	0.0493169	0.957165	0.937317
case_23	235.0	1983570	0.765299	1906423	0.735534	128005	0.0493868	0.961107	0.937081
case_23	235.0	1986914	0.766638	1905981	0.73541	131324	0.0506705	0.959267	0.93554
case_23	235.0	1983341	0.765691	1907384	0.736366	127243	0.0491236	0.961703	0.937461
case_23	235.0	1988412	0.768584	1908161	0.737565	127554	0.0493037	0.959641	0.937342
case_23	0.0	2616986	1.0	2616986	1.0	0	0.0	1.0	1.0
case_23	36.0	2442198	0.952726	2436015	0.950314	13190	0.00514555	0.997468	0.994615
case_23	110.0	2223463	0.870488	2201593	0.861926	61701	0.024156	0.990164	0.972738
case_23	235.0	1983341	0.765691	1907384	0.736366	127243	0.0491236	0.961703	0.937461
case_23	10.0	2591334	0.989584	2590826	0.98939	508	0.000193996	0.999804	0.999804
case_23	24.0	2555944	0.979253	2553858	0.978453	2262	0.000866635	0.999184	0.999115
case_23	24.0	2558289	0.979541	2557132	0.979098	2112	0.000808662	0.999548	0.999175
case_23	235.0	1982669	0.768132	1903856	0.737598	126845	0.0491427	0.960249	0.937536
case_23	235.0	1986365	0.768903	1906161	0.737857	127507	0.0493568	0.959623	0.937302
case_23	235.0	1982669	0.768132	1903856	0.737598	126845	0.0491427	0.960249	0.937536
case_23	235.0	1986537	0.766973	1907025	0.736275	130422	0.050354	0.959975	0.935988
case_23	24.0	2555944	0.979253	2553858	0.978453	2262	0.000866635	0.999184	0.999115
case_23	24.0	2559828	0.979339	2557694	0.978523	2314	0.00088529	0.999166	0.999096
case_23	2.0	2600487	0.997524	2600430	0.997502	57	2.18647e-05	0.999978	0.999978
case_23	235.0	1986537	0.766973	1907025	0.736275	130422	0.050354	0.959975	0.935988
case_23	110.0	2226769	0.871727	2196543	0.859894	54058	0.0211624	0.986426	0.975981
case_23	24.0	2559828	0.979339	2557694	0.978523	2314	0.00088529	0.999166	0.999096
case_23	235.0	1987304	0.769315	1903890	0.737025	131103	0.050752	0.958027	0.935576
case_23	235.0	1989351	0.768996	1905890	0.736733	131150	0.0506968	0.958046	0.935617
case_23	10.0	2591334	0.989584	2590826	0.98939	508	0.000193996	0.999804	0.999804
case_24	432.0	1643556	0.629865	1417029	0.543053	259082	0.0992888	0.862173	0.845427
case_24	432.0	1677534	0.633757	1452995	0.548928	247621	0.093549	0.866149	0.854393
case_24	92.0	2221989	0.884179	2201554	0.876048	40983	0.0163081	0.990803	0.981725
case_24	58.0	2372493	0.922771	2361885	0.918645	16879	0.00656502	0.995529	0.992904
case_24	432.0	1613566	0.620528	1380634	0.53095	246239	0.094696	0.855641	0.848643
case_24	116.0	2139078	0.853527	2094970	0.835927	45208	0.0180387	0.97938	0.978877
case_24	20.0	2479764	0.97615	2477731	0.975349	2511	0.000988446	0.99918	0.998988
case_24	116.0	2156185	0.853779	2099531	0.831346	46310	0.0183372	0.973725	0.978419
case_24	92.0	2241795	0.889229	2219767	0.880491	42270	0.0167668	0.990174	0.981313
case_24	54.0	2547264	0.951813	2540976	0.949463	8456	0.00315968	0.997531	0.996683
case_24	432.0	1615883	0.619778	1386391	0.531755	257506	0.0987673	0.857977	0.843356
case_24	116.0	2190637	0.856171	2150998	0.840679	40530	0.0158404	0.981905	0.981506
case_24	432.0	1629543	0.623104	1398721	0.534843	262402	0.100337	0.858352	0.842033
case_24	20.0	2471379	0.97418	2469157	0.973304	2734	0.0010777	0.999101	0.998894
case_24	432.0	1633470	0.626833	1412568	0.542064	256554	0.0984509	0.864765	0.846294
case_24	432.0	1626437	0.625222	1402378	0.539091	254076	0.0976699	0.862239	0.846615
case_24	432.0	1660449	0.625926	1431609	0.539662	249759	0.0941496	0.862182	0.851455
case_24	432.0	1620504	0.627597	1402544	0.543184	240754	0.0932404	0.865499	0.853493
case_24	116.0	2173419	0.859061	2113623	0.835426	46945	0.0185554	0.972488	0.978272
case_24	432.0	1612162	0.622961	1386252	0.535666	244283	0.0943942	0.859871	0.850182
case_24	116.0	2178188	0.859767	2123338	0.838117	46212	0.0182406	0.974819	0.9787
case_24	432.0	1626886	0.627055	1399828	0.53954	243257	0.0937592	0.860434	0.851951
case_24	116.0	2236479	0.867545	2185634	0.847822	44833	0.017391	0.977266	0.9799
case_24	432.0	1618424	0.619675	1394183	0.533815	259577	0.0993888	0.861445	0.843038
case_24	116.0	2248222	0.870569	2197096	0.850772	43324	0.0167762	0.977259	0.980663
case_24	92.0	2229537	0.885585	2206873	0.876583	42950	0.01706	0.989835	0.98091
case_24	116.0	2258530	0.873387	2207014	0.853466	43869	0.0169644	0.97719	0.98051
case_24	14.0	2498606	0.981815	2497117	0.98123	1489	0.000585095	0.999404	0.999404
case_25	129.0	1933178	0.822503	1907147	0.811428	75420	0.0320887	0.986535	0.961958
case_25	22.0	2257068	0.97824	2255429	0.97753	2147	0.000930535	0.999274	0.999049
case_25	33.0	2217470	0.966912	2212107	0.964573	4400	0.00191859	0.997581	0.998015
case_25	130.0	1919097	0.815631	1892907	0.8045	81990	0.0348464	0.986353	0.958484
case_25	291.0	1635346	0.616384	1468826	0.55362	192616	0.0725995	0.898174	0.884067
case_25	291.0	1702452	0.628868	1532778	0.566192	182551	0.0674324	0.900336	0.893577
case_25	22.0	2226538	0.969792	2223093	0.968291	7016	0.00305589	0.998453	0.996854
case_25	33.0	2213205	0.962354	2210539	0.961194	3747	0.00162928	0.998795	0.998308
case_25	290.0	1651961	0.623243	1486691	0.56089	188066	0.0709525	0.899955	0.887705
case_25	130.0	1918102	0.818698	1892736	0.807871	77991	0.0332887	0.986775	0.960425
case_25	33.0	2206314	0.960804	2202039	0.958943	5884	0.00256236	0.998062	0.997335
case_25	33.0	2199344	0.961971	2194417	0.959816	4126	0.00180467	0.99776	0.998123
case_25	34.0	2186597	0.955334	2182917	0.953726	6443	0.00281498	0.998317	0.997057
case_25	154.0	2297470	0.799385	2251415	0.783361	95800	0.0333328	0.979954	0.959186
case_25	290.0	1651477	0.652569	1498255	0.592025	187434	0.0740632	0.907221	0.888809
case_25	129.0	1943641	0.822234	1918640	0.811658	73748	0.0311982	0.987137	0.962985
case_25	291.0	1632208	0.648523	1471636	0.584723	191094	0.0759271	0.901623	0.885072
case_25	33.0	2231239	0.967225	2227425	0.965571	4067	0.00176301	0.998291	0.998177
case_25	291.0	1633414	0.617992	1467802	0.555334	185292	0.070104	0.89861	0.887912
case_25	130.0	1929219	0.820968	1904024	0.810246	82765	0.0352202	0.98694	0.958342
case_25	34.0	2193696	0.95968	2189546	0.957864	4986	0.00218123	0.998108	0.997728
case_25	290.0	1658342	0.622481	1496195	0.561617	187825	0.0705026	0.902223	0.888466
case_25	291.0	1644081	0.62037	1476335	0.557073	190563	0.0719061	0.89797	0.885678
case_25	33.0	2221378	0.961713	2217852	0.960186	7839	0.00339378	0.998413	0.996478
case_25	290.0	1642466	0.652488	1488256	0.591226	186593	0.0741261	0.906111	0.888591
case_25	291.0	1631197	0.647358	1472756	0.584479	191244	0.0758972	0.902868	0.88507
case_25	291.0	1629065	0.649096	1474759	0.587613	187611	0.074753	0.905279	0.887142
case_25	291.0	1711633	0.665018	1545363	0.600417	193162	0.0750489	0.902859	0.888893
case_26	2.0	2389196	0.999146	2389193	0.999145	3	1.25458e-06	0.999999	0.999999
case_26	713.0	983816	0.444798	755162	0.34142	310217	0.140254	0.767585	0.70882
case_26	16.0	2367770	0.985642	2367098	0.985362	672	0.000279736	0.999716	0.999716
case_26	129.0	1709968	0.776463	1693459	0.768967	25783	0.0117076	0.990345	0.985003
case_26	712.0	978143	0.422825	775465	0.335213	317452	0.137226	0.792793	0.709537
case_26	129.0	2108088	0.85106	2080402	0.839883	27988	0.0112991	0.986867	0.986725
case_26	129.0	2112165	0.852005	2083906	0.840606	27987	0.0112894	0.986621	0.986748
case_26	129.0	1737446	0.783626	1718415	0.775043	25442	0.0114749	0.989047	0.985411
case_26	713.0	981692	0.444624	750484	0.339906	311369	0.141024	0.76448	0.706768
case_26	713.0	983817	0.445209	755162	0.341735	310217	0.140383	0.767584	0.70882
case_26	16.0	2371847	0.986503	2371176	0.986224	671	0.000279083	0.999717	0.999717
case_26	22.0	2328227	0.975244	2326999	0.974729	2587	0.00108364	0.999473	0.99889
case_26	129.0	1737698	0.787657	1719855	0.779569	25259	0.0114493	0.989732	0.985526
case_26	80.0	1862473	0.812619	1854568	0.80917	14152	0.00617468	0.995756	0.992427
case_26	713.0	981632	0.440673	756297	0.339516	310043	0.139184	0.770449	0.709246
case_26	40.0	1943967	0.950072	1938680	0.947489	5487	0.00268165	0.99728	0.997178
case_26	22.0	2332304	0.976119	2331077	0.975605	2586	0.0010823	0.999474	0.998892
case_26	713.0	978072	0.439847	749280	0.336957	310820	0.139778	0.766079	0.706801
case_26	129.0	2109402	0.847123	2081231	0.83581	28655	0.0115077	0.986645	0.986419
case_26	713.0	982786	0.442129	752586	0.338568	312467	0.140571	0.765768	0.706618
case_26	712.0	771503	0.381043	586925	0.289881	232915	0.115036	0.760755	0.715902
case_26	129.0	2086889	0.843139	2056933	0.831036	28682	0.011588	0.985646	0.986248
case_26	129.0	1735097	0.787204	1716351	0.778699	25260	0.0114603	0.989196	0.985496
case_26	712.0	979912	0.426493	769277	0.334817	316216	0.137629	0.785047	0.708689
case_26	713.0	979259	0.437443	750654	0.335323	311414	0.139111	0.766553	0.706785
case_26	712.0	772647	0.378663	587293	0.287823	230789	0.113106	0.760105	0.71789
case_26	22.0	2329832	0.970606	2328462	0.970035	2696	0.00112315	0.999412	0.998843
case_26	713.0	981633	0.441077	756297	0.339827	310043	0.139312	0.770448	0.709246
case_27	704.0	1139924	0.441402	800167	0.309841	325663	0.126103	0.701948	0.710735
case_27	216.0	2213672	0.779717	2137769	0.752982	67589	0.0238067	0.965712	0.969352
case_27	704.0	1170769	0.462973	838055	0.331403	331089	0.130927	0.715816	0.716811
case_27	705.0	1207278	0.459235	879320	0.334483	352974	0.134267	0.728349	0.713563
case_27	92.0	2529178	0.887041	2514303	0.881824	28350	0.009943	0.994119	0.98885
case_27	6.0	2386788	0.996103	2386599	0.996024	189	7.88773e-05	0.999921	0.999921
case_27	101.0	2075266	0.879294	2058093	0.872018	42687	0.0180866	0.991725	0.97968
case_27	705.0	1183151	0.453096	855177	0.327496	336454	0.128847	0.722796	0.717653
case_27	216.0	2198824	0.785982	2115770	0.756294	79670	0.0284785	0.962228	0.963711
case_27	124.0	2436392	0.859558	2410064	0.85027	28815	0.0101659	0.989194	0.988185
case_27	86.0	2511749	0.901766	2498482	0.897003	28088	0.0100841	0.994718	0.988883
case_27	705.0	1176624	0.449353	834704	0.318774	333599	0.127401	0.709406	0.714458
case_27	705.0	1203754	0.469184	875109	0.341089	331441	0.129185	0.726983	0.725299
case_27	705.0	1203573	0.469269	874811	0.341086	330208	0.128747	0.726845	0.725973
case_27	216.0	2168608	0.77986	2099526	0.755017	72448	0.0260532	0.968145	0.966644
case_27	216.0	2164938	0.776522	2083572	0.747338	68734	0.0246536	0.962416	0.968065
case_27	216.0	2219811	0.783875	2146946	0.758144	71454	0.0252323	0.967175	0.96779
case_27	216.0	2254340	0.791378	2169466	0.761583	80759	0.0283502	0.962351	0.964111
case_27	704.0	1193766	0.462721	852825	0.330567	352558	0.136657	0.714399	0.707514
case_27	704.0	1144669	0.444483	818472	0.317818	334124	0.129743	0.715029	0.710112
case_27	705.0	1205746	0.4588	878054	0.33411	352215	0.134022	0.728225	0.713709
case_27	101.0	2071227	0.877899	2052744	0.870065	43277	0.0183432	0.991076	0.979353
case_27	124.0	2480960	0.872341	2443230	0.859075	35124	0.0123501	0.984792	0.985828
case_27	704.0	1160924	0.447876	834432	0.321918	347433	0.134037	0.718765	0.70603
case_27	705.0	1183231	0.452979	856609	0.327938	337725	0.129292	0.723958	0.717227
case_27	705.0	1223910	0.467729	901404	0.34448	356516	0.136246	0.736495	0.716583
case_27	705.0	1220493	0.466574	898787	0.343591	354890	0.135669	0.736413	0.716921
case_27	705.0	1177730	0.449629	836134	0.319216	334872	0.127846	0.709954	0.714031
case_28	147.0	2202513	0.82951	2148840	0.809296	65347	0.024611	0.975631	0.970487
case_28	212.0	2053041	0.761817	1953773	0.724982	120681	0.0447808	0.951648	0.941825
case_28	51.0	2483144	0.938841	2474049	0.935402	19060	0.00720631	0.996337	0.992355
case_28	146.0	2156419	0.832063	2103263	0.811553	56873	0.0219447	0.97535	0.973672
case_28	147.0	2192064	0.840662	2134277	0.818501	57685	0.0221223	0.973638	0.973683
case_28	211.0	2036098	0.751628	1941566	0.716731	116860	0.043139	0.953572	0.943228
case_28	211.0	2056362	0.756234	1962739	0.721804	112771	0.0414719	0.954472	0.945666
case_28	146.0	2192546	0.824549	2133934	0.802507	62837	0.0236311	0.973268	0.971396
case_28	20.0	2570223	0.976932	2568019	0.976094	6247	0.00237446	0.999142	0.997573
case_28	71.0	2389100	0.91715	2375936	0.912097	22574	0.00866592	0.99449	0.990588
case_28	211.0	2004228	0.748116	1911257	0.713412	115899	0.0432615	0.953613	0.942827
case_28	51.0	2481890	0.941965	2475306	0.939466	15868	0.00602247	0.997347	0.99363
case_28	70.0	2374116	0.906529	2360154	0.901198	26479	0.0101107	0.994119	0.988905
case_28	147.0	2206278	0.834102	2151257	0.813301	62159	0.0234997	0.975062	0.971917
case_28	211.0	2053812	0.755389	1956716	0.719677	111378	0.0409646	0.952724	0.946145
case_28	147.0	2205008	0.830553	2146549	0.808534	64467	0.0242826	0.973488	0.970843
case_28	212.0	2065497	0.763576	1962665	0.725561	122519	0.045293	0.950214	0.941243
case_28	146.0	2176438	0.830215	2116264	0.807261	55498	0.02117	0.972352	0.974446
case_28	128.0	2234466	0.849123	2209931	0.839799	60516	0.0229968	0.98902	0.973346
case_28	128.0	2235841	0.849539	2211918	0.840449	60451	0.0229692	0.9893	0.973397
case_28	211.0	2039645	0.76059	1936386	0.722084	107777	0.0401904	0.949374	0.947276
case_28	147.0	2188022	0.835873	2129848	0.81365	60747	0.0232067	0.973413	0.972269
case_28	147.0	2208774	0.83515	2148478	0.812352	61279	0.0231699	0.972702	0.972269
case_28	146.0	2166152	0.823986	2116104	0.804948	64233	0.0244337	0.976895	0.97054
case_28	71.0	2388839	0.913507	2369809	0.90623	26656	0.0101934	0.992034	0.988877
case_28	146.0	2195461	0.825748	2135090	0.803041	61610	0.0231725	0.972502	0.971953
case_28	146.0	2165046	0.823461	2118883	0.805903	65113	0.0247653	0.978678	0.970186
case_28	6.0	2650376	0.993004	2649666	0.992738	710	0.000266012	0.999732	0.999732
case_29	268.0	1854321	0.725116	1679931	0.656922	177463	0.0693954	0.905955	0.904456
case_29	39.0	2445498	0.934897	2433201	0.930196	13230	0.00505774	0.994972	0.994592
case_29	14.0	2596790	0.987743	2596588	0.987666	327	0.000124381	0.999922	0.999874
case_29	87.0	2305970	0.888008	2284690	0.879813	29093	0.0112035	0.990772	0.987426
case_29	18.0	2556226	0.969901	2552045	0.968314	5478	0.0020785	0.998364	0.997858
case_29	38.0	2509538	0.955626	2503781	0.953434	11760	0.00447818	0.997706	0.995325
case_29	28.0	2505681	0.957604	2500052	0.955453	3962	0.00151417	0.997754	0.998418
case_29	267.0	1867822	0.724777	1702274	0.660538	178171	0.0691362	0.911368	0.905251
case_29	267.0	1905585	0.73255	1737755	0.668033	184298	0.0708484	0.911927	0.904114
case_29	88.0	2293320	0.883416	2270196	0.874509	34164	0.0131604	0.989917	0.985174
case_29	39.0	2490024	0.950008	2479434	0.945968	13147	0.00501592	0.995747	0.994726
case_29	267.0	1911647	0.73823	1737699	0.671056	181791	0.0702031	0.909006	0.905292
case_29	28.0	2511148	0.957083	2505068	0.954766	3859	0.00147079	0.997579	0.998462
case_29	87.0	2306133	0.881641	2285753	0.87385	32833	0.0125521	0.991163	0.985839
case_29	268.0	1923133	0.743276	1752565	0.677353	184098	0.0711524	0.911307	0.904941
case_29	268.0	1880935	0.728609	1710410	0.662554	184004	0.0712768	0.90934	0.90287
case_29	39.0	2492486	0.944125	2480684	0.939655	13231	0.00501175	0.995265	0.994695
case_29	87.0	2310458	0.887298	2288880	0.879011	30269	0.0116244	0.990661	0.986948
case_29	39.0	2522817	0.960382	2514900	0.957368	8903	0.00338918	0.996862	0.996472
case_29	87.0	2261332	0.872587	2240020	0.864363	31287	0.0120728	0.990575	0.986225
case_29	28.0	2555708	0.967772	2551396	0.966139	3962	0.00150029	0.998313	0.99845
case_29	267.0	1909749	0.739535	1738265	0.673129	179788	0.0696215	0.910206	0.906265
case_29	88.0	2317167	0.890602	2298795	0.88354	29333	0.0112741	0.992071	0.987401
case_29	39.0	2527078	0.959398	2519241	0.956422	8862	0.00336443	0.996899	0.996495
case_29	39.0	2493858	0.948887	2483470	0.944935	13064	0.00497072	0.995835	0.994767
case_29	39.0	2473326	0.943432	2465453	0.940429	12396	0.00472836	0.996817	0.994997
case_29	28.0	2556906	0.965616	2553367	0.964279	3971	0.00149965	0.998616	0.998447
case_29	39.0	2523493	0.953763	2515232	0.950641	12489	0.00472026	0.996726	0.995059
case_2	10.0	2494484	0.986764	2493427	0.986346	1057	0.000418126	0.999576	0.999576
case_2	38.0	2410180	0.955323	2401443	0.95186	3682	0.00145943	0.996375	0.998469
case_2	6.0	2513425	0.995592	2513052	0.995444	373	0.000147749	0.999852	0.999852
case_2	38.0	2404298	0.952937	2397698	0.950321	3203	0.0012695	0.997255	0.998666
case_2	134.0	2186809	0.847867	2158627	0.83694	35094	0.0136066	0.987113	0.984003
case_2	818.0	1074921	0.407002	773430	0.292847	358966	0.135917	0.719523	0.683003
case_2	10.0	2494484	0.986764	2493427	0.986346	1057	0.000418126	0.999576	0.999576
case_2	134.0	2188740	0.849372	2161194	0.838683	34949	0.0135625	0.987415	0.984086
case_2	28.0	2447608	0.969857	2443743	0.968325	2082	0.000824986	0.998421	0.999149
case_2	134.0	2203508	0.854843	2175438	0.843954	33006	0.0128046	0.987261	0.985055
case_2	38.0	2410180	0.955323	2401443	0.95186	3682	0.00145943	0.996375	0.998469
case_2	818.0	1047663	0.404961	753105	0.291103	376522	0.14554	0.718843	0.666685
case_2	134.0	2188336	0.849005	2165537	0.840159	32680	0.0126788	0.989582	0.985133
case_2	818.0	1049969	0.405829	751675	0.290534	380634	0.147121	0.715902	0.663843
case_2	818.0	1047663	0.404961	753105	0.291103	376522	0.14554	0.718843	0.666685
case_2	28.0	2446078	0.967561	2441577	0.96578	1600	0.000632889	0.99816	0.999345
case_2	28.0	2447608	0.969857	2443743	0.968325	2082	0.000824986	0.998421	0.999149
case_2	0.0	2523536	1.0	2523536	1.0	0	0.0	1.0	1.0
case_2	818.0	1054402	0.407304	757029	0.292432	386411	0.149266	0.71797	0.662063
case_2	134.0	2190230	0.848289	2163201	0.83782	32677	0.012656	0.987659	0.985119
case_2	818.0	1053023	0.407133	754596	0.291751	384960	0.148838	0.7166	0.662184
case_2	134.0	2188336	0.849005	2165537	0.840159	32680	0.0126788	0.989582	0.985133
case_2	38.0	2403147	0.951614	2398847	0.949911	3227	0.00127785	0.998211	0.998657
case_2	818.0	1045915	0.403597	750253	0.289507	379401	0.146403	0.717317	0.664144
case_2	38.0	2407241	0.951628	2399246	0.948468	3224	0.00127451	0.996679	0.998658
case_2	38.0	2410269	0.954489	2401413	0.950982	3706	0.00146761	0.996326	0.998459
case_2	38.0	2407342	0.952534	2398096	0.948875	3200	0.00126617	0.996159	0.998667
case_2	38.0	2410269	0.954489	2401413	0.950982	3706	0.00146761	0.996326	0.998459
case_30	115.0	2328067	0.838459	2289878	0.824705	48403	0.0174325	0.983596	0.9793
case_30	467.0	1538423	0.551525	1303545	0.467321	252885	0.0906593	0.847325	0.837522
case_30	68.0	2397347	0.887547	2372525	0.878358	20841	0.00771577	0.989646	0.991292
case_30	468.0	1573200	0.576647	1332014	0.488242	237905	0.0872026	0.846691	0.84846
case_30	75.0	2489233	0.887431	2469762	0.880489	21323	0.00760182	0.992178	0.99144
case_30	468.0	1553745	0.580067	1315285	0.491042	254608	0.0950541	0.846526	0.837818
case_30	467.0	1558867	0.574933	1314974	0.484982	257375	0.0949237	0.843545	0.836312
case_30	14.0	2671638	0.968805	2669157	0.967906	2857	0.00103602	0.999071	0.998931
case_30	116.0	2336718	0.851644	2306503	0.840631	47530	0.0173229	0.987069	0.979809
case_30	468.0	1524217	0.564069	1290913	0.47773	263682	0.0975811	0.846935	0.830385
case_30	66.0	2391322	0.89799	2373498	0.891297	16325	0.00613037	0.992546	0.993169
case_30	75.0	2477259	0.887751	2464697	0.883249	23273	0.00834011	0.994929	0.990646
case_30	134.0	2234745	0.825857	2187105	0.808252	68951	0.0254811	0.978682	0.969437
case_30	468.0	1532498	0.555943	1303517	0.472876	250978	0.0910471	0.850583	0.838547
case_30	468.0	1511485	0.55122	1279986	0.466795	253276	0.0923666	0.84684	0.834812
case_30	134.0	2200483	0.825363	2163452	0.811474	62595	0.0234783	0.983171	0.971881
case_30	134.0	2187482	0.832389	2145091	0.816258	61956	0.0235757	0.980621	0.971928
case_30	467.0	1550740	0.564006	1314162	0.477963	264094	0.0960513	0.847442	0.832667
case_30	468.0	1581327	0.587162	1313490	0.487711	247846	0.0920275	0.830625	0.84126
case_30	468.0	1588972	0.591071	1341620	0.49906	247265	0.0919784	0.844332	0.844378
case_30	468.0	1533163	0.575498	1290588	0.484444	255899	0.0960559	0.841781	0.834529
case_30	116.0	2316874	0.848897	2286633	0.837817	49348	0.018081	0.986947	0.978875
case_30	68.0	2403277	0.916204	2386308	0.909735	15865	0.00604823	0.992939	0.993396
case_30	468.0	1597720	0.602874	1348057	0.508667	240005	0.090562	0.843738	0.848869
case_30	468.0	1546430	0.569235	1315362	0.48418	261776	0.0963588	0.85058	0.834018
case_30	468.0	1548760	0.569071	1287583	0.473105	269942	0.0991866	0.831364	0.826685
case_30	468.0	1526448	0.563877	1260186	0.465518	269820	0.0996727	0.825568	0.823648
case_30	467.0	1548465	0.562182	1286870	0.467208	267592	0.0971513	0.831062	0.827856
case_3	501.0	1260149	0.513944	1037236	0.42303	265396	0.10824	0.823106	0.796262
case_3	128.0	1987999	0.747295	1962861	0.737845	31610	0.0118823	0.987355	0.984151
case_3	27.0	2485219	0.971265	2481106	0.969658	3044	0.00118965	0.998345	0.998775
case_3	10.0	2530501	0.986038	2529611	0.985691	3866	0.00150643	0.999648	0.998474
case_3	27.0	2491973	0.972813	2487442	0.971044	3353	0.00130894	0.998182	0.998654
case_3	127.0	1989099	0.745582	1965306	0.736663	35383	0.0132627	0.988038	0.982315
case_3	500.0	1265124	0.484819	1031546	0.395308	265458	0.101728	0.815371	0.79533
case_3	127.0	1991334	0.745725	1968193	0.737059	30435	0.0113974	0.988379	0.984772
case_3	27.0	2477536	0.969204	2474096	0.967858	5727	0.00224038	0.998612	0.997691
case_3	128.0	1994851	0.749062	1970781	0.740023	32000	0.0120159	0.987934	0.984022
case_3	500.0	1267363	0.48614	1037017	0.397783	264462	0.101443	0.818248	0.796799
case_3	52.0	2406747	0.940203	2399919	0.937536	11689	0.00456634	0.997163	0.995153
case_3	53.0	2406755	0.943002	2400796	0.940667	7673	0.00300639	0.997524	0.996814
case_3	500.0	1248591	0.479681	1019227	0.391565	262036	0.100668	0.816302	0.795486
case_3	138.0	1974396	0.821276	1932985	0.80405	33855	0.0140824	0.979026	0.982787
case_3	501.0	1262848	0.485286	1028913	0.39539	265517	0.102033	0.814756	0.794877
case_3	52.0	2411088	0.940985	2405407	0.938768	9279	0.00362135	0.997644	0.996157
case_3	137.0	1939645	0.806591	1904259	0.791875	38058	0.0158262	0.981756	0.980406
case_3	138.0	1969448	0.820197	1925864	0.802046	33771	0.0140643	0.97787	0.982767
case_3	127.0	1964773	0.737578	1944107	0.72982	31042	0.0116532	0.989482	0.984284
case_3	53.0	2417220	0.946037	2409865	0.943159	7825	0.0030625	0.996957	0.996763
case_3	8.0	2526947	0.990361	2526085	0.990023	862	0.000337835	0.999659	0.999659
case_3	137.0	1962885	0.814049	1927307	0.799294	33984	0.0140939	0.981875	0.982673
case_3	27.0	2487473	0.971999	2482024	0.96987	5945	0.00232305	0.997809	0.997611
case_3	501.0	1250329	0.461207	1008445	0.371984	267446	0.0986524	0.806544	0.790385
case_3	137.0	1962677	0.814803	1926187	0.799654	39266	0.0163012	0.981408	0.980022
case_3	501.0	1258222	0.484043	1023399	0.393705	260455	0.100198	0.813369	0.79713
case_3	138.0	1954142	0.777682	1918631	0.763549	41773	0.0166242	0.981828	0.978692
case_4	503.0	1427668	0.523056	1173936	0.430096	333725	0.122267	0.822275	0.778647
case_4	228.0	1574340	0.695102	1529518	0.675312	93108	0.041109	0.97153	0.942619
case_4	503.0	1137147	0.45256	874531	0.348044	241456	0.0960943	0.769057	0.783639
case_4	503.0	1129878	0.464428	879848	0.361655	247141	0.101585	0.778711	0.780707
case_4	503.0	1443933	0.521367	1168364	0.421866	329248	0.118883	0.809154	0.780151
case_4	503.0	1120877	0.466602	870149	0.362228	247115	0.10287	0.776311	0.778821
case_4	78.0	2705781	0.900174	2691843	0.895537	18466	0.00614337	0.994849	0.993187
case_4	16.0	2906105	0.987957	2905256	0.987668	849	0.000288625	0.999708	0.999708
case_4	102.0	2635980	0.875166	2584174	0.857966	28899	0.0095947	0.980347	0.988941
case_4	102.0	2608225	0.889537	2563515	0.874288	28485	0.00971483	0.982858	0.98901
case_4	503.0	1453527	0.526621	1204512	0.436401	340189	0.123252	0.828682	0.77977
case_4	503.0	1141649	0.467457	864937	0.354155	236177	0.0967045	0.757621	0.785511
case_4	503.0	1447726	0.523745	1168460	0.422715	329576	0.119231	0.8071	0.779995
case_4	102.0	2582867	0.867528	2529115	0.849474	38059	0.0127832	0.979189	0.985175
case_4	503.0	1131289	0.4654	863780	0.35535	243124	0.100019	0.763536	0.780357
case_4	503.0	1142880	0.468986	863530	0.354353	238212	0.0977513	0.755574	0.783786
case_4	102.0	2614003	0.892132	2578233	0.879924	30320	0.0103479	0.986316	0.988377
case_4	102.0	2607640	0.887722	2561506	0.872017	28829	0.00981429	0.982308	0.988871
case_4	86.0	2620089	0.901357	2598380	0.893889	30899	0.0106298	0.991714	0.988248
case_4	102.0	2567093	0.885995	2512829	0.867267	36011	0.0124287	0.978862	0.985872
case_4	86.0	2622913	0.903988	2599509	0.895922	31258	0.0107731	0.991077	0.988118
case_4	102.0	2635395	0.873425	2582165	0.855784	29243	0.00969174	0.979802	0.988802
case_4	503.0	1473339	0.518788	1204992	0.424299	337003	0.118665	0.817865	0.78145
case_4	24.0	2854767	0.949091	2849797	0.947439	6572	0.00218492	0.998259	0.997699
case_4	78.0	2692330	0.920145	2679138	0.915637	15644	0.00534658	0.9951	0.994195
case_4	102.0	2610173	0.889206	2573066	0.876565	31687	0.0107948	0.985784	0.987835
case_4	102.0	2567884	0.886897	2527092	0.872808	39572	0.0136674	0.984115	0.984582
case_4	503.0	1453007	0.526824	1186081	0.430043	336222	0.121906	0.816294	0.779136
case_5	351.0	1688902	0.658285	1485422	0.578974	237485	0.0925647	0.879519	0.86216
case_5	50.0	2415938	0.947493	2410857	0.9455	13027	0.00510898	0.997897	0.994626
case_5	96.0	2249933	0.897276	2238499	0.892716	26178	0.0104398	0.994918	0.988441
case_5	352.0	1721595	0.667078	1507301	0.584044	240092	0.0930301	0.875526	0.8626
case_5	105.0	2250097	0.882032	2209240	0.866016	29796	0.0116799	0.981842	0.986692
case_5	351.0	1718329	0.665499	1494647	0.578868	254792	0.0986794	0.869826	0.854358
case_5	105.0	2238967	0.879907	2206114	0.866995	27020	0.0106188	0.985327	0.9879
case_5	352.0	1724815	0.665821	1511126	0.583332	236428	0.091267	0.876109	0.864709
case_5	81.0	2244099	0.887306	2231092	0.882163	21423	0.00847055	0.994204	0.990489
case_5	352.0	1711389	0.66039	1501763	0.5795	236247	0.0911629	0.877511	0.86407
case_5	81.0	2258835	0.893476	2245083	0.888036	20594	0.0081459	0.993912	0.99091
case_5	105.0	2246190	0.886126	2209056	0.871477	30574	0.0120615	0.983468	0.986349
case_5	81.0	2259474	0.891441	2248246	0.887011	20233	0.00798262	0.995031	0.991081
case_5	105.0	2229140	0.885983	2197382	0.873361	28864	0.0114721	0.985753	0.987035
case_5	50.0	2417507	0.944512	2411636	0.942218	12166	0.00475321	0.997571	0.994981
case_5	105.0	2214715	0.87991	2185709	0.868386	29902	0.0118801	0.986903	0.986504
case_5	8.0	2510744	0.983058	2509584	0.982603	1160	0.000454187	0.999538	0.999538
case_5	50.0	2403912	0.938844	2396975	0.936134	12936	0.00505213	0.997114	0.994632
case_5	81.0	2257528	0.896401	2243165	0.890698	20520	0.00814792	0.993638	0.990935
case_5	105.0	2224625	0.873936	2193226	0.861601	28791	0.0113104	0.985886	0.987043
case_5	351.0	1723925	0.675129	1505504	0.58959	245602	0.0961835	0.8733	0.859745
case_5	104.0	2206865	0.875861	2170021	0.861239	31082	0.0123358	0.983305	0.985879
case_5	352.0	1721850	0.663016	1502605	0.578593	247734	0.0953925	0.872669	0.858465
case_5	32.0	2473424	0.972512	2471494	0.971754	3891	0.00152988	0.99922	0.998428
case_5	104.0	2194209	0.880817	2163164	0.868354	32459	0.0130299	0.985851	0.985216
case_5	105.0	2230184	0.889832	2195821	0.876121	33272	0.0132754	0.984592	0.985074
case_5	32.0	2457035	0.965699	2454129	0.964557	4939	0.0019412	0.998817	0.997992
case_5	105.0	2232830	0.885167	2189392	0.867947	31216	0.012375	0.980546	0.985943
case_6	381.0	1711286	0.659089	1547058	0.595838	220634	0.0849755	0.904032	0.875185
case_6	122.0	2204732	0.83262	2181193	0.823731	40017	0.0151125	0.989323	0.981984
case_6	381.0	1700743	0.655828	1535621	0.592155	222644	0.0858544	0.902912	0.873373
case_6	30.0	2473332	0.956926	2470407	0.955794	3927	0.00151935	0.998817	0.998413
case_6	381.0	1682022	0.652878	1517067	0.588851	226207	0.0878024	0.901931	0.87024
case_6	381.0	1738782	0.666043	1577343	0.604204	218810	0.0838155	0.907154	0.878179
case_6	381.0	1724839	0.648859	1551937	0.583816	222660	0.0837614	0.899758	0.874529
case_6	381.0	1725252	0.661362	1563124	0.599211	217936	0.083544	0.906026	0.877637
case_6	381.0	1706744	0.658849	1546277	0.596905	223563	0.0863014	0.905981	0.873682
case_6	122.0	2237907	0.84065	2214744	0.831949	32421	0.0121787	0.98965	0.985572
case_6	54.0	2462425	0.942399	2456934	0.940298	10697	0.00409387	0.99777	0.995665
case_6	10.0	2582941	0.99282	2582817	0.992773	124	4.76626e-05	0.999952	0.999952
case_6	30.0	2523662	0.969298	2522305	0.968777	3585	0.00137694	0.999462	0.998581
case_6	54.0	2433831	0.936536	2429333	0.934805	15142	0.00582663	0.998152	0.993806
case_6	30.0	2521525	0.968035	2520212	0.967531	3495	0.00134176	0.999479	0.998615
case_6	381.0	1726289	0.662061	1565681	0.600465	219553	0.0842023	0.906963	0.877017
case_6	381.0	1699706	0.655128	1533078	0.590904	220084	0.0848283	0.901967	0.874465
case_6	381.0	1731930	0.664615	1558852	0.598198	213307	0.0818549	0.900066	0.879634
case_6	381.0	1710760	0.660791	1539754	0.594739	215729	0.0833265	0.900041	0.877111
case_6	30.0	2475469	0.958194	2472500	0.957044	4017	0.00155488	0.998801	0.998378
case_6	381.0	1717314	0.646509	1539156	0.579439	219372	0.0825859	0.896258	0.875252
case_6	18.0	2509301	0.9701	2507588	0.969438	2603	0.00100632	0.999317	0.998963
case_6	14.0	2532121	0.973783	2530649	0.973217	3832	0.00147368	0.999419	0.998488
case_6	122.0	2247523	0.844748	2225771	0.836573	34329	0.0129028	0.990322	0.984811
case_6	381.0	1717817	0.646988	1540856	0.580338	220692	0.08312	0.896985	0.874717
case_6	381.0	1696436	0.643042	1521335	0.576669	228030	0.0864358	0.896783	0.86965
case_6	381.0	1730594	0.6638	1556259	0.59693	211659	0.0811855	0.899263	0.880278
case_6	381.0	1742863	0.667999	1570018	0.601751	210269	0.0805912	0.900827	0.88189
case_7	661.0	1042743	0.425056	785833	0.320331	252541	0.102944	0.753621	0.756792
case_7	63.0	2670398	0.9242	2659823	0.92054	10174	0.00352113	0.99604	0.99619
case_7	662.0	1044883	0.420583	787028	0.316792	260324	0.104785	0.753221	0.751446
case_7	50.0	2722731	0.937398	2715900	0.935046	9857	0.00339363	0.997491	0.996384
case_7	436.0	1712570	0.602371	1550468	0.545354	278314	0.0978927	0.905346	0.847815
case_7	662.0	1052591	0.423416	789748	0.317685	256743	0.103278	0.75029	0.754663
case_7	28.0	2696540	0.963975	2693961	0.963053	9437	0.0033736	0.999044	0.996509
case_7	661.0	1025900	0.424811	731971	0.303099	275285	0.113992	0.713492	0.726698
case_7	46.0	2644793	0.937226	2635643	0.933983	9862	0.00349476	0.99654	0.996272
case_7	437.0	1735129	0.608669	1574952	0.55248	274595	0.0963256	0.907686	0.851534
case_7	661.0	1020248	0.422747	746878	0.309474	274603	0.113784	0.732055	0.731172
case_7	46.0	2639311	0.940993	2633291	0.938846	13120	0.00467767	0.997719	0.995042
case_7	661.0	1027827	0.422887	752560	0.309632	277940	0.114355	0.732185	0.730286
case_7	437.0	1725508	0.600008	1572570	0.546827	276265	0.0960652	0.911366	0.850573
case_7	662.0	1039972	0.421595	781182	0.316684	258828	0.104926	0.751157	0.751129
case_7	436.0	1722141	0.60734	1558471	0.549619	285320	0.100623	0.904961	0.845254
case_7	56.0	1893164	0.924332	1886999	0.921322	14964	0.00730613	0.996744	0.992132
case_7	437.0	1725830	0.605303	1573489	0.551873	284629	0.0998284	0.911729	0.846819
case_7	437.0	1735522	0.605069	1581255	0.551286	283588	0.0988696	0.911112	0.847929
case_7	437.0	1725803	0.603808	1563659	0.547079	269702	0.0943609	0.906047	0.852892
case_7	63.0	2677123	0.932209	2665475	0.928153	12190	0.00424471	0.995649	0.995448
case_7	661.0	1028144	0.421443	739465	0.303111	283189	0.116081	0.719223	0.723084
case_7	662.0	1050542	0.425607	785944	0.31841	256011	0.103718	0.748132	0.754297
case_7	661.0	1030635	0.423767	737596	0.303278	278585	0.114546	0.715671	0.725851
case_7	661.0	1020993	0.418783	749534	0.307438	281864	0.115613	0.734123	0.726717
case_7	661.0	1031378	0.420694	781111	0.318611	255150	0.104074	0.757347	0.753778
case_7	437.0	1731325	0.611004	1567278	0.55311	276301	0.0975098	0.905248	0.850128
case_7	436.0	1715808	0.608783	1552220	0.55074	285301	0.101227	0.904658	0.844736
case_8	462.0	1231491	0.534428	1065563	0.462421	209061	0.0907258	0.865263	0.835982
case_8	462.0	1239325	0.535835	1079102	0.466561	205949	0.0890441	0.870718	0.839735
case_8	88.0	1763765	0.75858	1757973	0.756089	13172	0.00566516	0.996716	0.992563
case_8	243.0	1861350	0.716841	1795947	0.691653	100252	0.0386089	0.964863	0.94713
case_8	462.0	1495250	0.549759	1291372	0.474799	279726	0.102847	0.86365	0.821955
case_8	463.0	1504444	0.582125	1306485	0.505527	253908	0.0982464	0.868417	0.837279
case_8	462.0	1495250	0.549759	1291372	0.474799	279726	0.102847	0.86365	0.821955
case_8	23.0	2626878	0.975125	2624516	0.974248	5063	0.00187944	0.999101	0.998075
case_8	462.0	1509438	0.553232	1310634	0.480368	270356	0.0990896	0.868293	0.828996
case_8	68.0	2477408	0.914974	2467533	0.911327	24614	0.00909062	0.996014	0.990123
case_8	463.0	1491987	0.579226	1296062	0.503163	270717	0.105099	0.868682	0.827214
case_8	52.0	2278382	0.940988	2269411	0.937282	11461	0.00473347	0.996063	0.994975
case_8	243.0	1485235	0.690886	1424313	0.662547	74253	0.0345402	0.958982	0.950451
case_8	69.0	2481472	0.918227	2470416	0.914136	27914	0.0103291	0.995545	0.988827
case_8	463.0	1475692	0.579955	1278382	0.502411	262943	0.103338	0.866293	0.829405
case_8	243.0	1506084	0.690519	1447947	0.663864	75969	0.0348307	0.961399	0.950149
case_8	23.0	2626878	0.975125	2624516	0.974248	5063	0.00187944	0.999101	0.998075
case_8	0.0	2699054	1.0	2699054	1.0	0	0.0	1.0	1.0
case_8	243.0	1838655	0.71675	1772343	0.6909	98958	0.0385761	0.963935	0.947118
case_8	464.0	1476133	0.581309	1281013	0.504469	260272	0.102496	0.867817	0.831133
case_8	463.0	1235053	0.537178	1066426	0.463835	205716	0.0894748	0.863466	0.838292
case_8	463.0	1484764	0.581561	1290756	0.505571	248461	0.0973187	0.869334	0.83858
case_8	68.0	2477408	0.914974	2467533	0.911327	24614	0.00909062	0.996014	0.990123
case_8	463.0	1475692	0.579955	1278382	0.502411	262943	0.103338	0.866293	0.829405
case_8	463.0	1498038	0.551832	1293835	0.47661	276586	0.101886	0.863686	0.823878
case_8	463.0	1491987	0.579226	1296062	0.503163	270717	0.105099	0.868682	0.827214
case_8	464.0	1490791	0.579925	1294279	0.503481	267141	0.103919	0.868183	0.828912
case_8	462.0	1231491	0.534428	1065563	0.462421	209061	0.0907258	0.865263	0.835982
case_9	99.0	2169551	0.884578	2146392	0.875135	24228	0.00987834	0.989325	0.988838
case_9	56.0	2306380	0.940235	2296928	0.936382	8594	0.00350349	0.995902	0.996272
case_9	99.0	2132748	0.876795	2112589	0.868508	20282	0.00833815	0.990548	0.990491
case_9	150.0	2062478	0.842943	2018918	0.82514	51783	0.0211639	0.97888	0.974993
case_9	100.0	2180715	0.888716	2154667	0.878101	22822	0.00930075	0.988055	0.989519
case_9	582.0	1359202	0.494316	1153368	0.419458	311142	0.113156	0.848563	0.787545
case_9	149.0	2073409	0.843568	2024405	0.823631	46754	0.0190219	0.976365	0.977426
case_9	46.0	2271602	0.935971	2265551	0.933478	10962	0.00451669	0.997336	0.995185
case_9	14.0	2428037	0.985491	2426996	0.985069	1041	0.000422521	0.999571	0.999571
case_9	100.0	2142902	0.880557	2121021	0.871565	19077	0.00783908	0.989789	0.991086
case_9	55.0	2309904	0.939921	2300524	0.936104	6430	0.00261643	0.995939	0.997213
case_9	149.0	2063761	0.841598	2013550	0.821122	47317	0.0192958	0.97567	0.97704
case_9	582.0	1357560	0.492398	1150772	0.417395	310595	0.112655	0.847677	0.787463
case_9	150.0	2072913	0.844937	2027534	0.82644	48344	0.0197054	0.978109	0.976712
case_9	39.0	2353541	0.954812	2347933	0.952537	5127	0.00207998	0.997617	0.997821
case_9	582.0	1348607	0.4904	1136964	0.413439	302329	0.109937	0.843065	0.789946
case_9	39.0	2337891	0.950665	2333486	0.948874	5039	0.00204903	0.998116	0.997845
case_9	99.0	2140722	0.878013	2119371	0.869256	17127	0.0070246	0.990026	0.991984
case_9	100.0	2142575	0.883098	2124023	0.875452	17115	0.00705423	0.991341	0.992007
case_9	99.0	2180024	0.886784	2154534	0.876415	21073	0.00857201	0.988307	0.990314
case_9	150.0	2078171	0.849634	2039862	0.833972	47295	0.019336	0.981566	0.97734
case_9	55.0	2296085	0.936474	2286424	0.932533	6471	0.00263924	0.995792	0.997178
case_9	100.0	2176237	0.889564	2155066	0.88091	19676	0.00804281	0.990272	0.990952
case_9	581.0	1360967	0.492818	1155136	0.418285	316646	0.11466	0.848761	0.784855
case_9	582.0	1322876	0.484525	1125398	0.412195	296442	0.108577	0.850721	0.791508
case_9	582.0	1334707	0.485267	1145177	0.416358	300150	0.109127	0.857999	0.792331
case_9	150.0	2034555	0.838454	1986778	0.818765	47580	0.019608	0.976517	0.976612
case_9	581.0	1357967	0.49275	1147500	0.41638	312760	0.113488	0.845013	0.785819
