case_10	142.0	2096710	0.830813	2053531	0.813703	56555	0.0224097	0.979406	0.973198
case_10	271.0	1976263	0.741998	1800794	0.676117	125277	0.0470359	0.911212	0.934957
case_10	18.0	2492932	0.976188	2489717	0.974929	3215	0.00125894	0.99871	0.99871
case_10	142.0	2130888	0.83882	2097349	0.825618	52013	0.0204748	0.984261	0.975801
case_10	260.0	1892245	0.718669	1740792	0.661148	163986	0.0622814	0.919961	0.913908
case_10	49.0	2367544	0.93579	2346313	0.927398	14176	0.00560317	0.991032	0.993994
case_10	142.0	2131492	0.83757	2095641	0.823482	53560	0.0210464	0.98318	0.975079
case_10	30.0	2454134	0.962697	2450728	0.961361	4840	0.00189861	0.998612	0.998029
case_10	260.0	1860786	0.712579	1725147	0.660637	157843	0.0604452	0.927107	0.916174
case_10	142.0	2101021	0.831034	2053795	0.812355	57681	0.0228151	0.977522	0.972682
case_10	271.0	1926724	0.701501	1672878	0.609078	156839	0.0571035	0.86825	0.914282
case_10	260.0	1889566	0.719015	1751354	0.666423	159542	0.0607087	0.926855	0.916509
case_10	271.0	1967889	0.740108	1794144	0.674764	126960	0.0477487	0.91171	0.933913
case_10	260.0	1894661	0.718523	1736942	0.658711	167064	0.0633567	0.916756	0.912257
case_10	49.0	2400171	0.942482	2393919	0.940027	10249	0.00402451	0.997395	0.995737
case_10	142.0	2140256	0.839728	2102510	0.824918	55841	0.0219092	0.982364	0.974128
case_10	28.0	2430033	0.963073	2425248	0.961177	6576	0.00260621	0.998031	0.997296
case_10	30.0	2447748	0.961662	2445014	0.960588	2676	0.00105134	0.998883	0.998907
case_10	142.0	2108233	0.832604	2059505	0.81336	59965	0.023682	0.976887	0.971708
case_10	141.0	2128231	0.834064	2088600	0.818532	50594	0.019828	0.981378	0.976349
case_10	260.0	1887379	0.718052	1741225	0.662448	162992	0.0620102	0.922562	0.914405
case_10	271.0	1932485	0.726924	1762316	0.662913	125088	0.0470531	0.911943	0.933725
case_10	259.0	1881228	0.713998	1741106	0.660816	160765	0.0610165	0.925516	0.91547
case_10	270.0	1935587	0.726237	1769520	0.663928	117144	0.0439527	0.914203	0.937909
case_10	271.0	1903097	0.720382	1730261	0.654958	119277	0.0451501	0.909182	0.93551
case_10	141.0	2126243	0.834761	2089068	0.820167	48932	0.0192107	0.982516	0.977113
case_10	271.0	1982351	0.743197	1797927	0.674055	127205	0.04769	0.906967	0.933924
case_10	141.0	2138848	0.836947	2097377	0.820719	53547	0.0209533	0.980611	0.975105
case_11	100.0	2281272	0.88082	2231650	0.86166	48678	0.018795	0.978248	0.978653
case_11	100.0	2277272	0.880117	2224425	0.859693	47506	0.0183601	0.976794	0.97909
case_11	78.0	2312467	0.894631	2291035	0.88634	17462	0.00675558	0.990732	0.992436
case_11	100.0	2277272	0.880117	2224425	0.859693	47506	0.0183601	0.976794	0.97909
case_11	78.0	2315083	0.89631	2295945	0.8889	18201	0.00704672	0.991733	0.992135
case_11	14.0	2512102	0.980419	2509492	0.9794	2610	0.00101863	0.998961	0.998961
case_11	0.0	2627521	1.0	2627521	1.0	0	0.0	1.0	1.0
case_11	78.0	2308728	0.905424	2280401	0.894315	31654	0.0124139	0.98773	0.986309
case_11	100.0	2271386	0.870257	2229298	0.854132	41223	0.0157941	0.98147	0.981844
case_11	86.0	2324132	0.89577	2309551	0.89015	32536	0.0125401	0.993726	0.986108
case_11	86.0	2324132	0.89577	2309551	0.89015	32536	0.0125401	0.993726	0.986108
case_11	100.0	2245338	0.871279	2205936	0.855989	33206	0.0128852	0.982452	0.98517
case_11	78.0	2320974	0.905629	2295881	0.895838	27912	0.0108911	0.989189	0.987989
case_11	46.0	2392116	0.929902	2387517	0.928114	17597	0.00684059	0.998077	0.992684
case_11	100.0	2270543	0.884356	2224266	0.866332	35870	0.013971	0.979619	0.984129
case_11	100.0	2290849	0.880307	2237702	0.859884	46569	0.0178951	0.9768	0.979613
case_11	100.0	2294777	0.882468	2244933	0.8633	44926	0.0172765	0.978279	0.98038
case_11	100.0	2261933	0.885467	2212116	0.865966	39435	0.0154374	0.977976	0.982485
case_11	78.0	2294270	0.892726	2272460	0.884239	21662	0.00842892	0.990494	0.990558
case_11	100.0	2253152	0.881175	2215893	0.866603	40183	0.015715	0.983464	0.982189
case_11	26.0	2493566	0.968293	2488945	0.966498	5638	0.00218933	0.998147	0.99774
case_11	100.0	2281272	0.88082	2231650	0.86166	48678	0.018795	0.978248	0.978653
case_11	100.0	2294777	0.882468	2244933	0.8633	44926	0.0172765	0.978279	0.98038
case_11	100.0	2271386	0.870257	2229298	0.854132	41223	0.0157941	0.98147	0.981844
case_11	100.0	2273848	0.884981	2223648	0.865443	37939	0.0147659	0.977923	0.983225
case_11	26.0	2473012	0.965887	2468199	0.964007	7869	0.0030734	0.998054	0.996822
case_11	78.0	2323533	0.905948	2294471	0.894617	27894	0.0108759	0.987492	0.987989
case_11	100.0	2290849	0.880307	2237702	0.859884	46569	0.0178951	0.9768	0.979613
case_12	687.0	1146317	0.461523	949913	0.382448	323462	0.13023	0.828665	0.745981
case_12	74.0	2051952	0.883743	2042434	0.879644	8870	0.00382017	0.995361	0.995676
case_12	74.0	2050844	0.879245	2040336	0.87474	8925	0.00382636	0.994876	0.995645
case_12	687.0	1144542	0.459706	949609	0.381411	329793	0.132461	0.829685	0.742229
case_12	687.0	1327573	0.486332	1032873	0.378374	377372	0.138243	0.778016	0.732407
case_12	362.0	1662877	0.647567	1574152	0.613015	157681	0.061405	0.946644	0.908951
case_12	687.0	1222424	0.476083	998003	0.38868	345654	0.134618	0.816413	0.742751
case_12	42.0	2579327	0.941227	2571541	0.938386	15486	0.00565103	0.996981	0.994014
case_12	687.0	1329149	0.485849	1031463	0.377034	382823	0.139935	0.776033	0.729317
case_12	362.0	1676612	0.647613	1586318	0.612736	165080	0.0637643	0.946145	0.905744
case_12	687.0	1348122	0.491984	1051707	0.38381	382499	0.139589	0.780127	0.733303
case_12	34.0	2144439	0.920245	2140879	0.918717	3378	0.0014496	0.99834	0.998425
case_12	362.0	1543064	0.621206	1469599	0.59163	140683	0.0566361	0.95239	0.912635
case_12	362.0	1557384	0.624355	1480203	0.593413	145733	0.0584243	0.950442	0.91037
case_12	74.0	2207130	0.910227	2200486	0.907487	10792	0.00445065	0.99699	0.99512
case_12	687.0	1226268	0.475613	997626	0.386933	346156	0.134258	0.813546	0.742402
case_12	687.0	1232799	0.477452	1002669	0.388325	361834	0.140135	0.813327	0.734824
case_12	687.0	1229636	0.475819	997439	0.385969	353932	0.136957	0.811166	0.738094
case_12	362.0	1677851	0.650761	1588806	0.616224	162761	0.0631275	0.946929	0.907077
case_12	50.0	2599694	0.95035	2592834	0.947842	17604	0.00643536	0.997361	0.993256
case_12	687.0	1352510	0.492514	1052349	0.383211	388596	0.141507	0.778071	0.730319
case_12	74.0	2208508	0.914801	2201920	0.912072	10825	0.0044839	0.997017	0.995108
case_12	10.0	2396270	0.991666	2396051	0.991576	219	9.06304e-05	0.999909	0.999909
case_12	687.0	1225792	0.476289	997819	0.387709	353429	0.137327	0.81402	0.738443
case_12	362.0	1663782	0.645251	1574407	0.61059	160207	0.0621318	0.946282	0.907641
case_12	362.0	1667804	0.647366	1590185	0.617238	163015	0.0632751	0.95346	0.907019
case_12	362.0	1684320	0.651147	1602215	0.619406	168690	0.0652144	0.951253	0.904744
case_12	687.0	1234251	0.47912	1004449	0.389914	355229	0.137895	0.813813	0.73874
case_13	1344.0	748437	0.255831	358507	0.122545	275799	0.0942736	0.479008	0.565196
case_13	1344.0	756008	0.260846	364759	0.125853	278176	0.0959791	0.48248	0.567334
case_13	4.0	2660994	0.996061	2660781	0.995982	213	7.973e-05	0.99992	0.99992
case_13	64.0	2529986	0.935053	2518545	0.930825	7515	0.00277746	0.995478	0.997025
case_13	1344.0	739252	0.250255	357443	0.121003	278778	0.0943731	0.48352	0.561822
case_13	192.0	2203573	0.815972	2160580	0.800052	57528	0.0213023	0.980489	0.974064
case_13	192.0	2200020	0.81635	2157091	0.80042	56670	0.0210282	0.980487	0.974401
case_13	192.0	2189427	0.817964	2144203	0.801068	55379	0.0206894	0.979344	0.974823
case_13	38.0	3058989	0.953551	3057330	0.953034	4431	0.00138124	0.999458	0.998553
case_13	170.0	2638430	0.828034	2595763	0.814644	64459	0.0202295	0.983829	0.975769
case_13	1344.0	772006	0.260394	374899	0.126452	269512	0.0909051	0.485617	0.58177
case_13	1344.0	784649	0.268043	368800	0.125985	278274	0.0950607	0.470019	0.56995
case_13	1344.0	740369	0.250159	357443	0.120774	278778	0.0941945	0.48279	0.561822
case_13	40.0	2562619	0.952113	2555731	0.949553	12640	0.00469625	0.997312	0.995079
case_13	192.0	2192629	0.81745	2147692	0.800696	56237	0.0209661	0.979505	0.974483
case_13	1344.0	782703	0.266702	374066	0.127461	282500	0.0962605	0.477916	0.569731
case_13	1344.0	781660	0.266716	375957	0.128283	268837	0.0917319	0.480973	0.583065
case_13	1344.0	787023	0.266883	364671	0.123661	278199	0.0943384	0.463355	0.567255
case_13	192.0	2171773	0.810138	2131309	0.795044	57787	0.0215563	0.981368	0.973602
case_13	1344.0	778749	0.26106	364479	0.122184	279067	0.0935515	0.468031	0.56636
case_13	1344.0	747344	0.255947	358507	0.12278	275799	0.0944544	0.479708	0.565196
case_13	1344.0	778197	0.267508	380218	0.130701	271897	0.0934655	0.488588	0.583054
case_13	1344.0	773831	0.260652	372687	0.125533	284272	0.0957523	0.481613	0.567291
case_13	1344.0	781419	0.268241	378588	0.129959	282008	0.096806	0.484488	0.573101
case_13	170.0	2615200	0.829617	2575618	0.817061	59484	0.01887	0.984865	0.977426
case_13	64.0	2518817	0.929529	2506451	0.924966	11764	0.00434132	0.995091	0.995328
case_13	1344.0	756820	0.260622	364759	0.12561	278174	0.0957933	0.481963	0.567336
case_13	192.0	2174975	0.809641	2134798	0.794685	58645	0.0218308	0.981528	0.973263
case_14	312.0	1919106	0.705789	1736046	0.638465	186601	0.0686262	0.904612	0.902946
case_14	312.0	1916192	0.703839	1730211	0.635526	179872	0.066069	0.902942	0.90583
case_14	311.0	1868337	0.700346	1703538	0.638571	181460	0.0680203	0.911794	0.903735
case_14	245.0	1896710	0.746017	1815147	0.713937	118080	0.0464434	0.956998	0.938921
case_14	311.0	1942896	0.715684	1767066	0.650915	191490	0.0705371	0.909501	0.902229
case_14	312.0	1919599	0.703182	1736614	0.636152	176209	0.0645484	0.904675	0.90788
case_14	18.0	2590221	0.981243	2588611	0.980633	4490	0.00170093	0.999378	0.998268
case_14	245.0	1817616	0.728374	1749542	0.701095	104188	0.0417513	0.962548	0.943795
case_14	311.0	1937727	0.712888	1762317	0.648355	183892	0.0676537	0.909476	0.905513
case_14	22.0	2728073	0.971816	2726020	0.971084	4759	0.00169529	0.999247	0.998257
case_14	210.0	1976850	0.773965	1920137	0.751761	110643	0.0433183	0.971311	0.945517
case_14	2.0	2630307	0.999224	2630307	0.999224	0	0.0	1.0	1.0
case_14	311.0	1873844	0.701517	1707430	0.639216	174359	0.0652754	0.911191	0.907344
case_14	210.0	1967777	0.773266	1908411	0.749937	112160	0.0440749	0.969831	0.944491
case_14	18.0	2590227	0.980488	2588617	0.979878	4490	0.00169962	0.999378	0.998268
case_14	245.0	1955515	0.757661	1859256	0.720365	118148	0.0457762	0.950776	0.940251
case_14	245.0	2032833	0.770765	1924074	0.729528	119063	0.0451437	0.946499	0.941725
case_14	245.0	1955521	0.757065	1859262	0.719799	118148	0.0457401	0.950776	0.940251
case_14	312.0	1916187	0.704364	1730211	0.636002	179872	0.0661185	0.902945	0.90583
case_14	312.0	1791909	0.680067	1646960	0.625056	165236	0.0627106	0.919109	0.90882
case_14	312.0	1919102	0.706317	1736046	0.638944	186601	0.0686777	0.904614	0.902946
case_14	26.0	2455745	0.952327	2452259	0.950975	5658	0.00219415	0.99858	0.997698
case_14	312.0	1925095	0.706074	1744937	0.639996	182995	0.0671177	0.906416	0.905082
case_14	245.0	1964485	0.758366	1869347	0.72164	116104	0.0448206	0.951571	0.941523
case_14	210.0	1967783	0.772649	1908417	0.749339	112160	0.0440396	0.969831	0.944491
case_14	312.0	1797615	0.683113	1653563	0.628372	170944	0.0649606	0.919865	0.906307
case_14	245.0	2021573	0.769245	1911967	0.727538	121171	0.0461077	0.945782	0.940402
case_14	245.0	2021579	0.768651	1911973	0.726976	121171	0.046072	0.945782	0.940402
case_15	80.0	2413098	0.86379	2398339	0.858507	28568	0.0102262	0.993884	0.988229
case_15	6.0	2619958	0.986299	2619101	0.985976	857	0.000322623	0.999673	0.999673
case_15	228.0	1940709	0.738459	1800888	0.685256	128066	0.0487304	0.927954	0.933609
case_15	229.0	2027150	0.760439	1889779	0.708908	129439	0.0485561	0.932234	0.935896
case_15	163.0	2124654	0.803593	2068625	0.782402	80207	0.0303361	0.973629	0.962674
case_15	163.0	2115414	0.803371	2057514	0.781383	78867	0.0299513	0.972629	0.963084
case_15	163.0	2189412	0.823091	2130248	0.800849	70346	0.026446	0.972977	0.968033
case_15	163.0	2136974	0.803836	2087996	0.785413	79910	0.0300587	0.977081	0.96314
case_15	229.0	2075863	0.735071	1960653	0.694275	138728	0.0491241	0.9445	0.93392
case_15	66.0	2352551	0.889656	2336982	0.883768	23954	0.0090586	0.993382	0.989854
case_15	229.0	2016896	0.760738	1876248	0.707688	122806	0.0463203	0.930265	0.938568
case_15	36.0	2577710	0.96124	2574696	0.960116	4306	0.00160573	0.998831	0.99833
case_15	163.0	2201993	0.823325	2150545	0.804088	69380	0.0259412	0.976636	0.968747
case_15	229.0	2046148	0.731098	1928950	0.689223	132902	0.0474865	0.942723	0.935542
case_15	36.0	2556834	0.957301	2554232	0.956326	3894	0.00145795	0.998982	0.998478
case_15	54.0	2428248	0.920906	2420980	0.918149	19618	0.00744007	0.997007	0.991962
case_15	228.0	2034689	0.726061	1906074	0.680166	131251	0.0468358	0.936789	0.935577
case_15	66.0	2417562	0.908727	2404881	0.903961	14728	0.00553605	0.994755	0.993913
case_15	228.0	1988882	0.752197	1833813	0.69355	119930	0.0453576	0.922032	0.938615
case_15	163.0	2150337	0.809387	2092496	0.787616	69797	0.0262716	0.973101	0.967721
case_15	163.0	2174532	0.820821	2114776	0.798265	69508	0.0262372	0.97252	0.968178
case_15	229.0	2005451	0.759507	1866460	0.706868	123259	0.0466808	0.930693	0.938052
case_15	228.0	1975616	0.709041	1853732	0.665297	143780	0.0516021	0.938306	0.92802
case_15	163.0	2175062	0.810971	2120241	0.790531	71057	0.0264936	0.974796	0.967573
case_15	229.0	2060453	0.733387	1941471	0.691037	133984	0.0476895	0.942254	0.935444
case_15	228.0	2005819	0.71384	1879685	0.668951	129489	0.0460831	0.937116	0.935551
case_15	163.0	2163809	0.811169	2106123	0.789544	70593	0.0264639	0.973341	0.967569
case_15	228.0	1963676	0.740554	1817654	0.685485	115437	0.0435343	0.925638	0.940284
case_16	160.0	2161777	0.841732	2130219	0.829445	53022	0.0206452	0.985402	0.975714
case_16	118.0	2224062	0.878398	2204865	0.870816	45490	0.0179664	0.991368	0.979785
case_16	749.0	1149614	0.365323	909777	0.289108	355868	0.113087	0.791376	0.718825
case_16	749.0	1217649	0.377807	972453	0.301729	394003	0.12225	0.798632	0.711661
case_16	749.0	1214356	0.37646	944640	0.292846	377587	0.117055	0.777894	0.714431
case_16	749.0	1214099	0.374115	952047	0.293366	370564	0.114186	0.784159	0.719824
case_16	160.0	2156809	0.84509	2125658	0.832884	51682	0.0202503	0.985557	0.976264
case_16	78.0	3452265	0.892816	3436641	0.888776	34041	0.0088036	0.995474	0.990192
case_16	100.0	3446354	0.877196	3416926	0.869706	33811	0.00860587	0.991461	0.990202
case_16	2.0	3898648	0.998954	3898608	0.998944	40	1.02492e-05	0.99999	0.99999
case_16	100.0	3424118	0.874385	3391266	0.865996	39740	0.010148	0.990406	0.988417
case_16	100.0	3444329	0.876529	3414379	0.868907	34323	0.00873468	0.991305	0.990048
case_16	749.0	1214793	0.374251	951873	0.293251	370568	0.114164	0.783568	0.719785
case_16	749.0	1241749	0.383372	982976	0.303479	405042	0.125051	0.791606	0.708187
case_16	749.0	1187154	0.369871	925542	0.288363	363087	0.113124	0.779631	0.718238
case_16	749.0	1213662	0.376324	944814	0.292962	377583	0.117078	0.778482	0.714471
case_16	749.0	1169006	0.367249	926064	0.290928	358362	0.112581	0.792181	0.720994
case_16	749.0	1215046	0.375508	950974	0.293897	380819	0.117691	0.782665	0.714055
case_16	749.0	1186760	0.369827	925716	0.288479	363083	0.113147	0.780036	0.718278
case_16	100.0	3421971	0.873686	3388505	0.865141	39768	0.0101534	0.99022	0.9884
case_16	100.0	3296890	0.858428	3264940	0.850109	38878	0.0101229	0.990309	0.988232
case_16	749.0	1243052	0.381394	993668	0.304878	401661	0.123238	0.799378	0.712139
case_16	100.0	3299037	0.859139	3267701	0.850978	38850	0.0101174	0.990501	0.988251
case_16	749.0	1172103	0.370575	915572	0.28947	368605	0.116539	0.781136	0.712964
case_16	4.0	3761326	0.975976	3761301	0.975969	25	6.48691e-06	0.999993	0.999993
case_16	78.0	3586038	0.909514	3569906	0.905422	34806	0.00882772	0.995501	0.990344
case_16	749.0	1241604	0.379459	974863	0.297938	386709	0.118186	0.785164	0.715983
case_16	749.0	1240825	0.381578	971212	0.298667	396346	0.121884	0.782715	0.71018
case_17	22.0	2509226	0.974052	2506959	0.973172	2267	0.000880022	0.999097	0.999097
case_17	388.0	1649663	0.601875	1449037	0.528678	246410	0.0899021	0.878384	0.854664
case_17	22.0	2525474	0.976879	2523445	0.976094	1890	0.000731071	0.999197	0.999252
case_17	184.0	2073862	0.798356	2013684	0.775189	78552	0.0302394	0.970983	0.962455
case_17	184.0	2074879	0.799037	2011592	0.774665	79077	0.0304526	0.969498	0.962176
case_17	185.0	1996736	0.783063	1933367	0.758211	74819	0.0293419	0.968264	0.962743
case_17	184.0	2062966	0.796977	2000311	0.772771	75998	0.02936	0.969629	0.963398
case_17	184.0	1977152	0.780319	1911935	0.754579	75350	0.0297382	0.967015	0.962084
case_17	44.0	2486822	0.95065	2478765	0.94757	17575	0.00671849	0.99676	0.99296
case_17	388.0	1688080	0.625545	1513887	0.560995	237877	0.0881491	0.89681	0.864207
case_17	388.0	1668076	0.60677	1462221	0.531889	243786	0.0886783	0.876591	0.857101
case_17	49.0	2433354	0.938957	2419095	0.933455	15611	0.00602381	0.99414	0.993588
case_17	388.0	1660071	0.603652	1459727	0.530801	248328	0.0902995	0.879316	0.854614
case_17	184.0	1975409	0.779341	1916123	0.755952	74681	0.0294633	0.969988	0.962487
case_17	185.0	2076772	0.794828	2015610	0.77142	76956	0.0294528	0.970549	0.963224
case_17	389.0	1686266	0.609809	1480826	0.535515	250701	0.0906617	0.878169	0.855214
case_17	389.0	1685627	0.609721	1477769	0.534535	247110	0.0893841	0.876688	0.856738
case_17	86.0	2283138	0.896686	2270359	0.891668	24370	0.00957115	0.994403	0.98938
case_17	49.0	2451654	0.943021	2436192	0.937074	15324	0.00589433	0.993693	0.993749
case_17	12.0	2530349	0.981893	2529414	0.98153	1581	0.000613501	0.99963	0.999375
case_17	185.0	1997682	0.783633	1931854	0.757811	76850	0.0301461	0.967048	0.961742
case_17	184.0	1966109	0.778491	1903572	0.753729	73769	0.0292092	0.968193	0.962693
case_17	388.0	1753979	0.635148	1549494	0.561101	249787	0.0904525	0.883417	0.861174
case_17	185.0	2084908	0.798141	2022061	0.774082	79893	0.0305845	0.969856	0.961991
case_17	49.0	2430946	0.937792	2414552	0.931468	9973	0.00384731	0.993256	0.995887
case_17	49.0	2444006	0.939504	2434925	0.936014	9645	0.00370765	0.996284	0.996055
case_17	49.0	2455465	0.944145	2444966	0.940108	14429	0.00554806	0.995724	0.994133
case_17	49.0	2445423	0.940389	2433245	0.935706	9850	0.00378782	0.99502	0.995968
case_18	219.0	2132996	0.787662	2066079	0.762951	101239	0.037385	0.968628	0.953288
case_18	182.0	2169555	0.804221	2140637	0.793501	90074	0.033389	0.986671	0.959621
case_18	922.0	1119188	0.346905	706551	0.219003	339476	0.105224	0.631307	0.675462
case_18	922.0	1105857	0.348061	708543	0.223009	348825	0.10979	0.640718	0.670101
case_18	924.0	1149139	0.345279	691411	0.207747	339225	0.101926	0.601677	0.670859
case_18	219.0	2143116	0.777329	2075303	0.752732	99124	0.0359532	0.968358	0.954414
case_18	219.0	2115202	0.774302	2043825	0.748174	92234	0.0337637	0.966255	0.95682
case_18	182.0	2139932	0.798787	2100797	0.784179	83961	0.0313407	0.981712	0.96157
case_18	924.0	1145638	0.344905	692411	0.208457	338296	0.101847	0.604389	0.671783
case_18	18.0	2694235	0.975895	2692570	0.975292	3570	0.00129311	0.999382	0.998676
case_18	125.0	3171812	0.835274	3130682	0.824443	47001	0.0123774	0.987033	0.985209
case_18	28.0	2632377	0.96495	2630109	0.964118	5740	0.00210411	0.999138	0.997822
case_18	923.0	1118916	0.346417	711257	0.220205	338113	0.10468	0.635666	0.677794
case_18	923.0	1121731	0.346586	707472	0.218591	339596	0.104927	0.630697	0.67567
case_18	922.0	1105857	0.348061	708543	0.223009	348825	0.10979	0.640718	0.670101
case_18	922.0	1119188	0.346905	706551	0.219003	339476	0.105224	0.631307	0.675462
case_18	923.0	1146568	0.350758	699806	0.214085	345125	0.105581	0.610348	0.669715
case_18	219.0	2141123	0.778453	2078397	0.755647	100401	0.036503	0.970704	0.953919
case_18	923.0	1118916	0.346417	711257	0.220205	338113	0.10468	0.635666	0.677794
case_18	923.0	1135468	0.342231	688826	0.207612	337131	0.101611	0.606645	0.671399
case_18	922.0	1102499	0.343728	690466	0.215268	322785	0.100635	0.626274	0.681436
case_18	0.0	3705697	1.0	3705697	1.0	0	0.0	1.0	1.0
case_18	923.0	1121731	0.346586	707472	0.218591	339596	0.104927	0.630697	0.67567
case_18	923.0	1121537	0.339951	675302	0.204692	322041	0.0976145	0.602122	0.677101
case_18	922.0	1102499	0.343728	690466	0.215268	322785	0.100635	0.626274	0.681436
case_18	219.0	2117390	0.773252	2040422	0.745144	92208	0.0336735	0.96365	0.956763
case_18	125.0	3171812	0.835274	3130682	0.824443	47001	0.0123774	0.987033	0.985209
case_18	219.0	2135898	0.790643	2068931	0.765854	102637	0.037993	0.968647	0.952736
case_19	130.0	2181606	0.804306	2089344	0.770291	57050	0.021033	0.957709	0.973421
case_19	62.0	2427705	0.874511	2406026	0.866702	19334	0.00696452	0.99107	0.992028
case_19	62.0	2379631	0.862095	2343265	0.848921	28829	0.0104442	0.984718	0.987847
case_19	0.0	2637197	1.0	2637197	1.0	0	0.0	1.0	1.0
case_19	62.0	2350658	0.853275	2314102	0.840005	28815	0.0104597	0.984449	0.987701
case_19	130.0	2227951	0.858153	2170826	0.83615	43597	0.0167925	0.97436	0.980312
case_19	62.0	2405608	0.868247	2382822	0.860023	15370	0.00554744	0.990528	0.993591
case_19	62.0	2405608	0.868247	2382822	0.860023	15370	0.00554744	0.990528	0.993591
case_19	64.0	2372600	0.929061	2366393	0.926631	10689	0.00418559	0.997384	0.995503
case_19	130.0	2209302	0.809366	2132923	0.781385	47563	0.0174245	0.965428	0.978187
case_19	130.0	2246884	0.865938	2187724	0.843138	40749	0.0157045	0.97367	0.981714
case_19	26.0	2781847	0.963137	2772202	0.959798	15868	0.00549385	0.996533	0.994309
case_19	130.0	2242102	0.861804	2179108	0.837591	50425	0.019382	0.971904	0.977383
case_19	130.0	2254543	0.867078	2191754	0.84293	46758	0.0179827	0.97215	0.979112
case_19	64.0	2374160	0.930816	2367518	0.928212	10887	0.00426837	0.997202	0.995423
case_19	130.0	2182716	0.805647	2090750	0.771702	57854	0.0213541	0.957866	0.973074
case_19	130.0	2165407	0.797899	2075080	0.764616	58781	0.0216594	0.958286	0.972453
case_19	48.0	2479866	0.938412	2472760	0.935723	12089	0.00457463	0.997135	0.995135
case_19	62.0	2350658	0.853275	2314102	0.840005	28815	0.0104597	0.984449	0.987701
case_19	130.0	2235425	0.820323	2156432	0.791335	45569	0.0167222	0.964663	0.979306
case_19	48.0	2479866	0.938412	2472760	0.935723	12089	0.00457463	0.997135	0.995135
case_19	130.0	2234317	0.818973	2155028	0.78991	44765	0.0164083	0.964513	0.97965
case_19	130.0	2227951	0.858153	2170826	0.83615	43597	0.0167925	0.97436	0.980312
case_19	130.0	2255126	0.86835	2193423	0.844591	47544	0.0183071	0.972639	0.978784
case_19	130.0	2248428	0.867582	2189393	0.844803	41535	0.0160268	0.973744	0.981382
case_19	130.0	2248428	0.867582	2189393	0.844803	41535	0.0160268	0.973744	0.981382
case_19	130.0	2246884	0.865938	2187724	0.843138	40749	0.0157045	0.97367	0.981714
case_19	14.0	2516960	0.987374	2516435	0.987168	525	0.000205951	0.999791	0.999791
case_1	230.0	1940981	0.753758	1833727	0.712107	121422	0.0471529	0.944742	0.937896
case_1	127.0	2126900	0.825119	2065199	0.801182	57492	0.0223037	0.97099	0.972916
case_1	231.0	1931364	0.753698	1844091	0.719641	98400	0.0383998	0.954813	0.949343
case_1	231.0	1882466	0.736748	1789914	0.700525	99053	0.0387667	0.950835	0.947562
case_1	127.0	2135147	0.847112	2102338	0.834096	52342	0.0207665	0.984634	0.975708
case_1	38.0	2416837	0.955739	2409936	0.95301	10952	0.00433097	0.997145	0.995476
case_1	74.0	2370508	0.921954	2356207	0.916392	24574	0.00955749	0.993967	0.989678
case_1	230.0	1960888	0.755552	1837391	0.707967	128253	0.0494173	0.93702	0.934753
case_1	100.0	2210668	0.870181	2194739	0.863911	39295	0.0154676	0.992794	0.982411
case_1	231.0	1896484	0.747405	1794308	0.707137	105083	0.0414132	0.946123	0.944675
case_1	127.0	2172761	0.858984	2135314	0.84418	47896	0.0189353	0.982765	0.978062
case_1	127.0	2075404	0.811512	2034845	0.795653	54487	0.0213052	0.980457	0.973921
case_1	127.0	2123161	0.829356	2053873	0.80229	53717	0.0209831	0.967366	0.974513
case_1	127.0	2152887	0.832309	2090356	0.808135	55904	0.0216126	0.970955	0.973953
case_1	231.0	1904476	0.751011	1810411	0.713917	96930	0.0382233	0.950608	0.949181
case_1	44.0	2348350	0.931956	2338330	0.927979	18605	0.0073835	0.995733	0.992106
case_1	127.0	2143246	0.856331	2102644	0.840109	46231	0.0184715	0.981056	0.978486
case_1	231.0	1900095	0.744096	1814423	0.710546	92252	0.0361268	0.954912	0.951616
case_1	127.0	2077053	0.817809	2030835	0.799612	51817	0.0204022	0.977748	0.97512
case_1	230.0	1969850	0.776107	1853580	0.730297	129229	0.0509153	0.940975	0.934825
case_1	231.0	1912522	0.745897	1815680	0.708128	108171	0.0421874	0.949364	0.943774
case_1	100.0	2250540	0.878876	2220700	0.867223	41729	0.0162959	0.986741	0.981556
case_1	44.0	2381759	0.935329	2370082	0.930743	14619	0.00574096	0.995097	0.99387
case_1	52.0	2368836	0.911912	2355628	0.906828	21826	0.00840219	0.994424	0.99082
case_1	127.0	2106967	0.820979	2063319	0.803972	53374	0.0207972	0.979284	0.974784
case_1	230.0	1981522	0.78118	1875205	0.739266	120837	0.0476378	0.946346	0.939462
case_1	230.0	1971168	0.759964	1855763	0.715471	121001	0.0466507	0.941453	0.938788
case_1	230.0	1947362	0.756689	1851304	0.719364	114039	0.0443123	0.950673	0.941975
case_20	66.0	1966188	0.90067	1956007	0.896006	22898	0.0104891	0.994822	0.988429
case_20	172.0	2126635	0.815579	2052430	0.787121	76144	0.0292017	0.965107	0.964228
case_20	172.0	1713003	0.739235	1657980	0.71549	51369	0.0221679	0.967879	0.969948
case_20	173.0	1741136	0.742645	1680206	0.716656	54561	0.0232718	0.965006	0.968549
case_20	172.0	2111579	0.815504	2038271	0.787192	77252	0.0298352	0.965283	0.963483
case_20	52.0	2383639	0.944681	2373557	0.940685	13531	0.00536259	0.99577	0.994332
case_20	172.0	2144805	0.808044	2079607	0.783481	87294	0.0328876	0.969602	0.959715
case_20	83.0	2308735	0.911736	2292187	0.905201	25328	0.0100022	0.992832	0.989071
case_20	173.0	1789506	0.746248	1724401	0.719098	55424	0.0231125	0.963618	0.96886
case_20	83.0	2293298	0.913043	2276552	0.906375	25978	0.0103428	0.992698	0.988718
case_20	83.0	2314051	0.91467	2296312	0.907658	26345	0.0104133	0.992334	0.988657
case_20	90.0	1938922	0.807359	1917811	0.798569	19215	0.00800105	0.989112	0.99008
case_20	172.0	1799235	0.753138	1732364	0.725147	60253	0.0252212	0.962834	0.966388
case_20	83.0	2332168	0.91441	2313210	0.906976	26901	0.0105475	0.991871	0.988504
case_20	108.0	2243945	0.873123	2208978	0.859517	43715	0.0170096	0.984417	0.980594
case_20	90.0	2016911	0.821533	2005732	0.81698	22679	0.00923767	0.994457	0.988819
case_20	172.0	1792949	0.736086	1729296	0.709954	63052	0.0258857	0.964498	0.964822
case_20	18.0	2481551	0.977392	2479704	0.976664	1847	0.000727466	0.999256	0.999256
case_20	109.0	2264071	0.87866	2240765	0.869615	37475	0.0145436	0.989706	0.983551
case_20	172.0	1721783	0.722743	1660113	0.696856	63537	0.0266706	0.964182	0.963138
case_20	108.0	2267253	0.875981	2233538	0.862955	41710	0.0161152	0.98513	0.981668
case_20	173.0	2134502	0.815774	2062653	0.788314	73170	0.0279644	0.966339	0.965742
case_20	172.0	1737680	0.744033	1676231	0.717722	54865	0.0234919	0.964637	0.968306
case_20	172.0	1776609	0.749383	1712544	0.72236	57951	0.024444	0.96394	0.967268
case_20	109.0	2273966	0.875523	2250579	0.866519	36808	0.0141718	0.989715	0.983908
case_20	173.0	1783362	0.750108	1716015	0.721781	54181	0.0227893	0.962236	0.969393
case_20	173.0	2116909	0.815449	2044602	0.787596	73568	0.0283389	0.965843	0.965268
case_20	173.0	1727956	0.743534	1665986	0.716869	53489	0.0230162	0.964137	0.968892
case_21	274.0	1759008	0.665757	1560974	0.590804	135931	0.0514477	0.887417	0.919895
case_21	274.0	1734358	0.65767	1506510	0.57127	149515	0.0566962	0.868627	0.909715
case_21	216.0	2091165	0.788855	1974684	0.744915	118908	0.044856	0.944299	0.943204
case_21	216.0	1956070	0.762052	1839882	0.716787	109021	0.0424727	0.940601	0.94406
case_21	274.0	1868082	0.685244	1667283	0.611587	144780	0.0531077	0.892511	0.920102
case_21	274.0	1906840	0.701865	1688414	0.621468	124727	0.0459092	0.885451	0.931209
case_21	274.0	1907940	0.700686	1715191	0.629899	133163	0.0489037	0.898975	0.927956
case_21	274.0	1856442	0.682223	1624030	0.596814	158373	0.0582005	0.874808	0.911146
case_21	216.0	1952804	0.76276	1831709	0.715461	107841	0.0421224	0.937989	0.944399
case_21	166.0	2348987	0.839297	2204142	0.787544	82092	0.0293316	0.938337	0.964093
case_21	216.0	1951183	0.762379	1830102	0.71507	106629	0.0416628	0.937945	0.944944
case_21	10.0	2466217	0.994586	2466133	0.994552	84	3.38759e-05	0.999966	0.999966
case_21	166.0	2332490	0.835048	2197757	0.786813	81015	0.029004	0.942236	0.964448
case_21	104.0	2474309	0.88424	2445622	0.873988	40494	0.0144713	0.988406	0.983712
case_21	274.0	1737876	0.659346	1530777	0.580773	134424	0.0510002	0.880832	0.919275
case_21	216.0	2087256	0.789366	1965899	0.74347	119047	0.0450216	0.941858	0.942902
case_21	274.0	1739109	0.659602	1531190	0.580743	136110	0.0516232	0.880445	0.918365
case_21	274.0	1735300	0.658239	1507398	0.57179	148170	0.0562042	0.868667	0.910502
case_21	274.0	1909334	0.701063	1699448	0.623998	129933	0.0477084	0.890074	0.928974
case_21	274.0	1758842	0.665907	1560716	0.590896	134259	0.0508312	0.887354	0.92079
case_21	24.0	2571635	0.971697	2569176	0.970768	5745	0.00217076	0.999044	0.997769
case_21	274.0	1852697	0.680978	1644063	0.604292	146655	0.0539046	0.887389	0.918103
case_21	274.0	1922255	0.706241	1734654	0.637316	124339	0.0456825	0.902406	0.933115
case_21	274.0	1907868	0.702379	1714937	0.631351	127553	0.0469584	0.898876	0.930771
case_21	216.0	1954448	0.761671	1838275	0.716397	107809	0.0420144	0.94056	0.944602
case_21	274.0	1916806	0.702519	1736044	0.636269	129889	0.047605	0.905696	0.930389
case_21	16.0	2431028	0.948257	2430023	0.947865	1005	0.000392015	0.999587	0.999587
case_21	16.0	2432054	0.948344	2431013	0.947938	1041	0.000405923	0.999572	0.999572
case_22	78.0	2412468	0.920457	2398759	0.915227	18814	0.00717833	0.994317	0.992218
case_22	88.0	2371642	0.869605	2345685	0.860087	21787	0.00798859	0.989055	0.990797
case_22	88.0	2374582	0.876349	2346799	0.866095	19935	0.00735709	0.9883	0.991577
case_22	77.0	2443019	0.922023	2425309	0.915339	27657	0.0104381	0.992751	0.988725
case_22	396.0	1667676	0.601117	1453241	0.523823	282535	0.10184	0.871417	0.837228
case_22	54.0	2509428	0.952172	2502906	0.949697	15701	0.00595755	0.997401	0.993766
case_22	48.0	2488188	0.949094	2481995	0.946732	10143	0.00386894	0.997511	0.99593
case_22	88.0	2405533	0.877356	2374343	0.865981	32836	0.0119761	0.987034	0.986359
case_22	88.0	2405852	0.883152	2376505	0.872379	31894	0.0117078	0.987802	0.986757
case_22	88.0	2389057	0.881094	2352968	0.867784	25657	0.00946241	0.984894	0.989214
case_22	55.0	2489897	0.944898	2479344	0.940893	13002	0.00493417	0.995762	0.994783
case_22	87.0	2389641	0.871099	2358905	0.859894	21429	0.00781154	0.987138	0.990997
case_22	396.0	1672230	0.627209	1457706	0.546747	271824	0.101954	0.871714	0.842834
case_22	78.0	2439390	0.926242	2422233	0.919727	26862	0.0101996	0.992967	0.989032
case_22	396.0	1677091	0.625622	1460814	0.544942	289809	0.10811	0.87104	0.834454
case_22	87.0	2372594	0.879984	2329037	0.863828	19561	0.00725508	0.981642	0.991671
case_22	87.0	2390447	0.87703	2356621	0.864619	19309	0.00708427	0.98585	0.991873
case_22	77.0	2422647	0.918737	2401698	0.910793	19328	0.00732973	0.991353	0.992017
case_22	87.0	2365876	0.871791	2329408	0.858353	22031	0.0081181	0.984586	0.990631
case_22	88.0	2392566	0.876687	2352808	0.862119	26301	0.00963725	0.983383	0.988945
case_22	34.0	2662183	0.944779	2655097	0.942264	8357	0.00296581	0.997338	0.996862
case_22	396.0	1663100	0.603302	1446536	0.524741	280641	0.101805	0.869783	0.837515
case_22	55.0	2454898	0.942141	2446977	0.939101	13438	0.00515724	0.996773	0.994538
case_22	395.0	1643490	0.619556	1438163	0.542152	276149	0.104101	0.875066	0.838916
case_22	395.0	1671637	0.62325	1451345	0.541117	282956	0.105497	0.868218	0.836847
case_22	77.0	2406887	0.918592	2391078	0.912558	26729	0.0102012	0.993432	0.988945
case_22	396.0	1666513	0.624635	1454587	0.545202	282296	0.105809	0.872833	0.83747
case_22	77.0	2390729	0.916868	2370129	0.908968	18471	0.00708381	0.991383	0.992267
case_23	84.0	2386083	0.906071	2355957	0.894632	39406	0.0149637	0.987374	0.983549
case_23	212.0	2050718	0.799231	1946616	0.758659	91630	0.0357112	0.949236	0.955045
case_23	2.0	2442952	0.999444	2442768	0.999369	184	7.52768e-05	0.999925	0.999925
case_23	40.0	2437626	0.945377	2426349	0.941004	13632	0.00528686	0.995374	0.994413
case_23	212.0	1951389	0.781877	1851813	0.741979	86762	0.0347636	0.948972	0.955244
case_23	84.0	2342938	0.893679	2308895	0.880693	45307	0.0172817	0.98547	0.980755
case_23	212.0	2046914	0.80005	1933920	0.755885	103373	0.040404	0.944798	0.94926
case_23	40.0	2320173	0.922255	2314245	0.919899	9105	0.00361918	0.997445	0.996081
case_23	212.0	1948898	0.781304	1848916	0.741222	86946	0.0348563	0.948698	0.955087
case_23	84.0	2224302	0.869218	2200129	0.859771	32859	0.0128407	0.989132	0.985285
case_23	30.0	2353766	0.968276	2351252	0.967242	3232	0.00132956	0.998932	0.998627
case_23	212.0	2076492	0.807897	1963335	0.763872	100885	0.0392512	0.945506	0.951127
case_23	84.0	2204775	0.866595	2184685	0.858698	34319	0.0134892	0.990888	0.984534
case_23	50.0	2281306	0.905719	2272255	0.902126	7061	0.00280334	0.996033	0.996902
case_23	84.0	2221584	0.868617	2197227	0.859094	33043	0.0129195	0.989036	0.985184
case_23	50.0	2264779	0.903977	2255512	0.900278	7850	0.00313329	0.995908	0.996532
case_23	36.0	2325276	0.927004	2318613	0.924347	9289	0.00370319	0.997135	0.99601
case_23	50.0	2413682	0.931841	2406424	0.929039	11699	0.00451659	0.996993	0.995162
case_23	212.0	1943762	0.783463	1838314	0.740961	88079	0.0355016	0.945751	0.954278
case_23	212.0	2097629	0.803974	1990837	0.763043	104300	0.0399759	0.949089	0.950218
case_23	40.0	2299316	0.919369	2293891	0.917199	9513	0.00380372	0.997641	0.99587
case_23	30.0	2351048	0.967699	2348350	0.966589	3416	0.00140604	0.998852	0.998547
case_23	40.0	2317455	0.921673	2311343	0.919242	9289	0.00369432	0.997363	0.995997
case_23	50.0	2395819	0.927589	2382476	0.922423	16903	0.00654433	0.994431	0.992955
case_23	50.0	2284024	0.906309	2275157	0.902791	6877	0.00272882	0.996118	0.996986
case_23	84.0	2353483	0.89518	2329273	0.885972	34969	0.0133009	0.989713	0.985209
case_23	36.0	2307529	0.925384	2301656	0.923029	10701	0.0042914	0.997455	0.995372
case_23	36.0	2322558	0.926422	2315711	0.923691	9473	0.00377859	0.997052	0.995926
case_24	102.0	2253372	0.880574	2240858	0.875684	28124	0.0109903	0.994447	0.987605
case_24	54.0	2398491	0.899353	2388379	0.895562	11627	0.00435973	0.995784	0.995155
case_24	54.0	2398491	0.899353	2388379	0.895562	11627	0.00435973	0.995784	0.995155
case_24	460.0	1583349	0.617965	1375179	0.536718	288488	0.112594	0.868526	0.826595
case_24	460.0	1560169	0.614956	1348238	0.531422	298359	0.117601	0.864162	0.818803
case_24	460.0	1566037	0.616876	1351894	0.532523	298810	0.117704	0.863258	0.81898
case_24	10.0	2510685	0.988801	2509859	0.988476	826	0.000325309	0.999671	0.999671
case_24	460.0	1570880	0.590097	1386599	0.520873	291536	0.109515	0.882689	0.826274
case_24	460.0	1552015	0.601077	1367497	0.529615	281154	0.108888	0.881111	0.829464
case_24	54.0	2372707	0.898158	2359609	0.8932	13540	0.00512539	0.99448	0.994295
case_24	460.0	1603137	0.606741	1394260	0.527687	292747	0.110796	0.869707	0.82647
case_24	460.0	1607022	0.607839	1395824	0.527956	291304	0.110183	0.868578	0.827337
case_24	460.0	1567005	0.617032	1356132	0.533997	300446	0.118305	0.865429	0.818635
case_24	102.0	2257004	0.881674	2243802	0.876517	27900	0.0108988	0.994151	0.987718
case_24	460.0	1529510	0.598189	1337695	0.523171	288473	0.112821	0.874591	0.822606
case_24	0.0	2746918	1.0	2746918	1.0	0	0.0	1.0	1.0
case_24	102.0	2246202	0.878328	2233683	0.873432	27664	0.0108174	0.994427	0.987767
case_24	460.0	1588852	0.619497	1381724	0.538737	290642	0.113322	0.869637	0.826209
case_24	460.0	1603137	0.606741	1394260	0.527687	292747	0.110796	0.869707	0.82647
case_24	460.0	1586329	0.618737	1376742	0.536989	287045	0.11196	0.867879	0.827475
case_24	32.0	2424936	0.946599	2420874	0.945013	8085	0.00315606	0.998325	0.996671
case_24	54.0	2372707	0.898158	2359609	0.8932	13540	0.00512539	0.99448	0.994295
case_24	460.0	1607673	0.607872	1399408	0.529125	294959	0.111526	0.870456	0.825918
case_24	460.0	1607673	0.607872	1399408	0.529125	294959	0.111526	0.870456	0.825918
case_24	460.0	1570880	0.590097	1386599	0.520873	291536	0.109515	0.882689	0.826274
case_24	10.0	2513050	0.989371	2512431	0.989127	619	0.000243696	0.999754	0.999754
case_24	460.0	1607022	0.607839	1395824	0.527956	291304	0.110183	0.868578	0.827337
case_24	10.0	2521734	0.992158	2521087	0.991903	459	0.00018059	0.999743	0.999818
case_25	46.0	2299267	0.943375	2289539	0.939384	10245	0.00420346	0.995769	0.995545
case_25	46.0	2316724	0.948269	2307967	0.944685	14639	0.00599196	0.99622	0.993697
case_25	46.0	2316387	0.948988	2307280	0.945257	14989	0.00614076	0.996068	0.993546
case_25	101.0	2304211	0.875945	2193523	0.833867	39761	0.0151151	0.951963	0.982196
case_25	4.0	2421103	0.996297	2420623	0.9961	480	0.000197523	0.999802	0.999802
case_25	36.0	2316726	0.955638	2309151	0.952513	11139	0.00459478	0.99673	0.995199
case_25	111.0	2167113	0.858435	2021728	0.800846	40411	0.0160076	0.932913	0.980403
case_25	28.0	2580645	0.967831	2578097	0.966875	2829	0.00106097	0.999013	0.998904
case_25	111.0	2154007	0.857663	2019159	0.80397	37831	0.0150632	0.937397	0.981609
case_25	50.0	2427513	0.924055	2416044	0.919689	14681	0.00558845	0.995275	0.99396
case_25	111.0	2141510	0.841976	2046269	0.80453	45588	0.0179238	0.955526	0.978207
case_25	112.0	2117917	0.8326	2027758	0.797156	46503	0.0182814	0.95743	0.977581
case_25	112.0	2135033	0.838134	2050414	0.804916	50285	0.01974	0.960366	0.976063
case_25	111.0	2122186	0.835569	2026352	0.797836	37230	0.0146586	0.954842	0.981959
case_25	111.0	2153667	0.856775	2017267	0.802512	37514	0.0149239	0.936666	0.981743
case_25	101.0	2299423	0.863635	2223286	0.835039	47289	0.0177612	0.966889	0.979173
case_25	111.0	2146470	0.839632	2049454	0.801683	45919	0.0179621	0.954802	0.978086
case_25	101.0	2292884	0.861047	2209291	0.829656	48663	0.0182744	0.963542	0.978448
case_25	112.0	2143456	0.837167	2054456	0.802406	50890	0.019876	0.958478	0.975828
case_25	36.0	2317063	0.954908	2309838	0.951931	10789	0.00444636	0.996882	0.995351
case_25	101.0	2297222	0.873152	2185919	0.830847	38334	0.0145704	0.951549	0.982765
case_25	112.0	2140647	0.840473	2055498	0.807042	47437	0.018625	0.960223	0.977442
case_25	111.0	2138115	0.852565	1994079	0.795131	34402	0.0137177	0.932634	0.983041
case_25	111.0	2139812	0.840579	2043152	0.802609	45138	0.0177315	0.954828	0.978385
case_25	112.0	2124847	0.835458	2035985	0.800519	42523	0.0167194	0.95818	0.979542
case_25	112.0	2140984	0.839878	2054433	0.805925	46970	0.0184257	0.959574	0.977648
case_25	112.0	2135370	0.837542	2049349	0.803802	49818	0.0195398	0.959716	0.976268
case_25	112.0	2152962	0.841014	2064873	0.806603	48456	0.0189284	0.959085	0.977071
case_26	466.0	1551722	0.607796	1385640	0.542744	275594	0.107948	0.892969	0.834103
case_26	466.0	1542130	0.607309	1381246	0.543951	276397	0.108848	0.895674	0.833259
case_26	20.0	2427504	0.974283	2425947	0.973658	2460	0.000987326	0.999359	0.998987
case_26	466.0	1335373	0.542692	1173342	0.476843	244405	0.0993255	0.878662	0.82761
case_26	466.0	1568381	0.589827	1396552	0.525207	289723	0.108957	0.890442	0.828188
case_26	12.0	2566088	0.984239	2563549	0.983265	2539	0.00097385	0.999011	0.999011
case_26	466.0	1564611	0.590245	1393235	0.525594	290709	0.109669	0.890467	0.827364
case_26	86.0	2015731	0.804025	1992607	0.794802	29285	0.0116811	0.988528	0.985516
case_26	466.0	1546500	0.606185	1378741	0.540428	283666	0.111189	0.891523	0.829364
case_26	466.0	1563498	0.591046	1396928	0.528077	289100	0.109288	0.893463	0.828532
case_26	54.0	2329598	0.909605	2325346	0.907945	11026	0.00430517	0.998175	0.995281
case_26	12.0	2579595	0.987348	2577325	0.986479	2270	0.000868849	0.99912	0.99912
case_26	466.0	1543111	0.606157	1381487	0.542668	281209	0.110463	0.895261	0.830872
case_26	284.0	1613244	0.671898	1538945	0.640953	133632	0.0556562	0.953944	0.920104
case_26	466.0	1332941	0.542911	1175301	0.478704	241797	0.0984846	0.881735	0.829372
case_26	284.0	1902512	0.73241	1839548	0.708171	147982	0.0569687	0.966905	0.925545
case_26	466.0	1545296	0.607247	1378247	0.541603	278851	0.109579	0.891898	0.831723
case_26	284.0	1773800	0.720609	1715541	0.696941	139437	0.0566465	0.967156	0.924831
case_26	466.0	1553752	0.607059	1385334	0.541257	279733	0.109293	0.891606	0.831999
case_26	86.0	1881619	0.793606	1865626	0.78686	28375	0.0119677	0.9915	0.985018
case_26	284.0	1626272	0.675511	1549261	0.643523	134804	0.0559941	0.952646	0.919953
case_26	10.0	2572980	0.990024	2571805	0.989572	1175	0.000452113	0.999543	0.999543
case_26	466.0	1336959	0.541516	1176666	0.476592	244270	0.098938	0.880106	0.828092
case_26	284.0	1887142	0.7283	1825318	0.704441	148018	0.0571242	0.967239	0.924991
case_26	466.0	1438585	0.573316	1296316	0.516618	253921	0.101195	0.901105	0.836205
case_26	284.0	1754832	0.714774	1696922	0.691187	137804	0.05613	0.967	0.924891
case_26	466.0	1441650	0.573287	1294823	0.5149	255801	0.101722	0.898154	0.835034
case_26	466.0	1443290	0.572058	1295150	0.513342	254761	0.100976	0.89736	0.835629
case_27	90.0	2481105	0.897057	2458119	0.888746	29976	0.010838	0.990736	0.987952
case_27	708.0	1335659	0.495165	989099	0.366686	392064	0.145349	0.740533	0.716135
case_27	90.0	2286702	0.860977	2267380	0.853702	24911	0.00937935	0.99155	0.989133
case_27	90.0	2487122	0.899981	2458665	0.889684	26724	0.00967025	0.988558	0.989248
case_27	90.0	2287471	0.862554	2267247	0.854928	22665	0.00854646	0.991159	0.990102
case_27	90.0	2454755	0.895583	2426452	0.885257	24682	0.00900488	0.98847	0.98993
case_27	107.0	2452728	0.891347	2419965	0.87944	30418	0.0110542	0.986642	0.987586
case_27	90.0	2303616	0.868097	2276658	0.857939	21368	0.00805234	0.988298	0.990702
case_27	14.0	2671538	0.977647	2670542	0.977282	2352	0.000860712	0.999627	0.99912
case_27	90.0	2434102	0.888587	2413150	0.880938	25746	0.00939877	0.991392	0.989444
case_27	707.0	1287538	0.479532	951126	0.354239	394411	0.146895	0.738717	0.706875
case_27	707.0	1292186	0.480554	954523	0.35498	403026	0.149882	0.738689	0.703122
case_27	107.0	2491694	0.898141	2455677	0.885159	28608	0.0103119	0.985545	0.988484
case_27	707.0	1303682	0.485245	962246	0.358158	400865	0.149206	0.738099	0.705919
case_27	38.0	2602354	0.953132	2587075	0.947536	7862	0.00287952	0.994129	0.99697
case_27	107.0	2436546	0.887619	2403942	0.875742	32352	0.0117856	0.986619	0.986721
case_27	10.0	2544619	0.955684	2543534	0.955277	703	0.000264026	0.999574	0.999724
case_27	707.0	1229442	0.471356	898670	0.344542	382190	0.146528	0.730958	0.701615
case_27	36.0	2466939	0.918723	2460979	0.916503	6607	0.00246054	0.997584	0.997322
case_27	707.0	1338651	0.492478	992835	0.365255	413717	0.152203	0.741668	0.705864
case_27	107.0	2438653	0.889133	2398423	0.874465	31219	0.0113824	0.983503	0.987151
case_27	90.0	2472366	0.89518	2448641	0.88659	28066	0.010162	0.990404	0.988668
case_27	107.0	2428150	0.88584	2392660	0.872893	30229	0.0110282	0.985384	0.987524
case_27	90.0	2440288	0.889558	2420576	0.882372	27656	0.0100814	0.991922	0.988704
case_27	707.0	1317052	0.488588	978304	0.362923	411800	0.152766	0.742798	0.703763
case_27	36.0	2650127	0.95586	2641935	0.952906	6521	0.00235203	0.996909	0.997538
case_27	107.0	2296993	0.862108	2264869	0.850052	27359	0.0102684	0.986015	0.988064
case_27	38.0	2603740	0.952257	2601166	0.951316	10992	0.00402007	0.999011	0.995792
case_28	432.0	1706656	0.518977	1584107	0.481711	319718	0.0972231	0.928193	0.832065
case_28	578.0	1289060	0.402175	1004640	0.313438	357731	0.111609	0.779359	0.73742
case_28	579.0	1160065	0.464785	895124	0.358636	332750	0.133318	0.771615	0.729003
case_28	579.0	1240345	0.392512	958800	0.303416	335174	0.106067	0.773011	0.740973
case_28	24.0	3809841	0.960337	3805745	0.959305	6385	0.00160945	0.998925	0.998325
case_28	16.0	2283550	0.979887	2282425	0.979404	2469	0.00105946	0.999507	0.998919
case_28	55.0	2200401	0.91203	2188497	0.907096	13389	0.00554952	0.99459	0.993919
case_28	579.0	1161654	0.465484	895831	0.358967	332652	0.133296	0.771169	0.729217
case_28	579.0	1243283	0.392504	968434	0.305734	336533	0.106243	0.778933	0.742114
case_28	55.0	2187131	0.912045	2178320	0.908371	12745	0.00531473	0.995971	0.994183
case_28	578.0	1216918	0.474701	936670	0.365381	343774	0.134101	0.769707	0.73152
case_28	432.0	1706072	0.518852	1583143	0.481467	318753	0.0969394	0.927946	0.832403
case_28	55.0	2196115	0.912917	2183707	0.907759	13757	0.00571873	0.99435	0.99374
case_28	579.0	1229136	0.391745	949927	0.302756	341151	0.10873	0.772841	0.735763
case_28	579.0	1172934	0.47127	902238	0.362508	328009	0.13179	0.769215	0.73338
case_28	579.0	1174523	0.471972	902945	0.36284	327911	0.131768	0.768776	0.733591
case_28	579.0	1234138	0.394223	956238	0.305453	338923	0.108263	0.774823	0.738316
case_28	578.0	1218507	0.475383	937377	0.365704	343676	0.13408	0.769283	0.731724
case_28	578.0	1299760	0.400884	1015264	0.313137	354980	0.109486	0.781117	0.740937
case_28	2.0	2640887	0.997884	2640721	0.997821	166	6.27247e-05	0.999937	0.999937
case_28	579.0	1239107	0.390318	960772	0.302643	340249	0.107178	0.775375	0.738475
case_28	18.0	2273328	0.978455	2272289	0.978008	3628	0.00156151	0.999543	0.998406
case_28	18.0	2280308	0.975335	2277837	0.974278	2471	0.0010569	0.998916	0.998916
case_28	432.0	1701311	0.511645	1578616	0.474746	313089	0.0941571	0.927882	0.834494
case_28	432.0	1701809	0.511744	1579314	0.474909	313187	0.0941771	0.928021	0.834512
case_28	579.0	1168164	0.470845	898719	0.362242	327924	0.132174	0.769343	0.732665
case_28	579.0	1166575	0.470142	898012	0.361908	328022	0.132196	0.769785	0.732453
case_28	579.0	1230169	0.393905	947117	0.303271	336130	0.10763	0.769908	0.738063
case_29	47.0	2143965	0.9407	2136849	0.937578	9620	0.00422093	0.996681	0.995518
case_29	57.0	2090641	0.937368	2081807	0.933407	11103	0.00497818	0.995775	0.994695
case_29	24.0	2193048	0.969603	2188678	0.967671	7491	0.00331197	0.998007	0.996589
case_29	272.0	1586776	0.64936	1431851	0.585959	124222	0.0508356	0.902365	0.92017
case_29	47.0	2157923	0.955248	2154623	0.953787	4670	0.00206727	0.998471	0.997837
case_29	24.0	2191432	0.966175	2186624	0.964055	8169	0.00360161	0.997806	0.996278
case_29	272.0	1582184	0.649168	1429212	0.586404	122260	0.0501631	0.903316	0.921197
case_29	14.0	2245941	0.986647	2244384	0.985963	1375	0.000604041	0.999307	0.999388
case_29	56.0	2103999	0.937293	2098441	0.934817	8982	0.00400132	0.997358	0.995738
case_29	271.0	1589889	0.64849	1440247	0.587453	121847	0.0496994	0.905879	0.921998
case_29	57.0	2085629	0.932465	2076731	0.928486	11600	0.00518625	0.995734	0.994445
case_29	47.0	2143035	0.941485	2137869	0.939215	8642	0.00379663	0.997589	0.995974
case_29	130.0	2190505	0.813263	2126717	0.789581	64149	0.0238164	0.97088	0.97072
case_29	272.0	1591548	0.648431	1433721	0.584129	124906	0.0508894	0.900834	0.919862
case_29	271.0	1737842	0.690131	1575066	0.62549	140805	0.0559164	0.906334	0.91794
case_29	271.0	1587588	0.64679	1440411	0.586829	122313	0.0498308	0.907295	0.921731
case_29	12.0	2220888	0.986649	2219422	0.985997	1708	0.000758794	0.99934	0.999231
case_29	47.0	2153292	0.949315	2146849	0.946474	6833	0.00301244	0.997008	0.996827
case_29	272.0	1724068	0.689402	1562356	0.624739	138430	0.055354	0.906203	0.918608
case_29	47.0	2153556	0.950641	2148979	0.948621	6078	0.002683	0.997875	0.99718
case_29	47.0	2155805	0.953092	2150463	0.95073	5721	0.00252928	0.997522	0.997347
case_29	271.0	1549096	0.639332	1409865	0.581869	120186	0.0496023	0.910121	0.92145
case_29	271.0	1740810	0.692103	1576911	0.626941	138909	0.0552268	0.905849	0.919042
case_29	271.0	1700389	0.683832	1540342	0.619467	140470	0.0564917	0.905876	0.916427
case_29	56.0	2104338	0.936239	2097307	0.933111	9846	0.00438058	0.996659	0.995327
case_29	272.0	1727322	0.688953	1566664	0.624874	139184	0.0555144	0.90699	0.918408
case_29	57.0	2075615	0.923504	2066725	0.919549	15380	0.00684303	0.995717	0.992613
case_29	272.0	1719653	0.682937	1550159	0.615625	142769	0.0566988	0.901437	0.915667
case_2	8.0	2440901	0.987975	2440113	0.987656	1212	0.000490567	0.999677	0.999504
case_2	10.0	2437150	0.988167	2436155	0.987764	1548	0.000627652	0.999592	0.999365
case_2	473.0	1321499	0.551333	1181073	0.492747	275522	0.114949	0.893737	0.810845
case_2	42.0	2181275	0.891624	2176427	0.889643	8043	0.00328768	0.997777	0.996318
case_2	473.0	1444138	0.572026	1277347	0.505959	306950	0.121583	0.884505	0.806255
case_2	473.0	1314254	0.550285	1176531	0.49262	272508	0.114101	0.895208	0.811939
case_2	473.0	1325704	0.553128	1185012	0.494427	278896	0.116365	0.893874	0.809485
case_2	473.0	1445774	0.570831	1280325	0.505507	303651	0.11989	0.885564	0.808298
case_2	473.0	1446461	0.573969	1284350	0.509642	306977	0.121811	0.887926	0.807094
case_2	89.0	2097608	0.847369	2082654	0.841328	24087	0.00973041	0.992871	0.988567
case_2	10.0	2428503	0.98459	2427750	0.984285	1306	0.000529493	0.99969	0.999462
case_2	6.0	2451340	0.992271	2450766	0.992039	574	0.000232348	0.999766	0.999766
case_2	10.0	2427656	0.986047	2426615	0.985624	1594	0.000647439	0.999571	0.999344
case_2	473.0	1455306	0.573666	1291279	0.509009	304734	0.120123	0.88729	0.809065
case_2	89.0	2361495	0.901377	2340676	0.89343	20794	0.00793702	0.991184	0.991194
case_2	89.0	2329020	0.894701	2310670	0.887652	24726	0.00949858	0.992121	0.989413
case_2	473.0	1452888	0.571698	1284966	0.505623	305108	0.120057	0.884422	0.808117
case_2	472.0	1471264	0.576185	1312265	0.513917	329712	0.129124	0.89193	0.799198
case_2	473.0	1457336	0.573489	1289959	0.507623	309357	0.121738	0.885149	0.806569
case_2	473.0	1436716	0.571031	1272706	0.505845	305493	0.12142	0.885844	0.806429
case_2	8.0	2448779	0.989431	2448037	0.989131	742	0.000299806	0.999697	0.999697
case_2	473.0	1324130	0.553471	1186473	0.495932	278712	0.116498	0.89604	0.809777
case_2	32.0	2460190	0.949571	2456729	0.948235	6945	0.00268059	0.998593	0.997181
case_2	473.0	1448551	0.573814	1282244	0.507935	311199	0.123275	0.885191	0.8047
case_2	42.0	2203025	0.894391	2196381	0.891694	6438	0.00261372	0.996984	0.997077
case_2	472.0	1470741	0.576958	1311337	0.514425	325814	0.127814	0.891617	0.800987
case_2	472.0	1460017	0.573673	1303331	0.512108	324375	0.127454	0.892682	0.800716
case_2	472.0	1467557	0.574693	1307291	0.511933	325463	0.127451	0.890794	0.800666
case_30	41.0	2455285	0.940491	2451421	0.93901	13610	0.00521328	0.998426	0.994479
case_30	148.0	2013187	0.816903	1991769	0.808212	31789	0.0128992	0.989361	0.984291
case_30	148.0	2015590	0.817259	1992490	0.807892	31420	0.0127398	0.988539	0.984476
case_30	148.0	2015587	0.817314	1992814	0.80808	31421	0.0127411	0.988702	0.984478
case_30	2.0	2344655	0.998121	2344655	0.998121	0	0.0	1.0	1.0
case_30	41.0	2455283	0.940552	2451418	0.939071	13611	0.005214	0.998426	0.994478
case_30	147.0	2033686	0.81283	2004029	0.800977	32269	0.0128974	0.985417	0.984153
case_30	757.0	953860	0.420244	712092	0.313728	293644	0.129371	0.746537	0.708031
case_30	70.0	2006710	0.905571	1999190	0.902177	14385	0.00649154	0.996253	0.992856
case_30	149.0	2008588	0.805004	1985035	0.795565	34827	0.013958	0.988274	0.982758
case_30	2.0	2580095	0.999407	2580094	0.999407	1	3.87353e-07	1.0	1.0
case_30	149.0	2006189	0.80459	1983991	0.795687	35195	0.0141151	0.988935	0.98257
case_30	755.0	984703	0.412853	745331	0.312492	301957	0.1266	0.756909	0.711677
case_30	756.0	962081	0.417272	717275	0.311095	294470	0.127717	0.745545	0.708948
case_30	757.0	975319	0.424928	711744	0.310094	296367	0.129122	0.729755	0.706017
case_30	757.0	951806	0.419653	712840	0.314292	293232	0.129287	0.748934	0.708538
case_30	103.0	2159351	0.904767	2148556	0.900244	17970	0.00752942	0.995001	0.991706
case_30	756.0	991614	0.42507	716822	0.307277	298425	0.127924	0.722884	0.706057
case_30	755.0	999468	0.414293	731372	0.303163	307802	0.127588	0.731761	0.703801
case_30	148.0	2016746	0.796818	1987428	0.785235	41690	0.0164718	0.985463	0.979454
case_30	147.0	2033689	0.812775	2003705	0.800792	32268	0.0128961	0.985256	0.984151
case_30	103.0	2156951	0.904404	2147511	0.900446	18338	0.00768908	0.995623	0.991533
case_30	148.0	2013190	0.816847	1991445	0.808024	31788	0.0128979	0.989199	0.984289
case_30	757.0	978290	0.425908	711006	0.309543	297102	0.129346	0.726784	0.705288
case_30	756.0	995087	0.412192	747558	0.309659	291193	0.12062	0.751249	0.71967
case_30	755.0	999466	0.414321	731369	0.303184	307803	0.127598	0.73176	0.7038
case_30	755.0	984705	0.412824	745334	0.312471	301956	0.126591	0.756911	0.711679
case_30	756.0	1012534	0.41475	733804	0.300578	301389	0.123454	0.72472	0.708857
case_3	1068.0	791269	0.313537	487982	0.193361	375185	0.148665	0.616708	0.565339
case_3	222.0	2402322	0.770673	2327209	0.746576	107919	0.0346208	0.968733	0.955682
case_3	222.0	2416109	0.77451	2339354	0.749906	101819	0.0326392	0.968232	0.958291
case_3	106.0	2692044	0.86028	2674672	0.854729	30077	0.00961152	0.993547	0.98888
case_3	1068.0	813606	0.319732	499087	0.196132	377517	0.148357	0.613426	0.569341
case_3	1068.0	777265	0.300072	481245	0.18579	374175	0.144454	0.619152	0.562583
case_3	1068.0	811310	0.319444	498469	0.196266	385101	0.151629	0.6144	0.564153
case_3	82.0	1786234	0.888457	1779335	0.885026	13522	0.00672573	0.996138	0.992458
case_3	1068.0	817546	0.319697	502432	0.196473	378372	0.14796	0.614561	0.570424
case_3	222.0	2381823	0.774504	2304143	0.749244	97034	0.0315528	0.967386	0.959589
case_3	30.0	1961074	0.965354	1959675	0.964665	4396	0.00216396	0.999287	0.997762
case_3	22.0	2959214	0.966053	2955592	0.964871	2192	0.000715592	0.998776	0.999259
case_3	28.0	2956420	0.964399	2952779	0.963211	2370	0.000773106	0.998768	0.999198
case_3	1068.0	791991	0.303302	487329	0.186628	374024	0.143237	0.615321	0.565772
case_3	222.0	2388099	0.77914	2313787	0.754895	98650	0.0321855	0.968882	0.959108
case_3	1068.0	788979	0.30299	484539	0.186076	379352	0.145682	0.614134	0.56088
case_3	222.0	2409410	0.769835	2329528	0.744311	102294	0.0326841	0.966846	0.957935
case_3	1068.0	813435	0.318994	500158	0.19614	388480	0.152345	0.614872	0.562837
case_3	1068.0	769027	0.300784	470024	0.183837	367940	0.14391	0.611193	0.560912
case_3	1068.0	814840	0.31992	500792	0.19662	379837	0.149131	0.614589	0.568675
case_3	222.0	2380620	0.777298	2299818	0.750915	100388	0.0327777	0.966058	0.958175
case_3	82.0	1820077	0.902037	1815671	0.899853	12733	0.00631052	0.997579	0.993036
case_3	1068.0	748947	0.295352	460892	0.181756	366439	0.144508	0.615387	0.557083
case_3	1068.0	796044	0.313862	492750	0.19428	376686	0.148519	0.618998	0.566747
case_3	28.0	2952721	0.967168	2945727	0.964877	3531	0.00115658	0.997631	0.998803
case_3	1068.0	797136	0.315567	490179	0.19405	374188	0.148132	0.614925	0.567096
case_3	1068.0	768805	0.301552	468202	0.183645	378862	0.148603	0.609	0.552735
case_3	1068.0	810910	0.319583	496870	0.195818	387912	0.152878	0.612731	0.561573
case_4	523.0	882415	0.427087	727082	0.351906	201582	0.0975653	0.823968	0.782933
case_4	107.0	2206488	0.879654	2192189	0.873953	37876	0.0150999	0.99352	0.983016
case_4	133.0	2181379	0.855172	2147405	0.841854	36146	0.0141704	0.984425	0.983446
case_4	524.0	898736	0.432489	739035	0.355638	199602	0.0960522	0.822305	0.787349
case_4	10.0	2557572	0.989036	2557133	0.988866	439	0.000169765	0.999828	0.999828
case_4	133.0	2189242	0.856993	2156094	0.844017	36416	0.0142553	0.984859	0.983391
case_4	523.0	934033	0.437713	796378	0.373204	202319	0.094812	0.852623	0.797417
case_4	48.0	2389095	0.950824	2385379	0.949345	8562	0.00340755	0.998445	0.996423
case_4	132.0	2174192	0.854811	2138923	0.840944	35125	0.0138098	0.983778	0.983844
case_4	132.0	2169128	0.854366	2133600	0.840373	34723	0.0136765	0.983621	0.983986
case_4	36.0	1576825	0.951391	1569384	0.946901	11398	0.00687708	0.995281	0.99279
case_4	133.0	2188666	0.856483	2156883	0.844046	36461	0.0142682	0.985478	0.983377
case_4	523.0	934036	0.43754	796381	0.373057	202319	0.0947744	0.852623	0.797418
case_4	523.0	911227	0.436476	766053	0.366938	204148	0.0977865	0.840683	0.789582
case_4	133.0	2173940	0.85327	2138618	0.839406	35172	0.013805	0.983752	0.98382
case_4	524.0	896054	0.432788	745146	0.3599	199029	0.0961296	0.831586	0.789203
case_4	523.0	906795	0.429115	761533	0.360374	196754	0.0931082	0.839807	0.794682
case_4	10.0	2557568	0.989358	2557208	0.989219	360	0.000139261	0.999859	0.999859
case_4	524.0	924180	0.440165	772812	0.368072	203650	0.0969936	0.836214	0.791441
case_4	523.0	907146	0.430218	764862	0.362739	200455	0.0950667	0.843152	0.792343
case_4	133.0	2175209	0.854052	2139649	0.84009	34961	0.0137267	0.983652	0.983923
case_4	523.0	932282	0.437663	798256	0.374744	204988	0.0962322	0.856239	0.795675
case_4	132.0	2174184	0.855092	2138732	0.841149	35080	0.0137967	0.983694	0.983862
case_4	2.0	2582719	0.997312	2582640	0.997281	79	3.05057e-05	0.999969	0.999969
case_4	523.0	906792	0.429286	761530	0.360517	196754	0.0931456	0.839807	0.794681
case_4	524.0	925243	0.442279	778987	0.372366	202657	0.0968728	0.841927	0.793553
case_4	133.0	2165764	0.851599	2129764	0.837444	34630	0.0136168	0.983378	0.984
case_4	107.0	2194258	0.877448	2179592	0.871584	36649	0.0146553	0.993316	0.983463
case_5	124.0	2246066	0.799435	2208343	0.786008	40739	0.0145001	0.983205	0.981886
case_5	242.0	2009619	0.713691	1960307	0.696179	97996	0.0348021	0.975462	0.95239
case_5	124.0	2237483	0.808169	2200101	0.794667	38768	0.0140028	0.983293	0.982684
case_5	242.0	2007425	0.711774	1957481	0.694065	99872	0.0354117	0.97512	0.951456
case_5	528.0	1474430	0.484905	1208102	0.397316	266371	0.0876031	0.819369	0.819345
case_5	26.0	3077116	0.918016	3074141	0.917129	5998	0.00178942	0.999033	0.998053
case_5	242.0	1992931	0.718219	1944729	0.700848	99250	0.035768	0.975814	0.951443
case_5	12.0	2760869	0.985473	2760469	0.985331	400	0.000142777	0.999855	0.999855
case_5	242.0	2042810	0.722271	1969395	0.696314	99622	0.0352231	0.964062	0.951851
case_5	528.0	1490709	0.483032	1217163	0.394396	264532	0.0857159	0.816499	0.821467
case_5	103.0	2428646	0.842493	2413395	0.837202	40087	0.0139061	0.99372	0.983661
case_5	103.0	2432529	0.84516	2416872	0.83972	38552	0.0133945	0.993563	0.984299
case_5	527.0	1600140	0.50593	1320015	0.41736	280047	0.0885449	0.824937	0.824977
case_5	528.0	1577896	0.51233	1281384	0.416055	292407	0.0949422	0.812084	0.814202
case_5	528.0	1508609	0.487568	1220169	0.394347	272365	0.0880258	0.808804	0.817515
case_5	103.0	2429961	0.856464	2414327	0.850954	40356	0.0142239	0.993566	0.98356
case_5	527.0	1672641	0.531256	1384226	0.439651	310905	0.0987482	0.827569	0.816589
case_5	32.0	2654827	0.961692	2652309	0.96078	1291	0.000467655	0.999052	0.999513
case_5	528.0	1558888	0.508222	1278359	0.416765	289311	0.0943199	0.820045	0.815452
case_5	241.0	2186395	0.754727	2123650	0.733068	105387	0.0363788	0.971302	0.952721
case_5	123.0	2465345	0.852856	2427425	0.839738	50565	0.0174923	0.984619	0.979594
case_5	528.0	1548005	0.511509	1276074	0.421654	290406	0.0959591	0.824335	0.814612
case_5	124.0	2244526	0.797608	2206920	0.784244	41090	0.0146016	0.983245	0.981722
case_5	528.0	1496345	0.482631	1264066	0.407712	256486	0.082727	0.844769	0.83132
case_5	528.0	1564391	0.509268	1287918	0.419266	291874	0.095016	0.823271	0.815245
case_5	528.0	1485142	0.481932	1211687	0.393195	265301	0.0860907	0.815873	0.820377
case_5	528.0	1567459	0.507912	1328899	0.43061	271971	0.0881282	0.847805	0.830111
case_5	32.0	2656132	0.963737	2655110	0.963366	1022	0.000370817	0.999615	0.999615
case_6	248.0	2001603	0.703493	1755374	0.616953	110750	0.0389247	0.876984	0.940652
case_6	248.0	2020991	0.716811	1778491	0.6308	114334	0.0405523	0.880009	0.939596
case_6	142.0	2232071	0.829741	2203171	0.818997	75400	0.0280289	0.987052	0.966909
case_6	248.0	2024934	0.718449	1781748	0.632166	114793	0.0407287	0.879904	0.939472
case_6	6.0	2637584	0.994075	2636849	0.993798	735	0.000277013	0.999721	0.999721
case_6	248.0	2016080	0.705683	1783774	0.624369	110952	0.0388362	0.884773	0.941442
case_6	44.0	2475729	0.943373	2463050	0.938541	14430	0.00549853	0.994879	0.994176
case_6	2.0	2978648	0.998006	2978356	0.997908	292	9.78356e-05	0.999902	0.999902
case_6	244.0	1983845	0.736777	1901862	0.70633	123505	0.0458683	0.958675	0.939021
case_6	248.0	1972216	0.700135	1774118	0.629811	107074	0.0380112	0.899556	0.943082
case_6	244.0	1985478	0.737876	1905535	0.708166	123276	0.0458138	0.959736	0.939237
case_6	248.0	2024304	0.695231	1795049	0.616495	112189	0.0385304	0.886749	0.941177
case_6	248.0	2027814	0.705523	1789968	0.622771	112312	0.0390759	0.882708	0.940959
case_6	248.0	1993888	0.714539	1749755	0.62705	112926	0.0404687	0.877559	0.939374
case_6	244.0	1938361	0.738812	1851890	0.705854	127275	0.0485113	0.95539	0.935693
case_6	244.0	1969114	0.742841	1888368	0.712379	122621	0.0462583	0.958994	0.939025
case_6	248.0	1996027	0.715086	1750707	0.627199	115390	0.041339	0.877096	0.938165
case_6	34.0	2880857	0.947845	2867780	0.943542	7180	0.00236233	0.995461	0.997503
case_6	248.0	2017903	0.70611	1786054	0.624981	113769	0.0398103	0.885104	0.940116
case_6	44.0	2476754	0.943118	2464173	0.938328	14830	0.00564709	0.99492	0.994018
case_6	248.0	2023833	0.718276	1781175	0.632154	112329	0.0398665	0.8801	0.940677
case_6	34.0	2880225	0.947903	2867103	0.943585	7855	0.00258514	0.995444	0.997268
case_6	248.0	1978207	0.688866	1784030	0.621249	105512	0.0367422	0.901842	0.94416
case_6	244.0	1967420	0.741699	1885429	0.71079	122851	0.0463137	0.958326	0.938828
case_6	244.0	1954434	0.733748	1867730	0.701197	123062	0.0462008	0.955637	0.938184
case_6	248.0	2029012	0.706381	1790436	0.623323	110488	0.0384653	0.882418	0.941877
case_6	248.0	1974135	0.700604	1776507	0.630468	109993	0.0390356	0.899891	0.941695
case_6	248.0	2022092	0.716984	1779064	0.630812	116798	0.0414137	0.879814	0.938393
case_7	82.0	2389492	0.902916	2344795	0.886026	25717	0.00971767	0.981294	0.989151
case_7	41.0	2497022	0.955755	2460963	0.941953	12605	0.00482467	0.985559	0.994904
case_7	116.0	2311128	0.882737	2235819	0.853972	43427	0.016587	0.967415	0.980947
case_7	116.0	2246749	0.877399	2200245	0.859238	36156	0.0141196	0.979302	0.983833
case_7	82.0	2405572	0.906573	2360437	0.889563	25244	0.00951355	0.981237	0.989419
case_7	23.0	2564129	0.978795	2559063	0.976862	8129	0.00310305	0.998024	0.996834
case_7	81.0	2394601	0.902266	2346077	0.883982	28374	0.0106911	0.979736	0.98805
case_7	116.0	2301545	0.883934	2253041	0.865306	37340	0.0143408	0.978925	0.983697
case_7	41.0	2444649	0.948781	2426863	0.941878	10809	0.00419503	0.992725	0.995566
case_7	44.0	2501354	0.958453	2493080	0.955283	12201	0.0046751	0.996692	0.99513
case_7	116.0	2310350	0.868713	2239866	0.84221	36970	0.0139011	0.969492	0.983763
case_7	41.0	2497022	0.955755	2460963	0.941953	12605	0.00482467	0.985559	0.994904
case_7	116.0	2288385	0.86745	2222895	0.842625	33295	0.012621	0.971382	0.985243
case_7	28.0	2467045	0.960294	2441064	0.950181	5966	0.00232226	0.989469	0.997562
case_7	41.0	2444649	0.948781	2426863	0.941878	10809	0.00419503	0.992725	0.995566
case_7	42.0	2502115	0.957891	2467610	0.944681	9861	0.00377511	0.98621	0.99602
case_7	116.0	2317991	0.882976	2262629	0.861888	39717	0.0151291	0.976116	0.982749
case_7	116.0	2293298	0.883162	2223044	0.856107	40260	0.0155044	0.969366	0.982212
case_7	0.0	2620185	1.0	2620185	1.0	0	0.0	1.0	1.0
case_7	115.0	2311661	0.880395	2254971	0.858805	42566	0.0162112	0.975477	0.981473
case_7	116.0	2268198	0.878417	2212614	0.85689	40482	0.0156777	0.975494	0.982033
case_7	115.0	2299404	0.88294	2249961	0.863955	40173	0.0154259	0.978497	0.982458
case_7	82.0	2355186	0.902224	2309415	0.88469	22506	0.0086216	0.980566	0.990349
case_7	115.0	2311661	0.880395	2254971	0.858805	42566	0.0162112	0.975477	0.981473
case_7	23.0	2564129	0.978795	2559063	0.976862	8129	0.00310305	0.998024	0.996834
case_7	42.0	2450688	0.951312	2434863	0.945169	8947	0.00347306	0.993543	0.996339
case_7	115.0	2299404	0.88294	2249961	0.863955	40173	0.0154259	0.978497	0.982458
case_7	81.0	2394601	0.902266	2346077	0.883982	28374	0.0106911	0.979736	0.98805
case_8	50.0	2481642	0.940938	2474025	0.93805	8270	0.00313565	0.996931	0.996668
case_8	0.0	2639672	1.0	2639672	1.0	0	0.0	1.0	1.0
case_8	57.0	2467079	0.926134	2449100	0.919384	10801	0.00405466	0.992712	0.995609
case_8	57.0	2444901	0.925724	2428169	0.919389	9236	0.00349707	0.993156	0.996211
case_8	50.0	2481642	0.940938	2474025	0.93805	8270	0.00313565	0.996931	0.996668
case_8	120.0	2331460	0.894091	2315578	0.888	21850	0.00837925	0.993188	0.990652
case_8	4.0	2681576	0.996971	2681422	0.996914	154	5.7255e-05	0.999943	0.999943
case_8	924.0	1155873	0.440947	833521	0.317975	427478	0.163076	0.721118	0.661001
case_8	925.0	1146986	0.433558	825635	0.312088	414726	0.156765	0.71983	0.665641
case_8	925.0	1140184	0.43473	822891	0.313752	415725	0.158508	0.721718	0.664363
case_8	57.0	2444901	0.925724	2428169	0.919389	9236	0.00349707	0.993156	0.996211
case_8	57.0	2464171	0.925827	2449263	0.920226	6548	0.00246018	0.99395	0.997334
case_8	57.0	2467078	0.925543	2451030	0.919523	10907	0.00409184	0.993495	0.99557
case_8	22.0	2569746	0.963555	2568311	0.963017	1876	0.000703427	0.999442	0.99927
case_8	925.0	1148592	0.433886	827804	0.312707	412372	0.155776	0.720712	0.667489
case_8	925.0	1155419	0.439765	840038	0.319728	422317	0.160738	0.727042	0.665453
case_8	924.0	1172412	0.446855	853078	0.325143	431546	0.16448	0.727626	0.664068
case_8	57.0	2437269	0.923624	2424660	0.918846	5339	0.00202326	0.994827	0.997803
case_8	924.0	1153925	0.440583	832801	0.317974	417853	0.159542	0.721712	0.665892
case_8	925.0	1167406	0.440508	846752	0.319513	425880	0.160701	0.725328	0.665355
case_8	924.0	1155873	0.440947	833521	0.317975	427478	0.163076	0.721118	0.661001
case_8	57.0	2467079	0.926134	2449100	0.919384	10801	0.00405466	0.992712	0.995609
case_8	22.0	2571786	0.964934	2570307	0.964379	1920	0.000720384	0.999425	0.999254
case_8	924.0	1176810	0.448145	857571	0.326574	439969	0.167546	0.728725	0.660921
case_8	925.0	1167727	0.440347	847380	0.319545	423473	0.159691	0.725666	0.666781
case_8	57.0	2464169	0.925236	2451193	0.920364	6654	0.00249842	0.994734	0.997293
case_8	57.0	2467078	0.925543	2451030	0.919523	10907	0.00409184	0.993495	0.99557
case_8	924.0	1176810	0.448145	857571	0.326574	439969	0.167546	0.728725	0.660921
case_9	106.0	2311879	0.880509	2243399	0.854427	45563	0.0173533	0.970379	0.980094
case_9	106.0	2283332	0.854597	2220958	0.831252	41377	0.0154864	0.972683	0.98171
case_9	106.0	2325102	0.886081	2273714	0.866498	41001	0.0156252	0.977899	0.982287
case_9	102.0	2326186	0.884106	2280184	0.866622	35448	0.0134726	0.980224	0.984692
case_9	106.0	2307733	0.879912	2246561	0.856588	50528	0.0192657	0.973493	0.978003
case_9	106.0	2305023	0.879576	2245087	0.856705	50704	0.0193482	0.973998	0.977914
case_9	106.0	2297175	0.877429	2245106	0.85754	48547	0.018543	0.977333	0.978834
case_9	102.0	2326486	0.885206	2287987	0.870557	42502	0.0161716	0.983452	0.981763
case_9	38.0	2500896	0.954484	2490734	0.950606	18157	0.00692974	0.995937	0.992763
case_9	52.0	2479343	0.945201	2457394	0.936834	16262	0.00619957	0.991147	0.993426
case_9	102.0	2325885	0.885206	2288970	0.871156	41632	0.0158447	0.984129	0.982137
case_9	26.0	2528532	0.965631	2524510	0.964095	6018	0.00229824	0.998409	0.997622
case_9	6.0	2623095	0.996064	2622881	0.995983	214	8.12619e-05	0.999918	0.999918
case_9	106.0	2290074	0.8594	2246799	0.843161	41328	0.0155092	0.981103	0.981938
case_9	106.0	2298580	0.861103	2249074	0.842557	38487	0.0144181	0.978462	0.983176
case_9	102.0	2326286	0.884372	2281328	0.86728	34578	0.0131453	0.980674	0.985069
case_9	106.0	2286590	0.856756	2234247	0.837144	46492	0.01742	0.977109	0.979615
case_9	106.0	2297988	0.876758	2237741	0.853771	43363	0.0165444	0.973783	0.98099
case_9	102.0	2323462	0.884984	2291796	0.872923	39073	0.0148825	0.986371	0.983237
case_9	106.0	2311218	0.864276	2263346	0.846374	40521	0.0151528	0.979287	0.982412
case_9	106.0	2309104	0.863267	2262060	0.845679	40698	0.0152151	0.979627	0.982326
case_9	106.0	2295516	0.877492	2243610	0.85765	48867	0.0186801	0.977388	0.978684
case_9	106.0	2328738	0.88591	2273305	0.864822	41775	0.0158923	0.976196	0.981955
case_9	52.0	2484937	0.946583	2460597	0.937311	16066	0.00612	0.990205	0.993513
case_9	106.0	2283906	0.856418	2228998	0.835829	46346	0.0173788	0.975959	0.979631
case_9	102.0	2324364	0.885099	2290813	0.872323	40284	0.0153398	0.985566	0.982719
case_9	106.0	2322728	0.885405	2273155	0.866508	40131	0.0152976	0.978657	0.982652
case_9	106.0	2326883	0.885433	2272746	0.864833	40905	0.0155653	0.976734	0.98232
