case_10	193.0	1816240	0.771292	1749210	0.742827	95761	0.0406663	0.963094	0.948096
case_10	52.0	2353367	0.943723	2345091	0.940405	9460	0.00379355	0.996483	0.995982
case_10	78.0	2309922	0.912158	2293270	0.905582	32550	0.0128536	0.992791	0.986005
case_10	235.0	1725219	0.694649	1530052	0.616067	114165	0.0459679	0.886874	0.930566
case_10	193.0	1827076	0.77095	1762567	0.74373	96913	0.0408933	0.964693	0.947882
case_10	236.0	1825548	0.729914	1662241	0.664618	97683	0.0390568	0.910544	0.944496
case_10	236.0	1923861	0.733602	1756593	0.66982	114594	0.0436967	0.913056	0.938759
case_10	236.0	1887523	0.72387	1721574	0.660229	117157	0.04493	0.912081	0.936284
case_10	235.0	1657027	0.697083	1474749	0.620402	95979	0.0403767	0.889997	0.938895
case_10	236.0	1843434	0.734365	1670207	0.665357	108156	0.0430859	0.90603	0.939182
case_10	236.0	1843802	0.732834	1678687	0.667207	100738	0.0400391	0.910449	0.943387
case_10	208.0	2001099	0.763886	1878264	0.716995	99313	0.0379111	0.938616	0.94978
case_10	42.0	2332293	0.94091	2327037	0.93879	12148	0.00490083	0.997746	0.994807
case_10	236.0	1911759	0.731789	1748730	0.669384	115026	0.04403	0.914723	0.938283
case_10	236.0	1875690	0.747261	1706926	0.680027	107950	0.0430065	0.910026	0.940519
case_10	236.0	1868879	0.740096	1698572	0.672652	108564	0.0429925	0.908872	0.939925
case_10	34.0	2629177	0.964437	2624886	0.962863	5291	0.00194085	0.998368	0.997988
case_10	236.0	1906573	0.734046	1748486	0.673182	117082	0.0450775	0.917083	0.937241
case_10	208.0	2002777	0.761608	1881400	0.715451	103105	0.0392083	0.939396	0.948045
case_10	236.0	1876889	0.722574	1708664	0.65781	115835	0.0445947	0.91037	0.936511
case_10	235.0	1723327	0.696704	1531039	0.618966	110677	0.0447443	0.88842	0.932585
case_10	208.0	2018041	0.767658	1892636	0.719954	110114	0.0418871	0.937858	0.945019
case_10	235.0	1684732	0.706007	1480921	0.620597	109826	0.0460239	0.879025	0.930959
case_10	236.0	1916290	0.734947	1761640	0.675635	118523	0.0454566	0.919297	0.936961
case_10	52.0	2307666	0.925338	2299809	0.922188	10031	0.00402228	0.996595	0.995657
case_10	236.0	1848181	0.739009	1690075	0.675789	100500	0.0401857	0.914453	0.943873
case_10	208.0	2024702	0.767262	1895554	0.718321	115051	0.0435986	0.936214	0.942778
case_10	193.0	1785178	0.758051	1718115	0.729573	91558	0.0388788	0.962433	0.949406
case_11	712.0	1116494	0.465925	816283	0.340644	360877	0.150598	0.731113	0.693434
case_11	712.0	1101406	0.460507	806834	0.337344	358371	0.149838	0.732549	0.69244
case_11	93.0	1963199	0.907163	1947877	0.900083	16620	0.00767984	0.992195	0.99154
case_11	37.0	2076815	0.954384	2072883	0.952577	8867	0.00407476	0.998107	0.995741
case_11	711.0	1132555	0.467486	829987	0.342594	372962	0.153948	0.732845	0.68996
case_11	93.0	1963199	0.907163	1947877	0.900083	16620	0.00767984	0.992195	0.99154
case_11	92.0	1989000	0.908858	1970882	0.900579	18025	0.00823638	0.990891	0.990937
case_11	76.0	1988509	0.925306	1980193	0.921436	11923	0.00554809	0.995818	0.994015
case_11	92.0	1959028	0.904624	1940854	0.896232	17130	0.00791015	0.990723	0.991251
case_11	18.0	2582261	0.97876	2580360	0.97804	2072	0.000785355	0.999264	0.999198
case_11	711.0	1092162	0.458272	799904	0.33564	358432	0.150398	0.732404	0.690563
case_11	93.0	1943408	0.899918	1924317	0.891078	17797	0.00824111	0.990177	0.990836
case_11	712.0	1121262	0.467524	818557	0.341307	363013	0.151363	0.730032	0.692771
case_11	93.0	1937260	0.904747	1917468	0.895503	16348	0.00763491	0.989784	0.991546
case_11	93.0	1937260	0.904747	1917468	0.895503	16348	0.00763491	0.989784	0.991546
case_11	712.0	1116494	0.465925	816283	0.340644	360877	0.150598	0.731113	0.693434
case_11	711.0	1086961	0.456473	797136	0.33476	356889	0.149877	0.733362	0.690744
case_11	712.0	1107631	0.462722	810461	0.338577	359914	0.150357	0.731707	0.69248
case_11	711.0	1111327	0.462262	806775	0.335582	356493	0.148285	0.725956	0.693542
case_11	37.0	2098168	0.962175	2093521	0.960044	10964	0.00502786	0.997785	0.99479
case_11	711.0	1116904	0.464195	809651	0.336498	359000	0.149203	0.724907	0.692808
case_11	37.0	2098168	0.962175	2093521	0.960044	10964	0.00502786	0.997785	0.99479
case_11	711.0	1125811	0.465087	825693	0.341104	371074	0.153295	0.733421	0.689936
case_11	93.0	1913454	0.89554	1891127	0.885091	18231	0.00853252	0.988332	0.990452
case_11	712.0	1121262	0.467524	818557	0.341307	363013	0.151363	0.730032	0.692771
case_11	20.0	2100666	0.97627	2098622	0.97532	5034	0.00233952	0.999027	0.997607
case_11	20.0	2100666	0.97627	2098622	0.97532	5034	0.00233952	0.999027	0.997607
case_11	0.0	2156298	1.0	2156298	1.0	0	0.0	1.0	1.0
case_12	49.0	2399975	0.927305	2382025	0.92037	23833	0.00920863	0.992521	0.990094
case_12	183.0	2057031	0.740174	1860168	0.669338	106454	0.038305	0.904298	0.94587
case_12	176.0	2070616	0.793944	1952417	0.748623	115718	0.0443702	0.942916	0.944047
case_12	184.0	2011315	0.783309	1815523	0.707058	95794	0.0373071	0.902655	0.949881
case_12	49.0	2382352	0.92204	2360895	0.913736	19993	0.00773788	0.990993	0.991603
case_12	183.0	2028032	0.779609	1824004	0.701177	99134	0.0381087	0.899396	0.948452
case_12	49.0	2395794	0.927118	2377261	0.919946	19008	0.00735566	0.992264	0.992068
case_12	183.0	2040346	0.781969	1848355	0.708388	96413	0.0369506	0.905903	0.950424
case_12	183.0	2063800	0.742517	1864390	0.670773	105779	0.0380573	0.903377	0.94631
case_12	176.0	2080777	0.799062	1961569	0.753283	109096	0.0418951	0.94271	0.947314
case_12	177.0	2053170	0.798776	1938275	0.754077	105824	0.0411703	0.94404	0.94823
case_12	18.0	2561007	0.973899	2557603	0.972604	9367	0.00356208	0.998671	0.996351
case_12	176.0	2073423	0.796344	1955218	0.750945	109219	0.041948	0.94299	0.947095
case_12	183.0	2077926	0.745481	1889310	0.677813	105433	0.0378254	0.909229	0.947145
case_12	183.0	2025240	0.777345	1837388	0.705242	95854	0.0367915	0.907245	0.950418
case_12	184.0	2053368	0.747812	1857246	0.676386	103455	0.037677	0.904488	0.947236
case_12	183.0	2022149	0.777452	1819714	0.699622	96923	0.0372638	0.899891	0.949431
case_12	28.0	2493713	0.949874	2481064	0.945056	16387	0.00624193	0.994928	0.993439
case_12	28.0	2478359	0.945434	2463075	0.939603	17736	0.00676585	0.993833	0.992851
case_12	176.0	2094880	0.802045	1980002	0.758063	115488	0.0442157	0.945162	0.944887
case_12	49.0	2414092	0.931353	2393591	0.923444	21697	0.00837067	0.991508	0.991017
case_12	110.0	2276093	0.823761	2196837	0.795077	81490	0.0294928	0.965179	0.964233
case_12	14.0	2558521	0.9775	2554624	0.976011	4736	0.00180942	0.998477	0.99815
case_12	183.0	2072457	0.749334	1931156	0.698244	110714	0.0400307	0.93182	0.945778
case_12	183.0	2063636	0.741394	1880827	0.675717	104005	0.0373655	0.911414	0.9476
case_12	28.0	2507741	0.95509	2498313	0.9515	14292	0.00544321	0.99624	0.994312
case_12	183.0	2036686	0.787092	1889413	0.730177	87264	0.0337238	0.92769	0.955853
case_12	28.0	2492271	0.950614	2480324	0.946058	15641	0.00596587	0.995206	0.993733
case_13	252.0	1780211	0.695983	1662573	0.649992	106160	0.0415038	0.933919	0.93998
case_13	252.0	1781208	0.697438	1665734	0.652224	102732	0.0402251	0.935171	0.941909
case_13	70.0	2157299	0.864755	2146808	0.860549	22616	0.00906564	0.995137	0.989575
case_13	252.0	1949327	0.753559	1810742	0.699985	122432	0.047329	0.928906	0.936668
case_13	196.0	1823315	0.740819	1773316	0.720504	73221	0.0297499	0.972578	0.960347
case_13	64.0	2446344	0.908395	2430904	0.902662	20153	0.00748337	0.993689	0.991778
case_13	18.0	2714371	0.983874	2713478	0.98355	2930	0.00106203	0.999671	0.998921
case_13	56.0	2428563	0.929159	2421950	0.926629	12156	0.00465084	0.997277	0.995006
case_13	64.0	2429271	0.905195	2412871	0.899084	19148	0.00713492	0.993249	0.992127
case_13	252.0	1991083	0.759866	1850429	0.706187	128385	0.0489961	0.929358	0.93512
case_13	64.0	2446312	0.909704	2434625	0.905358	17960	0.00667874	0.995223	0.992677
case_13	64.0	2434261	0.903825	2419692	0.898416	18918	0.00702413	0.994015	0.992242
case_13	64.0	2444952	0.911122	2426335	0.904184	20669	0.00770239	0.992386	0.991553
case_13	252.0	1986905	0.745166	1843296	0.691307	119421	0.0447875	0.927722	0.939155
case_13	64.0	2443634	0.911959	2430674	0.907122	17681	0.00659851	0.994696	0.992778
case_13	252.0	1777017	0.694667	1658065	0.648166	101727	0.0397668	0.933061	0.942194
case_13	252.0	2014756	0.747391	1886274	0.69973	126350	0.0468706	0.936229	0.937221
case_13	252.0	1992074	0.748271	1854387	0.696552	120597	0.0452991	0.930883	0.938938
case_13	252.0	1733861	0.696859	1618299	0.650413	99034	0.0398029	0.93335	0.942333
case_13	252.0	1746182	0.704526	1621548	0.65424	104831	0.0422958	0.928625	0.939277
case_13	252.0	2010841	0.744791	1878107	0.695628	125620	0.0465281	0.933991	0.937307
case_13	12.0	2715046	0.98403	2714501	0.983832	545	0.000197528	0.999799	0.999799
case_13	252.0	2016706	0.747032	1885122	0.69829	129545	0.0479863	0.934753	0.935699
case_13	196.0	2062107	0.792203	2001871	0.769062	100299	0.038532	0.970789	0.952288
case_13	252.0	1987997	0.745645	1851793	0.694558	121522	0.0455797	0.931487	0.938417
case_13	252.0	1980942	0.75324	1847698	0.702575	123395	0.0469201	0.932737	0.937398
case_13	252.0	1944811	0.749037	1812844	0.69821	117256	0.0451607	0.932144	0.939249
case_13	18.0	2707397	0.97987	2706196	0.979435	3238	0.00117191	0.999556	0.998805
case_14	210.0	1937545	0.777716	1866037	0.749013	87468	0.035109	0.963094	0.955225
case_14	512.0	1448739	0.574392	1275382	0.50566	255833	0.101432	0.880339	0.832922
case_14	18.0	2437269	0.969774	2434873	0.968821	4120	0.00163932	0.999017	0.998311
case_14	210.0	1905874	0.761374	1830263	0.731168	88247	0.0352536	0.960327	0.954002
case_14	86.0	2176529	0.876094	2163586	0.870885	25899	0.0104248	0.994053	0.988171
case_14	512.0	1454060	0.577589	1284164	0.510102	257317	0.102213	0.883158	0.833072
case_14	18.0	2436270	0.970557	2434358	0.969795	3271	0.0013031	0.999215	0.998658
case_14	512.0	1442816	0.582603	1278789	0.51637	252035	0.101771	0.886315	0.83536
case_14	210.0	1909975	0.762082	1832125	0.73102	88326	0.0352422	0.95924	0.954008
case_14	144.0	2049559	0.838054	2018315	0.825278	41495	0.0169671	0.984756	0.979855
case_14	512.0	1414084	0.565947	1237551	0.495294	241660	0.0967175	0.875161	0.836629
case_14	512.0	1454643	0.57712	1282507	0.508826	258294	0.102476	0.881664	0.832364
case_14	210.0	1968254	0.797664	1901670	0.77068	92316	0.0374124	0.966171	0.953703
case_14	210.0	1940273	0.779339	1858545	0.746512	86073	0.0345725	0.957878	0.955738
case_14	24.0	2319902	0.951342	2317169	0.950221	2905	0.00119128	0.998822	0.998748
case_14	144.0	1997023	0.832155	1969335	0.820617	40475	0.0168658	0.986135	0.979861
case_14	210.0	1878401	0.768095	1802554	0.73708	88664	0.0362555	0.959622	0.953118
case_14	210.0	1965924	0.796175	1902198	0.770367	92105	0.0373014	0.967585	0.953816
case_14	512.0	1407097	0.559429	1237301	0.491922	248355	0.0987402	0.879329	0.832831
case_14	2.0	2502711	0.997697	2502708	0.997696	3	1.19594e-06	0.999999	0.999999
case_14	144.0	2021092	0.820836	1986479	0.806778	42042	0.0170747	0.982874	0.979275
case_14	210.0	1898560	0.757017	1823096	0.726927	89961	0.0358703	0.960252	0.952975
case_14	210.0	1969484	0.799153	1902761	0.772079	92680	0.0376065	0.966122	0.953554
case_14	210.0	1890215	0.77346	1810710	0.740927	86757	0.0355002	0.957939	0.954277
case_14	210.0	1886688	0.772984	1809842	0.7415	87041	0.035661	0.959269	0.954114
case_14	512.0	1391841	0.567445	1231005	0.501873	240730	0.0981442	0.884444	0.836431
case_14	210.0	1938914	0.779751	1858642	0.747468	86074	0.0346154	0.9586	0.95574
case_14	86.0	2147793	0.886808	2135992	0.881935	23196	0.00957745	0.994506	0.989257
case_15	135.0	2156471	0.815928	2107998	0.797588	73069	0.0276466	0.977522	0.966499
case_15	193.0	2013854	0.755629	1919539	0.720241	93928	0.0352432	0.953167	0.95335
case_15	193.0	2023693	0.755253	1932867	0.721356	94656	0.0353261	0.955119	0.953314
case_15	18.0	2577525	0.979635	2574861	0.978623	5371	0.00204135	0.998966	0.997918
case_15	135.0	2169364	0.81889	2112033	0.797249	78421	0.0296023	0.973572	0.964199
case_15	89.0	2397400	0.903947	2385760	0.899558	20060	0.00756368	0.995145	0.991662
case_15	192.0	1977756	0.747143	1896541	0.716462	93079	0.0351628	0.958936	0.953218
case_15	192.0	1982962	0.745069	1903421	0.715183	94439	0.0354841	0.959888	0.95273
case_15	193.0	2033010	0.760485	1947252	0.728406	85824	0.0321041	0.957817	0.957786
case_15	135.0	2159336	0.817719	2101258	0.795725	74695	0.0282862	0.973104	0.965673
case_15	192.0	1970428	0.743733	1895989	0.715636	91210	0.034427	0.962222	0.954101
case_15	192.0	2005778	0.756348	1917027	0.722881	99067	0.0373566	0.955752	0.950862
case_15	135.0	2165268	0.818049	2097638	0.792498	82861	0.0313053	0.968766	0.961999
case_15	191.0	1960092	0.744184	1884612	0.715527	101554	0.0385568	0.961492	0.948869
case_15	68.0	2408838	0.906012	2391930	0.899652	26249	0.00987277	0.992981	0.989145
case_15	193.0	2031239	0.756917	1951932	0.727364	83507	0.0311179	0.960956	0.958973
case_15	135.0	2162144	0.81491	2115681	0.797398	69095	0.0260418	0.978511	0.968374
case_15	192.0	1976029	0.741828	1902863	0.71436	92571	0.0347524	0.962973	0.953609
case_15	193.0	2020597	0.757001	1939180	0.726499	84210	0.0315486	0.959706	0.958382
case_15	193.0	2026184	0.762024	1937939	0.728836	85107	0.0320077	0.956448	0.957931
case_15	24.0	2611172	0.974422	2608555	0.973445	2447	0.000913157	0.998998	0.999063
case_15	89.0	2404343	0.901684	2391012	0.896684	21587	0.00809562	0.994455	0.991052
case_15	68.0	2415846	0.905154	2401135	0.899642	20507	0.00768343	0.993911	0.991532
case_15	192.0	2013768	0.758195	1934489	0.728346	91165	0.0343241	0.960632	0.954995
case_15	191.0	1952473	0.740649	1881660	0.713787	99969	0.0379221	0.963732	0.949552
case_15	135.0	2166825	0.817378	2111888	0.796655	70505	0.0265962	0.974646	0.967694
case_15	192.0	2021706	0.764136	1929805	0.729401	94882	0.0358622	0.954543	0.953137
case_15	26.0	2584783	0.970699	2582758	0.969939	4060	0.00152471	0.999217	0.998431
case_16	131.0	2099384	0.835944	2063865	0.8218	40093	0.0159644	0.983081	0.980944
case_16	184.0	2044767	0.811921	1987576	0.789212	59253	0.0235277	0.972031	0.971051
case_16	786.0	1103910	0.451083	795775	0.325172	399877	0.163399	0.720869	0.665557
case_16	91.0	2279597	0.884792	2267567	0.880123	27602	0.0107133	0.994723	0.987974
case_16	132.0	2127121	0.8441	2089212	0.829056	35797	0.0142052	0.982178	0.983154
case_16	0.0	2566135	1.0	2566135	1.0	0	0.0	1.0	1.0
case_16	183.0	2107108	0.818338	2053776	0.797625	76625	0.0297589	0.974689	0.964033
case_16	183.0	2107108	0.818338	2053776	0.797625	76625	0.0297589	0.974689	0.964033
case_16	26.0	2384308	0.97122	2382580	0.970516	3079	0.00125419	0.999275	0.998709
case_16	786.0	1052038	0.441935	743565	0.312353	375066	0.157556	0.706785	0.66471
case_16	785.0	1109131	0.455129	801117	0.328737	389081	0.159659	0.722292	0.673096
case_16	131.0	2108083	0.839973	2072285	0.825709	40901	0.0162972	0.983019	0.980645
case_16	2.0	2583987	0.999146	2583903	0.999114	84	3.24801e-05	0.999967	0.999967
case_16	184.0	2110272	0.816467	2056988	0.795851	75753	0.0293089	0.97475	0.964481
case_16	132.0	2115558	0.839118	2080359	0.825157	34977	0.0138733	0.983362	0.983465
case_16	184.0	2039841	0.809421	1981351	0.786212	60432	0.0239798	0.971326	0.970402
case_16	91.0	2279597	0.884792	2267567	0.880123	27602	0.0107133	0.994723	0.987974
case_16	131.0	2099384	0.835944	2063865	0.8218	40093	0.0159644	0.983081	0.980944
case_16	131.0	2108083	0.839973	2072285	0.825709	40901	0.0162972	0.983019	0.980645
case_16	184.0	2109938	0.816177	2056616	0.79555	75791	0.0293178	0.974728	0.964458
case_16	132.0	2116604	0.839363	2081740	0.825537	34954	0.0138614	0.983528	0.983487
case_16	786.0	1104644	0.45167	819998	0.335283	395331	0.161644	0.742319	0.674713
case_16	132.0	2126075	0.843856	2087831	0.828676	35820	0.0142172	0.982012	0.983133
case_16	786.0	1103910	0.451177	795836	0.325265	399668	0.163348	0.720925	0.665691
case_16	786.0	1045901	0.439045	729321	0.306152	374944	0.157393	0.697314	0.660458
case_16	91.0	2278349	0.884483	2266247	0.879785	27564	0.0107007	0.994688	0.987983
case_16	785.0	1109131	0.455129	801117	0.328737	389081	0.159659	0.722292	0.673096
case_16	91.0	2278349	0.884483	2266247	0.879785	27564	0.0107007	0.994688	0.987983
case_17	454.0	1420111	0.572061	1219271	0.491157	255159	0.102785	0.858574	0.826944
case_17	68.0	2325781	0.912735	2318659	0.90994	14616	0.00573594	0.996938	0.993736
case_17	454.0	1424178	0.57439	1212242	0.488913	258188	0.104131	0.851187	0.824413
case_17	126.0	2165817	0.838767	2131844	0.82561	41807	0.0161908	0.984314	0.980766
case_17	126.0	2171940	0.848349	2146417	0.83838	33399	0.0130455	0.988249	0.984678
case_17	454.0	1418882	0.567726	1214063	0.485773	258105	0.103274	0.855648	0.824677
case_17	100.0	2193629	0.862594	2168094	0.852553	27189	0.0106915	0.988359	0.987615
case_17	454.0	1391954	0.570772	1197182	0.490905	242281	0.0993475	0.860073	0.831687
case_17	126.0	2156190	0.824349	2127527	0.813391	42408	0.0162133	0.986707	0.980457
case_17	454.0	1392204	0.575541	1193099	0.49323	245205	0.101368	0.856986	0.829518
case_17	126.0	2126101	0.844874	2099667	0.834369	41557	0.016514	0.987567	0.980592
case_17	454.0	1410436	0.560118	1204279	0.478248	255769	0.101572	0.853835	0.824822
case_17	126.0	2162742	0.825227	2130263	0.812834	44113	0.016832	0.984982	0.979712
case_17	126.0	2176561	0.848445	2148761	0.837608	34195	0.0133295	0.987228	0.984335
case_17	126.0	2161897	0.838924	2129175	0.826227	40456	0.015699	0.984864	0.981354
case_17	454.0	1478990	0.592384	1254258	0.502372	278706	0.111631	0.84805	0.818191
case_17	100.0	2250004	0.869807	2225834	0.860464	23011	0.0088956	0.989258	0.989768
case_17	60.0	2249345	0.931882	2240926	0.928394	19188	0.0079494	0.996257	0.99151
case_17	92.0	2219126	0.886084	2195155	0.876512	29536	0.0117935	0.989198	0.986724
case_17	126.0	2128252	0.843999	2099629	0.832648	41959	0.0166396	0.986551	0.980408
case_17	100.0	2239102	0.860011	2212599	0.849831	28623	0.0109937	0.988164	0.987229
case_17	12.0	2554019	0.984513	2552923	0.98409	1096	0.000422481	0.999571	0.999571
case_17	454.0	1468439	0.584735	1261376	0.502282	274638	0.109361	0.858991	0.821201
case_17	454.0	1479391	0.587889	1259812	0.500631	274183	0.108956	0.851575	0.821262
case_17	454.0	1409099	0.555227	1204373	0.474559	254119	0.100131	0.854711	0.825766
case_17	454.0	1469303	0.589722	1257602	0.504754	278248	0.111678	0.855917	0.818831
case_17	454.0	1421976	0.577412	1217054	0.4942	253007	0.102737	0.855889	0.827894
case_17	92.0	2230962	0.896822	2211980	0.889192	24807	0.00997214	0.991492	0.98891
case_18	17.0	2201673	0.985687	2200680	0.985242	2874	0.00128669	0.999549	0.998696
case_18	2.0	2228191	0.998591	2228073	0.998538	118	5.28831e-05	0.999947	0.999947
case_18	11.0	2147476	0.974691	2146127	0.974079	1892	0.000858736	0.999372	0.999119
case_18	27.0	2172338	0.966816	2168476	0.965097	4430	0.00197161	0.998222	0.997961
case_18	7.0	2212895	0.991548	2211989	0.991142	906	0.000405958	0.999591	0.999591
case_18	54.0	2081790	0.918635	2067704	0.912419	14754	0.00651052	0.993234	0.992915
case_18	17.0	2202357	0.985878	2201246	0.985381	2992	0.00133936	0.999496	0.998643
case_18	268.0	1583355	0.664601	1444613	0.606365	147571	0.0619418	0.912375	0.907315
case_18	54.0	2085005	0.914807	2072885	0.90949	13217	0.00579903	0.994187	0.993664
case_18	27.0	2171654	0.966624	2167910	0.964957	4312	0.00191931	0.998276	0.998015
case_18	7.0	2213579	0.991738	2212555	0.99128	1024	0.000458777	0.999537	0.999537
case_18	53.0	2085923	0.921503	2075882	0.917067	12691	0.00560653	0.995186	0.993924
case_18	267.0	1632848	0.677313	1499332	0.62193	151647	0.0629039	0.918231	0.908147
case_18	53.0	2085105	0.921035	2074408	0.91631	12809	0.00565801	0.99487	0.993863
case_18	268.0	1661303	0.680012	1530075	0.626297	159364	0.0652316	0.921009	0.90567
case_18	28.0	2166779	0.96416	2161505	0.961814	4958	0.00220618	0.997566	0.997711
case_18	18.0	2196799	0.983204	2194282	0.982078	3514	0.00157273	0.998854	0.998401
case_18	28.0	2171540	0.965469	2164826	0.962484	5649	0.00251155	0.996908	0.997397
case_18	54.0	2027547	0.906972	2016304	0.901943	11973	0.00535582	0.994455	0.994097
case_18	12.0	2142981	0.972464	2141528	0.971805	2420	0.00109817	0.999322	0.998871
case_18	11.0	2146792	0.974496	2145561	0.973937	1774	0.000805274	0.999427	0.999174
case_18	28.0	2108186	0.950258	2103521	0.948156	4690	0.002114	0.997787	0.997775
case_18	18.0	2138695	0.96969	2136771	0.968818	3282	0.00148807	0.9991	0.998466
case_18	268.0	1646044	0.67848	1515146	0.624525	151899	0.062611	0.920477	0.908881
case_18	268.0	1631558	0.676659	1496942	0.62083	151783	0.0629492	0.917492	0.907939
case_18	268.0	1630170	0.675555	1495023	0.619549	153082	0.0634384	0.917096	0.907116
case_18	54.0	2084097	0.920418	2072781	0.91542	13697	0.00604913	0.99457	0.993435
case_18	267.0	1633744	0.677758	1500796	0.622604	151542	0.0628671	0.918624	0.908286
case_19	65.0	2212353	0.903092	2205032	0.900103	16369	0.0066819	0.996691	0.992631
case_19	4.0	2469511	0.995963	2469433	0.995931	78	3.14577e-05	0.999968	0.999968
case_19	65.0	2219811	0.903696	2212568	0.900748	16291	0.00663215	0.996737	0.992691
case_19	265.0	1669732	0.624704	1564112	0.585188	134708	0.0503988	0.936744	0.920705
case_19	265.0	1668404	0.626176	1557414	0.58452	133465	0.0500913	0.933475	0.921068
case_19	264.0	1670705	0.625032	1565076	0.585515	134397	0.0502796	0.936776	0.920918
case_19	264.0	1612648	0.608619	1513993	0.571386	136928	0.0516771	0.938824	0.91706
case_19	264.0	1704960	0.633368	1590021	0.59067	139774	0.051924	0.932586	0.919196
case_19	6.0	2837280	0.990544	2835927	0.990071	1353	0.000472356	0.999523	0.999523
case_19	265.0	1673145	0.6264	1562407	0.584941	133443	0.049959	0.933814	0.921312
case_19	176.0	1891379	0.699399	1854716	0.685842	79140	0.0292646	0.980616	0.959077
case_19	5.0	2455572	0.992929	2454973	0.992687	599	0.00024221	0.999756	0.999756
case_19	28.0	2807676	0.970951	2805005	0.970028	1860	0.000643226	0.999049	0.999337
case_19	5.0	2463029	0.993288	2462508	0.993078	521	0.000210108	0.999788	0.999788
case_19	265.0	1709196	0.633421	1594050	0.590748	140063	0.0519068	0.932631	0.919231
case_19	176.0	1910043	0.701398	1869785	0.686614	80076	0.0294052	0.978923	0.958932
case_19	176.0	1885589	0.699432	1843213	0.683713	78025	0.0289422	0.977526	0.959388
case_19	265.0	1703987	0.633042	1589057	0.590345	140085	0.0520425	0.932552	0.918986
case_19	264.0	1784848	0.719347	1682172	0.677965	159033	0.064095	0.942474	0.913626
case_19	264.0	1638891	0.614141	1535729	0.575483	140375	0.0526027	0.937054	0.916249
case_19	264.0	1669377	0.626505	1558378	0.584848	133154	0.0499717	0.933509	0.921282
case_19	265.0	1675591	0.625348	1569992	0.585938	134926	0.0503558	0.936978	0.920861
case_19	64.0	2209268	0.901777	2200626	0.89825	18028	0.00735865	0.996088	0.991874
case_19	28.0	2803392	0.972296	2799539	0.970959	2520	0.000874007	0.998626	0.999101
case_19	264.0	1611617	0.610165	1511235	0.57216	136755	0.051776	0.937713	0.917017
case_19	265.0	1850015	0.736772	1740900	0.693317	154688	0.0616048	0.941019	0.918396
case_19	264.0	1846917	0.737436	1737674	0.693818	155184	0.0619618	0.940851	0.918016
case_19	265.0	1840974	0.735108	1732424	0.691763	154352	0.0616333	0.941037	0.918193
case_1	38.0	2406435	0.953346	2390842	0.947169	15434	0.00611441	0.99352	0.993586
case_1	14.0	2501255	0.979836	2498373	0.978707	4223	0.00165431	0.998848	0.998313
case_1	38.0	2412008	0.949195	2396182	0.942967	14694	0.00578252	0.993439	0.993905
case_1	79.0	2288513	0.896204	2272816	0.890056	21930	0.008588	0.993141	0.990443
case_1	215.0	1999901	0.769142	1919705	0.738299	116443	0.0447828	0.9599	0.942812
case_1	18.0	2471718	0.975951	2470287	0.975386	1577	0.000622674	0.999421	0.999362
case_1	38.0	2426387	0.953654	2410827	0.947539	16388	0.00644105	0.993587	0.993248
case_1	79.0	2303940	0.908648	2271515	0.89586	24025	0.00947519	0.985926	0.989534
case_1	79.0	2303940	0.908648	2271515	0.89586	24025	0.00947519	0.985926	0.989534
case_1	79.0	2294818	0.911126	2262131	0.898148	24976	0.00991638	0.985756	0.98908
case_1	216.0	2030078	0.775629	1942995	0.742357	124476	0.0475584	0.957104	0.939793
case_1	79.0	2313621	0.911317	2283854	0.899592	26450	0.0104184	0.987134	0.988551
case_1	79.0	2288513	0.896204	2272816	0.890056	21930	0.008588	0.993141	0.990443
case_1	215.0	1999901	0.769142	1919705	0.738299	116443	0.0447828	0.9599	0.942812
case_1	58.0	2363308	0.920461	2345175	0.913398	17803	0.00693391	0.992327	0.992466
case_1	216.0	2011801	0.774596	1927649	0.742195	121745	0.046875	0.958171	0.940595
case_1	79.0	2289180	0.905837	2263944	0.895851	23574	0.00932832	0.988976	0.989695
case_1	79.0	2313621	0.911317	2283854	0.899592	26450	0.0104184	0.987134	0.988551
case_1	18.0	2488860	0.981481	2484260	0.979667	3148	0.00124141	0.998152	0.998734
case_1	216.0	2016669	0.766174	1939743	0.736948	132627	0.0503877	0.961855	0.936002
case_1	79.0	2289180	0.905837	2263944	0.895851	23574	0.00932832	0.988976	0.989695
case_1	216.0	2023715	0.774143	1935708	0.740477	125035	0.0478303	0.956512	0.939325
case_1	79.0	2294818	0.911126	2262131	0.898148	24976	0.00991638	0.985756	0.98908
case_1	0.0	2521606	1.0	2521606	1.0	0	0.0	1.0	1.0
case_1	216.0	2011287	0.771877	1928010	0.739917	126759	0.0486466	0.958595	0.93831
case_1	58.0	2355283	0.920355	2333202	0.911727	21572	0.00842952	0.990625	0.990839
case_1	58.0	2378072	0.925059	2355219	0.91617	22336	0.0086886	0.99039	0.990605
case_1	58.0	2359842	0.925204	2333665	0.914941	21185	0.00830583	0.988907	0.991004
case_20	1182.0	779651	0.33692	455516	0.196848	432265	0.1868	0.584256	0.513095
case_20	1181.0	783911	0.338123	464929	0.200537	422285	0.182144	0.593089	0.524033
case_20	1182.0	774670	0.331719	453241	0.194081	429810	0.184048	0.585076	0.513267
case_20	1182.0	791300	0.339385	470611	0.201843	429950	0.184403	0.594731	0.522575
case_20	1182.0	749947	0.305056	453962	0.184658	412451	0.167773	0.605325	0.523956
case_20	93.0	2060981	0.894627	2047844	0.888925	19632	0.00852182	0.993626	0.990504
case_20	1182.0	778678	0.314502	473668	0.191311	422988	0.170841	0.608298	0.528261
case_20	1182.0	792611	0.338996	469616	0.200853	433978	0.185611	0.592492	0.51972
case_20	1181.0	769679	0.312527	463106	0.188044	419993	0.170538	0.601687	0.52441
case_20	1182.0	777193	0.314521	469165	0.189866	418559	0.169386	0.603666	0.528503
case_20	1182.0	779101	0.33503	457197	0.196604	439983	0.189202	0.586826	0.509593
case_20	10.0	2301961	0.988166	2301354	0.987905	607	0.000260568	0.999736	0.999736
case_20	1181.0	785331	0.337076	467809	0.200791	430625	0.184831	0.595684	0.520694
case_20	1182.0	775130	0.330301	457114	0.194787	438933	0.18704	0.589726	0.510145
case_20	146.0	1946270	0.83868	1898314	0.818015	46988	0.0202479	0.97536	0.975845
case_20	1182.0	792135	0.340455	468270	0.20126	427357	0.183676	0.591149	0.52284
case_20	57.0	2152063	0.927113	2147306	0.925064	8626	0.0037161	0.99779	0.995999
case_20	552.0	1419743	0.574079	1308228	0.528988	243299	0.098379	0.921454	0.843187
case_20	1182.0	748605	0.301898	455969	0.183884	423222	0.170677	0.609092	0.518623
case_20	16.0	2281775	0.975053	2280241	0.974398	1049	0.000448261	0.999328	0.99954
case_20	552.0	1443618	0.581051	1335866	0.537682	248047	0.0998381	0.92536	0.843396
case_20	146.0	1963786	0.841643	1916603	0.821421	36469	0.0156299	0.975973	0.981327
case_20	146.0	1967325	0.841401	1921120	0.821639	37137	0.015883	0.976514	0.981036
case_20	94.0	2069942	0.893415	2045625	0.88292	20222	0.00872809	0.988252	0.990211
case_20	1182.0	791776	0.337934	471957	0.201434	436571	0.186331	0.596074	0.519474
case_20	57.0	2147111	0.926927	2142688	0.925018	8335	0.0035983	0.99794	0.996125
case_20	145.0	1937605	0.833378	1901355	0.817787	38897	0.0167299	0.981291	0.979953
case_20	94.0	2066387	0.893762	2040062	0.882376	19779	0.0085549	0.98726	0.990398
case_21	288.0	1820177	0.712128	1724000	0.674499	157566	0.0616463	0.947161	0.916258
case_21	436.0	1682500	0.641126	1476134	0.562489	261403	0.0996091	0.877346	0.849555
case_21	288.0	1825322	0.711776	1728659	0.674083	158560	0.0618298	0.947043	0.915982
case_21	288.0	1807571	0.698319	1715899	0.662904	154181	0.0595648	0.949284	0.917554
case_21	100.0	2295523	0.878609	2268441	0.868243	45390	0.017373	0.988202	0.980383
case_21	288.0	1802513	0.70916	1703882	0.670356	150968	0.0593951	0.945281	0.918609
case_21	288.0	1832116	0.708683	1733738	0.670629	158869	0.0614523	0.946304	0.916058
case_21	100.0	2290347	0.881423	2255294	0.867933	45341	0.0174491	0.984695	0.980292
case_21	58.0	2352223	0.925985	2342087	0.921994	15332	0.00603565	0.995691	0.993496
case_21	436.0	1674438	0.641528	1475700	0.565386	260340	0.0997442	0.881311	0.850038
case_21	436.0	1579636	0.607536	1355183	0.52121	273566	0.105215	0.857908	0.832039
case_21	28.0	2416941	0.968032	2413344	0.966591	3597	0.00144067	0.998512	0.998512
case_21	2.0	2619610	0.996514	2619411	0.996438	199	7.57007e-05	0.999924	0.999924
case_21	436.0	1564148	0.609786	1348459	0.525699	270976	0.10564	0.862104	0.832673
case_21	58.0	2344469	0.926027	2329919	0.92028	17112	0.00675896	0.993794	0.992709
case_21	436.0	1647584	0.630462	1441983	0.551787	266173	0.101853	0.875211	0.844175
case_21	70.0	2389774	0.915812	2377769	0.911211	23054	0.00883478	0.994977	0.990397
case_21	288.0	1807610	0.708798	1709654	0.670387	152372	0.0597479	0.945809	0.918169
case_21	288.0	1848775	0.711217	1752266	0.67409	164246	0.0631848	0.947798	0.9143
case_21	288.0	1826225	0.710715	1728176	0.672557	158509	0.0616872	0.946311	0.915985
case_21	100.0	2298423	0.878004	2271540	0.867735	45191	0.0172631	0.988304	0.980494
case_21	288.0	1782924	0.698237	1691330	0.662366	147917	0.0579279	0.948627	0.919577
case_21	288.0	1780148	0.699475	1685019	0.662096	148940	0.0585231	0.946561	0.918788
case_21	436.0	1684583	0.640674	1477025	0.561736	261845	0.0995839	0.87679	0.849417
case_21	436.0	1563880	0.611706	1339846	0.524076	264961	0.103639	0.856745	0.834895
case_21	70.0	2393834	0.915577	2381520	0.910868	22833	0.00873301	0.994856	0.990503
case_21	288.0	1848732	0.709807	1750630	0.672142	164195	0.0630415	0.946936	0.914251
case_21	288.0	1820886	0.710986	1723517	0.672967	157515	0.0615036	0.946527	0.916261
case_22	83.0	2336182	0.890895	2309680	0.880788	25797	0.00983759	0.988656	0.988954
case_22	102.0	2250882	0.871562	2227642	0.862563	27885	0.0107973	0.989675	0.987637
case_22	368.0	1499648	0.535615	1293014	0.461814	201633	0.0720154	0.862212	0.865097
case_22	103.0	2294017	0.886391	2269854	0.877054	26921	0.0104021	0.989467	0.988279
case_22	368.0	1474533	0.531619	1269109	0.457556	193734	0.0698476	0.860685	0.867563
case_22	58.0	2386512	0.919464	2371436	0.913656	18852	0.00726321	0.993683	0.992113
case_22	83.0	2331661	0.902072	2307061	0.892555	26845	0.0103858	0.98945	0.988498
case_22	368.0	1502690	0.544957	1287385	0.466876	197508	0.0716272	0.85672	0.866988
case_22	58.0	2370634	0.926738	2361615	0.923212	12528	0.0048975	0.996196	0.994723
case_22	102.0	2246175	0.882556	2224732	0.874131	24317	0.00955451	0.990454	0.989188
case_22	102.0	2246175	0.882556	2224732	0.874131	24317	0.00955451	0.990454	0.989188
case_22	102.0	2225046	0.868717	2203179	0.860179	28732	0.0112177	0.990172	0.987127
case_22	6.0	2942497	0.988084	2941871	0.987874	625	0.000209874	0.999787	0.999788
case_22	369.0	1541300	0.549421	1333502	0.475348	196933	0.0701999	0.86518	0.871322
case_22	102.0	2250882	0.871562	2227642	0.862563	27885	0.0107973	0.989675	0.987637
case_22	369.0	1541469	0.550444	1314734	0.469479	195893	0.0699516	0.85291	0.870323
case_22	102.0	2225046	0.868717	2203179	0.860179	28732	0.0112177	0.990172	0.987127
case_22	368.0	1500635	0.543245	1304677	0.472306	198014	0.071683	0.869417	0.868227
case_22	368.0	1500304	0.536791	1275722	0.456438	200604	0.0717737	0.850309	0.864119
case_22	0.0	2548340	1.0	2548340	1.0	0	0.0	1.0	1.0
case_22	368.0	1483150	0.536282	1293007	0.467529	192932	0.069761	0.871798	0.870162
case_22	368.0	1472706	0.530021	1281961	0.461373	195780	0.0704605	0.87048	0.867514
case_22	368.0	1483811	0.537475	1276424	0.462354	191560	0.0693881	0.860234	0.869508
case_22	83.0	2312390	0.889037	2289349	0.880179	26150	0.0100538	0.990036	0.988707
case_22	36.0	2453402	0.95118	2449458	0.949651	5532	0.00214475	0.998392	0.997747
case_22	103.0	2294017	0.886391	2269854	0.877054	26921	0.0104021	0.989467	0.988279
case_22	368.0	1483150	0.536282	1293007	0.467529	192932	0.069761	0.871798	0.870162
case_22	368.0	1483811	0.537475	1276424	0.462354	191560	0.0693881	0.860234	0.869508
case_23	425.0	1409302	0.530459	1150490	0.433043	176882	0.0665781	0.816354	0.866743
case_23	0.0	2594907	1.0	2594907	1.0	0	0.0	1.0	1.0
case_23	425.0	1409302	0.530459	1150490	0.433043	176882	0.0665781	0.816354	0.866743
case_23	195.0	2072762	0.762011	1994461	0.733225	71810	0.0263996	0.962224	0.965247
case_23	102.0	2385719	0.899158	2365334	0.891475	26231	0.00988625	0.991455	0.989032
case_23	14.0	2656926	0.977263	2653943	0.976165	2317	0.000852232	0.998877	0.999128
case_23	426.0	1414167	0.519227	1192813	0.437955	187341	0.0687844	0.843474	0.864261
case_23	195.0	2060887	0.766096	1987978	0.738994	80380	0.0298798	0.964623	0.961138
case_23	102.0	2385719	0.899158	2365334	0.891475	26231	0.00988625	0.991455	0.989032
case_23	195.0	2023517	0.763043	1949923	0.735292	76383	0.0288031	0.963631	0.962304
case_23	195.0	2028970	0.76227	1955899	0.734818	76187	0.0286229	0.963986	0.962508
case_23	195.0	2023517	0.763043	1949923	0.735292	76383	0.0288031	0.963631	0.962304
case_23	102.0	2373383	0.901358	2355995	0.894755	30332	0.0115194	0.992674	0.987289
case_23	16.0	2627225	0.976388	2623195	0.974891	2680	0.000996002	0.998466	0.998979
case_23	54.0	2506024	0.938377	2499183	0.935815	6785	0.00254063	0.99727	0.997292
case_23	102.0	2373383	0.901358	2355995	0.894755	30332	0.0115194	0.992674	0.987289
case_23	425.0	1416073	0.525594	1156873	0.429388	177192	0.0657671	0.816959	0.867179
case_23	425.0	1440382	0.53447	1175170	0.43606	187922	0.0697306	0.815874	0.862135
case_23	195.0	2071319	0.764246	1992214	0.735059	71403	0.0263453	0.961809	0.965399
case_23	426.0	1416783	0.522074	1180506	0.435008	191138	0.070433	0.83323	0.86065
case_23	54.0	2529301	0.939739	2522916	0.937367	7840	0.00291288	0.997476	0.996902
case_23	425.0	1443509	0.531653	1179545	0.434433	181936	0.0670081	0.817137	0.866369
case_23	195.0	2066548	0.7654	1994322	0.738649	79551	0.0294638	0.96505	0.961641
case_23	102.0	2362316	0.897406	2342900	0.89003	27113	0.0102998	0.991781	0.98856
case_23	195.0	2044348	0.757384	1970119	0.729884	70246	0.0260245	0.963691	0.965572
case_23	195.0	2040031	0.758551	1966458	0.731194	69895	0.0259893	0.963935	0.965676
case_23	195.0	2028970	0.76227	1955899	0.734818	76187	0.0286229	0.963986	0.962508
case_23	102.0	2362316	0.897406	2342900	0.89003	27113	0.0102998	0.991781	0.98856
case_24	70.0	2303171	0.908683	2276301	0.898082	23654	0.00933235	0.988333	0.989715
case_24	70.0	2305964	0.912807	2285903	0.904866	19738	0.00781321	0.9913	0.991439
case_24	149.0	2154510	0.829556	2092710	0.805761	90613	0.0348889	0.971316	0.958498
case_24	70.0	2276594	0.902289	2255400	0.893889	28360	0.01124	0.99069	0.987582
case_24	149.0	2163520	0.8342	2108455	0.812968	83295	0.0321165	0.974548	0.961996
case_24	70.0	2298690	0.90556	2276744	0.896914	22906	0.00902373	0.990453	0.990039
case_24	149.0	2161732	0.837045	2093934	0.810793	90343	0.0349817	0.968637	0.958639
case_24	32.0	2448420	0.967385	2445612	0.966276	3671	0.00145043	0.998853	0.998501
case_24	0.0	2652294	1.0	2652294	1.0	0	0.0	1.0	1.0
case_24	70.0	2291854	0.906779	2266439	0.896723	30829	0.0121976	0.988911	0.98658
case_24	149.0	2156457	0.831694	2095863	0.808324	85391	0.0329333	0.971901	0.960852
case_24	70.0	2290155	0.909125	2271495	0.901717	27669	0.0109838	0.991852	0.987966
case_24	20.0	2464661	0.972757	2461800	0.971628	8921	0.00352096	0.998839	0.996389
case_24	149.0	2177062	0.840651	2113575	0.816136	82668	0.0319214	0.970838	0.962359
case_24	32.0	2440913	0.964678	2435641	0.962594	6276	0.00248035	0.99784	0.99743
case_24	18.0	2463063	0.971974	2459275	0.970479	4164	0.0016432	0.998462	0.99831
case_24	149.0	2177062	0.840651	2113575	0.816136	82668	0.0319214	0.970838	0.962359
case_24	70.0	2299350	0.912435	2279705	0.904639	25633	0.0101718	0.991456	0.988881
case_24	149.0	2161732	0.837045	2093934	0.810793	90343	0.0349817	0.968637	0.958639
case_24	149.0	2145398	0.828725	2085083	0.805426	89800	0.034688	0.971886	0.95871
case_24	149.0	2163520	0.8342	2108455	0.812968	83295	0.0321165	0.974548	0.961996
case_24	70.0	2284724	0.903285	2262741	0.894594	23349	0.00923123	0.990378	0.989786
case_24	70.0	2289835	0.907293	2274823	0.901345	24872	0.00985494	0.993444	0.989185
case_24	70.0	2280671	0.898702	2251821	0.887333	26003	0.0102465	0.98735	0.988584
case_24	70.0	2298905	0.908648	2283040	0.902377	20347	0.0080422	0.993099	0.991166
case_24	149.0	2145398	0.828725	2085083	0.805426	89800	0.034688	0.971886	0.95871
case_24	149.0	2156457	0.831694	2095863	0.808324	85391	0.0329333	0.971901	0.960852
case_24	149.0	2154510	0.829556	2092710	0.805761	90613	0.0348889	0.971316	0.958498
case_25	46.0	2670540	0.920727	2654479	0.91519	7845	0.00270473	0.993986	0.997053
case_25	596.0	1413519	0.48566	1057409	0.363307	346561	0.119072	0.748068	0.753156
case_25	596.0	1443179	0.49329	1079084	0.36884	371084	0.12684	0.747713	0.74411
case_25	596.0	1438947	0.491983	1082209	0.370013	355800	0.12165	0.752084	0.752575
case_25	52.0	2715107	0.931158	2699823	0.925916	7739	0.00265412	0.994371	0.997142
case_25	596.0	1436351	0.491238	1078772	0.368944	354845	0.121358	0.75105	0.752483
case_25	26.0	2747138	0.945396	2744517	0.944494	4799	0.00165152	0.999046	0.998254
case_25	52.0	2705025	0.926005	2692630	0.921762	5970	0.0020437	0.995418	0.997788
case_25	46.0	2716836	0.930667	2704528	0.926451	4738	0.00162303	0.99547	0.998251
case_25	52.0	2710479	0.929301	2699710	0.925608	6796	0.00233004	0.996027	0.997489
case_25	52.0	2707360	0.926889	2689201	0.920672	9567	0.00327535	0.993293	0.996455
case_25	46.0	2667035	0.91925	2653289	0.914512	7615	0.00262467	0.994846	0.997138
case_25	402.0	1695049	0.589331	1597633	0.555462	237950	0.0827299	0.942529	0.870368
case_25	52.0	2707421	0.928337	2692201	0.923119	10921	0.00374466	0.994378	0.99596
case_25	52.0	2660942	0.916804	2645438	0.911462	7890	0.00271843	0.994173	0.997026
case_25	52.0	2711540	0.93002	2692175	0.923378	12003	0.00411686	0.992858	0.995561
case_25	596.0	1437446	0.490717	1077956	0.367994	358252	0.1223	0.749911	0.750557
case_25	46.0	2713789	0.929354	2703321	0.925769	3415	0.00116949	0.996143	0.998738
case_25	596.0	1452088	0.49629	1087295	0.371612	367302	0.125535	0.74878	0.747489
case_25	596.0	1487260	0.518746	1133731	0.395438	350128	0.122122	0.762295	0.764042
case_25	596.0	1481530	0.5169	1131031	0.394613	351113	0.122502	0.763421	0.763105
case_25	14.0	2874477	0.986185	2873501	0.98585	976	0.000334849	0.99966	0.99966
case_25	24.0	2825488	0.968457	2822484	0.967428	8163	0.00279793	0.998937	0.997116
case_25	596.0	1483396	0.517249	1133453	0.395227	356956	0.124468	0.764093	0.760498
case_25	52.0	2663025	0.917606	2638744	0.90924	11604	0.00399842	0.990882	0.995622
case_25	596.0	1468667	0.51146	1120204	0.390109	344912	0.120115	0.762735	0.764584
case_25	596.0	1476723	0.514874	1129034	0.393649	354158	0.123481	0.764554	0.761219
case_25	596.0	1453944	0.509663	1097696	0.384785	344497	0.120759	0.754978	0.76113
case_26	34.0	2533765	0.955956	2529025	0.954167	3066	0.00115676	0.998129	0.998789
case_26	84.0	2347515	0.906448	2327429	0.898693	20318	0.00784541	0.991444	0.991346
case_26	488.0	1430000	0.551375	1148385	0.442791	235054	0.0906314	0.803066	0.830094
case_26	34.0	2534707	0.955983	2529858	0.954154	5284	0.0019929	0.998087	0.997916
case_26	488.0	1479627	0.47356	1155730	0.369895	236340	0.0756414	0.781096	0.830224
case_26	488.0	1494375	0.472739	1173906	0.37136	237238	0.0750492	0.78555	0.831883
case_26	74.0	2396542	0.916686	2384962	0.912257	22105	0.00845525	0.995168	0.990817
case_26	84.0	2298281	0.900322	2281470	0.893736	18218	0.00713667	0.992685	0.992078
case_26	488.0	1479221	0.473755	1176417	0.376775	236587	0.0757725	0.795295	0.832565
case_26	488.0	1478913	0.473469	1154731	0.369683	234836	0.075182	0.780797	0.831001
case_26	84.0	2325864	0.91097	2302217	0.901708	20180	0.00790389	0.989833	0.991311
case_26	488.0	1385267	0.547032	1120424	0.442447	219538	0.0866939	0.808814	0.836161
case_26	84.0	2323744	0.910464	2301386	0.901704	17962	0.00703768	0.990378	0.992256
case_26	74.0	2424081	0.914411	2412603	0.910081	19807	0.00747159	0.995265	0.991857
case_26	488.0	1441965	0.556089	1140296	0.439752	235075	0.090656	0.790793	0.829082
case_26	74.0	2395386	0.916563	2384131	0.912257	18559	0.00710136	0.995301	0.992276
case_26	488.0	1479513	0.47392	1156653	0.370501	234949	0.0752592	0.78178	0.831167
case_26	488.0	1444400	0.471848	1151258	0.376086	212925	0.0695571	0.797049	0.843918
case_26	488.0	1443800	0.47139	1149336	0.37525	212812	0.0694815	0.796049	0.843767
case_26	488.0	1494975	0.473184	1175828	0.372169	237351	0.0751255	0.78652	0.832045
case_26	128.0	2214581	0.713935	2182223	0.703504	58749	0.0189395	0.985389	0.973784
case_26	488.0	1478621	0.473304	1174495	0.375954	236474	0.075695	0.794318	0.832403
case_26	488.0	1451374	0.551732	1155896	0.439408	240088	0.0912682	0.796415	0.828015
case_26	8.0	2589637	0.990724	2588997	0.990479	682	0.000260914	0.999753	0.999737
case_26	2.0	3626006	0.998224	3625475	0.998078	531	0.000146182	0.999854	0.999854
case_26	128.0	2213499	0.713195	2180240	0.702478	58697	0.0189123	0.984974	0.973784
case_26	488.0	1480227	0.47401	1157652	0.370713	236453	0.0757189	0.782077	0.830391
case_26	488.0	1442600	0.556139	1141774	0.440167	237321	0.09149	0.79147	0.827915
case_27	46.0	2518608	0.945994	2504110	0.940548	16332	0.00613433	0.994244	0.99352
case_27	106.0	2314114	0.877917	2274068	0.862725	44396	0.0168427	0.982695	0.980851
case_27	149.0	2242779	0.849759	2161987	0.819148	63275	0.0239741	0.963977	0.971565
case_27	46.0	2505939	0.939834	2488003	0.933107	15924	0.00597218	0.992843	0.99364
case_27	2.0	2664316	0.997139	2663975	0.997011	341	0.000127622	0.999872	0.999872
case_27	149.0	2235920	0.845276	2156724	0.815336	63355	0.023951	0.96458	0.971463
case_27	106.0	2332198	0.882904	2294764	0.868732	42356	0.0160348	0.983949	0.981877
case_27	149.0	2254502	0.851116	2174619	0.820959	59602	0.0225008	0.964567	0.973323
case_27	22.0	2565557	0.965394	2561050	0.963698	4291	0.00161466	0.998243	0.998327
case_27	149.0	2257558	0.851887	2179990	0.822617	59325	0.0223862	0.965641	0.973508
case_27	106.0	2319590	0.879356	2279049	0.863987	39994	0.0151617	0.982522	0.982754
case_27	14.0	2586105	0.978659	2583492	0.97767	2613	0.000988837	0.99899	0.99899
case_27	149.0	2242987	0.848562	2158418	0.816568	61198	0.0231523	0.962296	0.972429
case_27	106.0	2315114	0.884671	2273294	0.868691	40121	0.0153314	0.981936	0.982657
case_27	106.0	2335989	0.883941	2299250	0.870039	42258	0.0159905	0.984273	0.981953
case_27	46.0	2502883	0.939107	2484705	0.932286	16166	0.00606564	0.992737	0.993536
case_27	36.0	2506952	0.949393	2501055	0.94716	7502	0.00284104	0.997648	0.997009
case_27	46.0	2507767	0.940264	2494438	0.935266	16275	0.00610216	0.994685	0.993518
case_27	36.0	2513547	0.946505	2507952	0.944398	8701	0.00327646	0.997774	0.996543
case_27	149.0	2231441	0.850303	2152103	0.820071	63684	0.0242672	0.964445	0.971259
case_27	149.0	2244629	0.856854	2171886	0.829085	70243	0.0268142	0.967592	0.968671
case_27	22.0	2564681	0.972717	2561292	0.971432	3389	0.00128536	0.998679	0.998679
case_27	46.0	2507798	0.947279	2494501	0.942256	15188	0.00573701	0.994698	0.993948
case_27	46.0	2510824	0.94099	2497737	0.936086	16033	0.00600874	0.994788	0.993622
case_27	36.0	2510343	0.943209	2504556	0.941035	8484	0.00318769	0.997695	0.996624
case_27	106.0	2330615	0.885511	2285674	0.868436	42000	0.0159578	0.980717	0.981956
case_27	46.0	2504741	0.946549	2491202	0.941433	15430	0.00583104	0.994595	0.993844
case_27	46.0	2515741	0.945339	2500811	0.939729	16574	0.00622801	0.994065	0.993416
case_28	521.0	1441917	0.574632	1255949	0.50052	271031	0.108011	0.871027	0.822505
case_28	24.0	2335929	0.97213	2332575	0.970734	6077	0.00252903	0.998564	0.997401
case_28	30.0	2320476	0.965636	2314976	0.963348	5465	0.00227419	0.99763	0.997645
case_28	283.0	1782355	0.741376	1718536	0.71483	171107	0.0711724	0.964194	0.90945
case_28	521.0	1438551	0.57279	1250454	0.497895	272718	0.108588	0.869246	0.820954
case_28	24.0	2335138	0.970874	2331133	0.969209	8076	0.00335774	0.998285	0.996548
case_28	283.0	1778977	0.739578	1717936	0.714201	169114	0.0703062	0.965688	0.910382
case_28	521.0	1434999	0.570854	1248522	0.496672	271172	0.107874	0.870051	0.821561
case_28	30.0	2316573	0.963093	2311600	0.961026	7464	0.00310309	0.997853	0.996781
case_28	24.0	2329526	0.970222	2324722	0.968221	7516	0.00313033	0.997938	0.996777
case_28	10.0	2376979	0.98953	2375817	0.989046	1162	0.000483738	0.999511	0.999511
case_28	283.0	1786135	0.743626	1721100	0.71655	166329	0.0692482	0.963589	0.911875
case_28	24.0	2330317	0.971479	2326164	0.969748	5517	0.00229997	0.998218	0.997634
case_28	283.0	1787172	0.744373	1725770	0.718799	166985	0.0695508	0.965643	0.911777
case_28	283.0	1779393	0.739438	1716534	0.713317	168628	0.0700745	0.964674	0.91055
case_28	283.0	1782258	0.741649	1720839	0.716091	171630	0.0714202	0.965539	0.909309
case_28	283.0	1783364	0.743763	1716575	0.715908	165855	0.0691708	0.962549	0.911893
case_28	521.0	1438170	0.574092	1252539	0.499991	270185	0.107853	0.870926	0.822565
case_28	522.0	1419901	0.565583	1241140	0.494378	275954	0.109919	0.874103	0.818104
case_28	283.0	1790187	0.745581	1730785	0.720841	164735	0.0686092	0.966818	0.913092
case_28	8.0	2377075	0.98741	2375672	0.986827	2755	0.0011444	0.99941	0.998842
case_28	522.0	1421328	0.566381	1243132	0.495372	277654	0.110641	0.874627	0.817427
case_28	30.0	2324637	0.969935	2321242	0.968518	3826	0.00159637	0.99854	0.998354
case_28	30.0	2331392	0.971065	2328077	0.969684	3962	0.00165024	0.998578	0.998301
case_28	283.0	1789439	0.744953	1726556	0.718775	164226	0.0683682	0.964859	0.913144
case_28	521.0	1448036	0.577034	1262736	0.503193	269206	0.107277	0.872034	0.824271
case_28	283.0	1784401	0.744511	1721245	0.71816	166511	0.0694739	0.964607	0.911794
case_28	2.0	2392372	0.998261	2392292	0.998228	80	3.33815e-05	0.999967	0.999967
case_29	108.0	2189560	0.867209	2165798	0.857798	37593	0.0148893	0.989148	0.982939
case_29	141.0	2121128	0.834805	2064013	0.812326	65645	0.0258357	0.973073	0.969176
case_29	141.0	2171373	0.841956	2117009	0.820876	67897	0.0263272	0.974963	0.968925
case_29	108.0	2176049	0.865055	2151869	0.855443	38821	0.0154327	0.988888	0.982279
case_29	141.0	2149858	0.843259	2090850	0.820114	69320	0.02719	0.972553	0.96791
case_29	140.0	2105718	0.837465	2054376	0.817046	44443	0.0176754	0.975618	0.978825
case_29	140.0	2083114	0.829181	2033933	0.809604	49883	0.0198559	0.976391	0.976062
case_29	141.0	2164030	0.852201	2108014	0.830142	46944	0.0184867	0.974115	0.978216
case_29	140.0	2128590	0.843677	2073014	0.821649	53076	0.0210369	0.973891	0.975036
case_29	109.0	2229906	0.877761	2204790	0.867874	36594	0.0144045	0.988737	0.983673
case_29	63.0	2373021	0.920032	2362924	0.916117	15754	0.0061079	0.995745	0.993377
case_29	60.0	2345340	0.934245	2339490	0.931915	9648	0.00384319	0.997506	0.995893
case_29	115.0	2197080	0.866055	2173871	0.856906	53760	0.0211914	0.989436	0.975867
case_29	140.0	2103162	0.836693	2047389	0.814505	51593	0.0205251	0.973481	0.97542
case_29	48.0	2413814	0.956307	2408581	0.954234	10251	0.00406125	0.997832	0.995762
case_29	28.0	2414331	0.94519	2411489	0.944077	4875	0.00190852	0.998823	0.997983
case_29	141.0	2130231	0.83863	2072239	0.8158	67852	0.026712	0.972777	0.968295
case_29	63.0	2305906	0.907414	2292128	0.901992	16885	0.00664454	0.994025	0.992687
case_29	140.0	2161446	0.846799	2106679	0.825342	49364	0.0193395	0.974662	0.977104
case_29	142.0	2164090	0.843432	2104530	0.82022	67974	0.0264922	0.972478	0.968712
case_29	108.0	2219546	0.869183	2196919	0.860323	38763	0.0151798	0.989806	0.982662
case_29	140.0	2096089	0.83459	2041829	0.812985	57713	0.0229793	0.974114	0.972512
case_29	108.0	2237151	0.872888	2213643	0.863715	38016	0.014833	0.989492	0.983116
case_29	141.0	2152313	0.848302	2097366	0.826645	49854	0.0196492	0.974471	0.976782
case_29	115.0	2201216	0.866954	2176404	0.857182	50770	0.0199959	0.988728	0.977204
case_29	109.0	2243224	0.879771	2219834	0.870598	36205	0.0141993	0.989573	0.983952
case_29	140.0	2141420	0.839657	2091113	0.819931	53041	0.0207975	0.976508	0.975263
case_29	140.0	2121274	0.841491	2065658	0.819428	58716	0.0232921	0.973782	0.972361
case_2	206.0	2033798	0.750618	1942235	0.716825	99953	0.0368899	0.954979	0.951056
case_2	42.0	2474425	0.936391	2466615	0.933436	9786	0.00370329	0.996844	0.996048
case_2	42.0	2474425	0.936391	2466615	0.933436	9786	0.00370329	0.996844	0.996048
case_2	206.0	2031679	0.763869	1945090	0.731313	98342	0.0369745	0.957381	0.951874
case_2	218.0	2027766	0.778985	1890469	0.726241	108606	0.041722	0.932291	0.945672
case_2	42.0	2454911	0.932613	2440472	0.927127	16552	0.00628805	0.994118	0.993263
case_2	134.0	2242408	0.860945	2200637	0.844908	81296	0.0312126	0.981372	0.964374
case_2	34.0	2474146	0.958036	2466386	0.955031	15980	0.00618776	0.996864	0.993563
case_2	192.0	2107973	0.797123	2000183	0.756363	95501	0.0361134	0.948866	0.95443
case_2	192.0	2096487	0.811182	1989323	0.769718	100238	0.0387845	0.948884	0.952029
case_2	192.0	2107973	0.797123	2000183	0.756363	95501	0.0361134	0.948866	0.95443
case_2	0.0	2692287	1.0	2692287	1.0	0	0.0	1.0	1.0
case_2	218.0	2039290	0.780349	1903820	0.728511	104916	0.0401469	0.93357	0.94777
case_2	218.0	2020095	0.772423	1900827	0.726819	117930	0.0450929	0.940959	0.941583
case_2	192.0	2116692	0.798029	1991491	0.750826	121178	0.0456862	0.940851	0.942642
case_2	206.0	2039959	0.764142	1945902	0.728909	117878	0.0441555	0.953893	0.942882
case_2	206.0	2033798	0.750618	1942235	0.716825	99953	0.0368899	0.954979	0.951056
case_2	206.0	2049462	0.769986	1959016	0.736006	94329	0.0354396	0.955868	0.954061
case_2	192.0	2100843	0.810384	1979280	0.763492	126818	0.048919	0.942136	0.939785
case_2	192.0	2108233	0.812515	2004832	0.772664	95178	0.0366817	0.950954	0.954677
case_2	42.0	2454911	0.932613	2440472	0.927127	16552	0.00628805	0.994118	0.993263
case_2	206.0	2021566	0.762998	1925400	0.726702	102839	0.0388144	0.95243	0.949296
case_2	218.0	2052666	0.770787	1916618	0.7197	100134	0.0376008	0.933721	0.950349
case_2	192.0	2110078	0.81075	1990396	0.764765	123745	0.0475463	0.943281	0.941468
case_2	218.0	2032066	0.774654	1902523	0.72527	136390	0.0519939	0.936251	0.933107
case_2	218.0	2006111	0.748468	1894640	0.706879	109169	0.0407303	0.944434	0.945519
case_2	218.0	2052666	0.770787	1916618	0.7197	100134	0.0376008	0.933721	0.950349
case_2	192.0	2116692	0.798029	1991491	0.750826	121178	0.0456862	0.940851	0.942642
case_30	36.0	2549231	0.919075	2542979	0.916821	9565	0.00344847	0.997547	0.996253
case_30	18.0	2630684	0.978459	2629413	0.977986	1960	0.000729004	0.999517	0.999255
case_30	64.0	2366940	0.866476	2350618	0.860501	21086	0.00771904	0.993104	0.991109
case_30	466.0	1425821	0.535774	1157767	0.435049	276054	0.103732	0.812	0.80747
case_30	64.0	2404814	0.881372	2380350	0.872405	20040	0.00734472	0.989827	0.991651
case_30	64.0	2550647	0.90599	2533563	0.899922	25828	0.00917411	0.993302	0.989909
case_30	36.0	2532610	0.913859	2526590	0.911686	9296	0.00335434	0.997623	0.996334
case_30	64.0	2548267	0.905582	2531025	0.899455	25986	0.00923469	0.993234	0.989837
case_30	4.0	2845221	0.99655	2845039	0.996487	182	6.37462e-05	0.999936	0.999936
case_30	8.0	2744138	0.990623	2742260	0.989945	3902	0.00140861	0.999316	0.998579
case_30	64.0	2520859	0.895376	2503981	0.889381	21157	0.00751469	0.993305	0.991621
case_30	64.0	2544321	0.905495	2520461	0.897003	24738	0.00880397	0.990622	0.990281
case_30	64.0	2546701	0.905903	2522999	0.897472	24580	0.00874351	0.990693	0.990352
case_30	30.0	2641241	0.951571	2633751	0.948872	8689	0.00313042	0.997164	0.996712
case_30	466.0	1563521	0.577966	1292284	0.477701	294545	0.108881	0.826522	0.814381
case_30	466.0	1436201	0.539197	1168107	0.438546	273576	0.102709	0.813331	0.810238
case_30	64.0	2390790	0.876989	2366188	0.867964	22372	0.00820649	0.98971	0.990634
case_30	64.0	2410290	0.882057	2391591	0.875214	21289	0.00779081	0.992242	0.991177
case_30	64.0	2523239	0.895789	2506519	0.889853	20999	0.00745497	0.993374	0.991692
case_30	36.0	2530230	0.913448	2523978	0.911191	8170	0.00294948	0.997529	0.996773
case_30	466.0	1537394	0.560077	1267104	0.46161	295803	0.107762	0.82419	0.810735
case_30	64.0	2395856	0.877532	2377430	0.870783	23621	0.00865168	0.992309	0.990162
case_30	466.0	1561751	0.578185	1291867	0.47827	290311	0.107478	0.827191	0.816512
case_30	466.0	1538146	0.560074	1268123	0.461752	296189	0.107849	0.824449	0.810659
case_30	30.0	2629924	0.948891	2623477	0.946565	8650	0.00312097	0.997549	0.996714
case_30	64.0	2376380	0.869182	2361226	0.863639	18256	0.00667729	0.993623	0.992328
case_30	466.0	1550525	0.572852	1279714	0.472799	281888	0.104145	0.825342	0.819488
case_30	36.0	2546851	0.918667	2540367	0.916328	8439	0.00304401	0.997454	0.996689
case_3	337.0	1845353	0.69112	1679099	0.628854	208669	0.0781505	0.909907	0.889463
case_3	38.0	2189028	0.950255	2184110	0.94812	5738	0.00249086	0.997753	0.99738
case_3	363.0	1600048	0.626862	1383475	0.542014	176325	0.0690801	0.864646	0.886957
case_3	364.0	1561166	0.615998	1349933	0.532651	175786	0.0693609	0.864695	0.884785
case_3	364.0	1540777	0.621428	1348678	0.543951	174403	0.0703405	0.875323	0.885493
case_3	365.0	1534191	0.607496	1320964	0.523064	181267	0.0717765	0.861017	0.879335
case_3	135.0	2300501	0.856326	2269284	0.844706	39156	0.0145752	0.98643	0.983038
case_3	364.0	1501675	0.61336	1327163	0.54208	184753	0.0754624	0.883788	0.877802
case_3	51.0	2162056	0.937182	2153523	0.933484	12586	0.00545563	0.996053	0.99419
case_3	363.0	1557090	0.627159	1366578	0.550426	172301	0.0693988	0.877649	0.888035
case_3	365.0	1520618	0.605658	1310851	0.522108	177410	0.0706619	0.862051	0.880794
case_3	365.0	1545080	0.566336	1325042	0.485683	177448	0.0650421	0.857588	0.881897
case_3	337.0	1856152	0.646099	1690215	0.588339	207648	0.0722792	0.910602	0.890589
case_3	364.0	1528987	0.620776	1353494	0.549525	189749	0.077039	0.885223	0.877045
case_3	134.0	2331866	0.860416	2307791	0.851533	28679	0.010582	0.989676	0.987726
case_3	336.0	1850768	0.705304	1706996	0.650515	207509	0.0790791	0.922318	0.891612
case_3	109.0	2434470	0.822748	2401701	0.811674	34063	0.0115119	0.98654	0.986015
case_3	364.0	1528319	0.620092	1335647	0.541918	168930	0.0685408	0.873932	0.887723
case_3	109.0	2426669	0.880446	2403922	0.872192	33903	0.0123007	0.990626	0.986093
case_3	364.0	1574552	0.617685	1358325	0.532861	182695	0.0716699	0.862674	0.881445
case_3	336.0	1865443	0.692502	1694625	0.629089	208793	0.0775095	0.90843	0.890306
case_3	51.0	2182266	0.939934	2175047	0.936825	12967	0.00558508	0.996692	0.994074
case_3	365.0	1532951	0.564945	1314421	0.484409	172421	0.063543	0.857445	0.884035
case_3	364.0	1559914	0.571072	1339443	0.490359	174938	0.0640434	0.858665	0.884482
case_3	363.0	1540083	0.624431	1356529	0.550008	193850	0.078597	0.880816	0.874966
case_3	135.0	2306983	0.798473	2263189	0.783315	41880	0.0144951	0.981017	0.981831
case_3	364.0	1551234	0.61343	1341279	0.530404	177196	0.0700715	0.864653	0.883307
case_3	72.0	2522064	0.859228	2508181	0.854498	31490	0.0107282	0.994495	0.987601
case_4	484.0	1161033	0.501795	941896	0.407085	206339	0.0891791	0.811257	0.820299
case_4	485.0	1454206	0.585432	1191130	0.479523	265711	0.106969	0.819093	0.817612
case_4	4.0	2508417	0.994683	2507755	0.994421	662	0.000262508	0.999736	0.999736
case_4	485.0	1134178	0.492916	911794	0.396268	208047	0.0904177	0.803925	0.814217
case_4	10.0	1879143	0.988036	1878033	0.987452	1110	0.000583628	0.999409	0.999409
case_4	484.0	1149235	0.519598	936935	0.423612	205194	0.0927733	0.815268	0.820341
case_4	24.0	2496260	0.945155	2493401	0.944072	2103	0.000796255	0.998855	0.999157
case_4	484.0	1148602	0.515241	943246	0.423122	198135	0.0888796	0.821212	0.826408
case_4	484.0	1153694	0.516893	940838	0.421527	198818	0.0890771	0.8155	0.825546
case_4	29.0	1802017	0.953906	1799326	0.952481	3762	0.00199143	0.998507	0.997914
case_4	484.0	1144128	0.51725	939643	0.424804	206089	0.093171	0.821274	0.820125
case_4	485.0	1482830	0.59214	1229231	0.49087	274376	0.109567	0.828976	0.817521
case_4	485.0	1127915	0.508259	911984	0.410957	200464	0.0903328	0.808557	0.819799
case_4	29.0	1810496	0.957013	1808257	0.95583	3310	0.00174964	0.998763	0.998173
case_4	59.0	1744242	0.802279	1737948	0.799384	4858	0.00223448	0.996392	0.997213
case_4	76.0	2288451	0.872188	2271505	0.865729	15864	0.00604618	0.992595	0.993065
case_4	485.0	1116641	0.507801	901958	0.410172	205876	0.0936237	0.807742	0.814163
case_4	485.0	1454157	0.584731	1191380	0.479066	265801	0.106881	0.819293	0.817592
case_4	484.0	1154016	0.499351	942715	0.407919	205561	0.0889477	0.816899	0.820983
case_4	59.0	1750342	0.804077	1744651	0.801462	4256	0.00195513	0.996749	0.997566
case_4	76.0	2276371	0.895496	2265142	0.891078	18653	0.00733786	0.995067	0.991832
case_4	484.0	1141779	0.516864	937040	0.424182	205070	0.0928317	0.820684	0.820446
case_4	76.0	2288108	0.873019	2271388	0.86664	15625	0.00596166	0.992693	0.993168
case_4	485.0	1120347	0.508817	906181	0.411551	206631	0.0938436	0.80884	0.814316
case_4	484.0	1150738	0.519598	938750	0.423878	206267	0.0931367	0.815781	0.819857
case_4	76.0	2276973	0.896753	2265972	0.89242	18412	0.0072513	0.995169	0.99194
case_4	60.0	1711697	0.790977	1707176	0.788887	6082	0.0028105	0.997359	0.99645
case_4	485.0	1493842	0.577672	1233606	0.477038	283459	0.109614	0.825794	0.813153
case_5	478.0	1253893	0.520427	1023989	0.425006	230405	0.0956294	0.816648	0.816322
case_5	478.0	1560000	0.581908	1354474	0.505244	289298	0.107913	0.868253	0.824004
case_5	478.0	1590411	0.567667	1383220	0.493714	292145	0.104276	0.869725	0.825623
case_5	240.0	1648358	0.677644	1601268	0.658285	117782	0.0484204	0.971432	0.931484
case_5	49.0	2458802	0.938082	2451631	0.935346	12026	0.00458816	0.997084	0.995119
case_5	478.0	1255187	0.519797	1022455	0.423418	228946	0.0948109	0.814584	0.817048
case_5	92.0	1862727	0.761449	1847513	0.75523	16710	0.00683074	0.991832	0.991036
case_5	239.0	1652315	0.671483	1609426	0.654053	118532	0.0481701	0.974043	0.931403
case_5	49.0	2465742	0.938791	2458780	0.93614	12347	0.00470092	0.997177	0.995003
case_5	479.0	1273274	0.493999	1058581	0.410703	253789	0.0984638	0.831385	0.806618
case_5	478.0	1562093	0.581515	1352894	0.503637	286957	0.106825	0.866078	0.82501
case_5	478.0	1542678	0.556621	1331372	0.480378	284618	0.102694	0.863027	0.823874
case_5	479.0	1231252	0.554433	1024442	0.461306	247247	0.111335	0.832033	0.805576
case_5	479.0	1525675	0.556147	1315943	0.479694	287630	0.104848	0.862532	0.820632
case_5	479.0	1333682	0.535137	1120342	0.449535	263894	0.105887	0.840037	0.809358
case_5	479.0	1333192	0.510205	1116093	0.427122	258062	0.0987588	0.837158	0.812203
case_5	478.0	1541146	0.557156	1332120	0.481589	286703	0.103649	0.86437	0.822894
case_5	70.0	2494073	0.878627	2484726	0.875334	15586	0.00549073	0.996252	0.993766
case_5	479.0	1543352	0.580636	1333791	0.501796	292763	0.110143	0.864217	0.82001
case_5	478.0	1591862	0.567089	1381666	0.492208	289803	0.10324	0.867956	0.826618
case_5	239.0	1645818	0.670317	1601552	0.652288	123834	0.0504357	0.973104	0.928228
case_5	52.0	2738506	0.936605	2730363	0.93382	12156	0.00415751	0.997026	0.995568
case_5	92.0	1853417	0.721983	1841233	0.717236	14576	0.00567795	0.993426	0.992146
case_5	479.0	1575386	0.566917	1366017	0.491574	292119	0.105122	0.8671	0.823827
case_5	479.0	1243596	0.521084	1007029	0.421959	227678	0.0954003	0.809772	0.815602
case_5	10.0	2616678	0.987684	2615197	0.987125	801	0.000302343	0.999434	0.999694
case_5	70.0	2418573	0.862841	2406683	0.858599	16180	0.00577232	0.995084	0.993322
case_5	92.0	1777647	0.702196	1759232	0.694922	13770	0.00543935	0.989641	0.992234
case_6	110.0	2318522	0.73974	2289329	0.730425	32288	0.0103017	0.987409	0.986092
case_6	57.0	2235414	0.905027	2225512	0.901018	10498	0.00425021	0.99557	0.995305
case_6	110.0	2140133	0.85841	2117848	0.849472	32748	0.0131353	0.989587	0.984773
case_6	57.0	2231337	0.902878	2221446	0.898876	10488	0.00424382	0.995567	0.995301
case_6	2.0	2598972	0.995708	2598901	0.995681	71	2.72012e-05	0.999973	0.999973
case_6	26.0	2514631	0.966155	2512949	0.965509	4476	0.00171974	0.999331	0.998222
case_6	111.0	2324760	0.897751	2301937	0.888937	29421	0.0113615	0.990183	0.98738
case_6	816.0	1063301	0.427084	674623	0.270968	342114	0.137413	0.634461	0.663518
case_6	817.0	1141854	0.441306	676488	0.26145	336936	0.13022	0.592447	0.667527
case_6	56.0	2225362	0.73817	2212806	0.734005	12650	0.00419611	0.994358	0.994316
case_6	817.0	1145654	0.443529	684557	0.26502	339383	0.131389	0.597525	0.668552
case_6	817.0	1143801	0.442292	678426	0.262338	335749	0.129829	0.593133	0.668944
case_6	817.0	1142560	0.442098	682619	0.26413	340570	0.131779	0.597447	0.667148
case_6	816.0	1064643	0.426866	673959	0.270222	341422	0.136892	0.633038	0.66375
case_6	816.0	1183743	0.378466	675501	0.215971	339978	0.108698	0.570648	0.665204
case_6	111.0	2322891	0.896557	2299674	0.887596	29221	0.0112783	0.990005	0.987453
case_6	17.0	2505062	0.804848	2497667	0.802472	3570	0.001147	0.997048	0.998573
case_6	6.0	2552137	0.993915	2552061	0.993885	76	2.95977e-05	0.99997	0.99997
case_6	17.0	2507695	0.806047	2502152	0.804265	4518	0.00145222	0.99779	0.998198
case_6	26.0	2508863	0.962306	2506212	0.961289	4545	0.00174329	0.998943	0.99819
case_6	816.0	1162037	0.445358	683950	0.262128	331548	0.127068	0.588579	0.673512
case_6	816.0	1065494	0.428488	681926	0.274236	346239	0.13924	0.640009	0.663246
case_6	816.0	1183008	0.377863	667864	0.213322	336403	0.10745	0.564547	0.665026
case_6	817.0	1143196	0.441072	675824	0.260749	336244	0.129731	0.591171	0.667765
case_6	816.0	1162869	0.446197	690546	0.264965	334433	0.128323	0.59383	0.673717
case_6	816.0	1163379	0.445119	683286	0.261431	330856	0.126588	0.587329	0.673758
case_6	817.0	1145143	0.442055	677762	0.261634	335057	0.129341	0.591858	0.669184
case_6	816.0	1183847	0.377599	666296	0.212521	335711	0.107078	0.562823	0.664961
case_7	211.0	1843404	0.754908	1794475	0.734871	71990	0.0294812	0.973457	0.96143
case_7	541.0	1475776	0.566965	1293713	0.49702	288835	0.110965	0.876632	0.817487
case_7	210.0	2093331	0.805444	2036261	0.783485	81375	0.0313104	0.972737	0.961573
case_7	79.0	2088647	0.868235	2073249	0.861835	14110	0.00586542	0.992628	0.99324
case_7	210.0	2093331	0.805444	2036261	0.783485	81375	0.0313104	0.972737	0.961573
case_7	79.0	2372360	0.920761	2354942	0.914001	13566	0.00526524	0.992658	0.994272
case_7	78.0	2418833	0.901031	2409056	0.897389	16523	0.00615493	0.995958	0.993188
case_7	46.0	2183329	0.901116	2178919	0.899295	6167	0.00254528	0.99798	0.997178
case_7	542.0	1478213	0.564904	1293284	0.494233	290191	0.110897	0.874897	0.816738
case_7	211.0	2098698	0.80324	2038337	0.780138	85951	0.0328963	0.971239	0.959539
case_7	211.0	1843404	0.754908	1794475	0.734871	71990	0.0294812	0.973457	0.96143
case_7	34.0	2472675	0.964868	2470509	0.964023	6975	0.00272173	0.999124	0.997185
case_7	541.0	1498999	0.568724	1293370	0.490708	297729	0.112959	0.862822	0.812878
case_7	541.0	1498999	0.568724	1293370	0.490708	297729	0.112959	0.862822	0.812878
case_7	541.0	1494417	0.564406	1302603	0.491962	290839	0.109843	0.871646	0.817478
case_7	542.0	1501663	0.564199	1304314	0.490052	290079	0.108987	0.86858	0.818063
case_7	79.0	2098720	0.871162	2085607	0.865718	12278	0.0050965	0.993752	0.994147
case_7	210.0	2066648	0.796244	2014230	0.776048	85965	0.0331208	0.974636	0.959068
case_7	210.0	2066648	0.796244	2014230	0.776048	85965	0.0331208	0.974636	0.959068
case_7	0.0	2631764	1.0	2631764	1.0	0	0.0	1.0	1.0
case_7	211.0	2098698	0.80324	2038337	0.780138	85951	0.0328963	0.971239	0.959539
case_7	541.0	1460139	0.56171	1281990	0.493176	290162	0.111624	0.877992	0.815436
case_7	79.0	2380287	0.922591	2364616	0.916517	12043	0.00466782	0.993416	0.994933
case_7	542.0	1293305	0.528775	1119983	0.457911	249468	0.101996	0.865985	0.817834
case_7	541.0	1509321	0.563063	1289593	0.481092	302624	0.112896	0.854419	0.809935
case_7	541.0	1479167	0.559382	1291347	0.488354	292073	0.110454	0.873023	0.815543
case_7	541.0	1509321	0.563063	1289593	0.481092	302624	0.112896	0.854419	0.809935
case_7	542.0	1326414	0.53255	1142684	0.458783	250523	0.100584	0.861484	0.820182
case_8	76.0	2230687	0.862781	2215907	0.857065	14535	0.00562182	0.993374	0.993483
case_8	452.0	1576930	0.603294	1294022	0.49506	210128	0.0803897	0.820596	0.860301
case_8	452.0	1570657	0.587086	1287679	0.481314	222457	0.0831508	0.819835	0.852691
case_8	72.0	2469458	0.904179	2452728	0.898054	22930	0.0083957	0.993225	0.990738
case_8	452.0	1556110	0.590826	1286932	0.488624	217617	0.0826251	0.827019	0.855361
case_8	452.0	1606349	0.599644	1298407	0.48469	226134	0.0844149	0.808297	0.851671
case_8	451.0	1588170	0.607545	1280480	0.48984	236680	0.0905405	0.806261	0.843998
case_8	452.0	1591873	0.60269	1295042	0.490309	216510	0.0819717	0.813533	0.856763
case_8	291.0	1872852	0.689191	1782299	0.655868	153766	0.0565844	0.95165	0.920578
case_8	76.0	2246549	0.870261	2237163	0.866625	16831	0.00651994	0.995822	0.992533
case_8	291.0	1859865	0.701176	1769762	0.667207	132355	0.0498984	0.951554	0.930417
case_8	452.0	1579387	0.603312	1288116	0.492049	206161	0.0787517	0.81558	0.862033
case_8	34.0	2562996	0.961296	2559860	0.96012	12371	0.00463996	0.998776	0.995191
case_8	291.0	1870625	0.690789	1781401	0.65784	155077	0.0572672	0.952303	0.919918
case_8	38.0	2471040	0.954454	2466815	0.952822	8611	0.00332605	0.99829	0.996521
case_8	451.0	1579727	0.603393	1266087	0.483595	235180	0.0898294	0.801459	0.843346
case_8	291.0	1863424	0.69637	1768410	0.660863	142622	0.0532985	0.949011	0.925369
case_8	6.0	2635372	0.993466	2634856	0.993272	516	0.000194518	0.999804	0.999804
case_8	451.0	1545799	0.592128	1267268	0.485435	237071	0.0908115	0.819814	0.842409
case_8	291.0	1858272	0.703096	1768864	0.669268	133666	0.0505739	0.951886	0.929743
case_8	452.0	1586496	0.601564	1299228	0.492639	221979	0.0841695	0.818929	0.854077
case_8	452.0	1543199	0.59118	1280647	0.4906	207060	0.0793221	0.829865	0.860819
case_8	452.0	1611187	0.600554	1295993	0.483069	222163	0.0828091	0.804372	0.853663
case_8	291.0	1861831	0.698256	1767513	0.662884	143932	0.0539799	0.949341	0.9247
case_8	451.0	1579788	0.601232	1265154	0.48149	235632	0.0896763	0.800838	0.842994
case_8	72.0	2444137	0.902647	2430499	0.897611	20961	0.00774113	0.99442	0.99145
case_8	451.0	1590282	0.606148	1280848	0.488205	237131	0.0903842	0.805422	0.843785
case_8	451.0	1547910	0.590785	1267635	0.483813	237523	0.0906545	0.818933	0.842194
case_9	400.0	1739486	0.589395	1578172	0.534736	274660	0.0930638	0.907263	0.851762
case_9	400.0	1735373	0.592009	1572459	0.536432	268068	0.0914494	0.906122	0.854353
case_9	400.0	1744640	0.593195	1572499	0.534665	274070	0.0931865	0.901332	0.851579
case_9	399.0	1799030	0.605046	1620775	0.545096	286697	0.0964214	0.900916	0.849698
case_9	399.0	1799753	0.601827	1630817	0.545335	288753	0.0965573	0.906134	0.849574
case_9	34.0	3050784	0.960299	3044905	0.958449	7659	0.00241083	0.998073	0.997491
case_9	399.0	1798674	0.605099	1621576	0.545521	286566	0.0964048	0.90154	0.849819
case_9	4.0	2774900	0.996401	2774241	0.996164	659	0.000236631	0.999763	0.999763
case_9	20.0	3091654	0.978199	3086733	0.976642	5846	0.00184967	0.998408	0.99811
case_9	399.0	1796056	0.604631	1622334	0.546148	283712	0.0955098	0.903276	0.851152
case_9	399.0	1810410	0.609134	1627448	0.547574	289044	0.0972523	0.898939	0.849181
case_9	34.0	3059297	0.962365	3054069	0.96072	9651	0.00303592	0.998291	0.99685
case_9	399.0	1810766	0.60908	1626647	0.547149	289175	0.0972687	0.89832	0.84906
case_9	20.0	3089956	0.975144	3086255	0.973976	6723	0.00212168	0.998802	0.997826
case_9	400.0	1745476	0.595131	1575521	0.537183	272840	0.0930264	0.902631	0.852388
case_9	61.0	2466879	0.898436	2455225	0.894191	16039	0.00584139	0.995276	0.99351
case_9	399.0	1796412	0.604578	1621533	0.545723	283843	0.0955267	0.902651	0.85103
case_9	399.0	1806373	0.606112	1624937	0.545232	290176	0.0973658	0.899558	0.848481
case_9	400.0	1738083	0.592524	1573787	0.536514	269360	0.0918266	0.905473	0.853859
case_9	20.0	3084713	0.97663	3080489	0.975292	3355	0.0010622	0.998631	0.998912
case_9	4.0	3149952	0.994211	3149555	0.994086	398	0.00012562	0.999874	0.999874
case_9	34.0	3061278	0.96065	3055801	0.958931	9580	0.00300627	0.998211	0.996875
case_9	399.0	1806729	0.606059	1624136	0.544809	290307	0.0973821	0.898937	0.84836
case_9	10.0	3114876	0.986046	3114174	0.985824	2627	0.000831604	0.999775	0.999157
case_9	399.0	1800247	0.601821	1630392	0.545039	288884	0.0965737	0.905649	0.849483
case_9	61.0	2470203	0.899924	2461632	0.896801	15407	0.00561295	0.99653	0.99378
case_9	20.0	3083015	0.973576	3080135	0.972667	4232	0.00133641	0.999066	0.998628
case_9	34.0	3062977	0.963651	3056156	0.961505	8703	0.00273807	0.997773	0.99716
