case_10	155.0	2048014	0.797482	1985978	0.773326	59861	0.0233095	0.969709	0.97074
case_10	155.0	1676576	0.735975	1625967	0.713759	52281	0.0229501	0.969814	0.968848
case_10	155.0	1646395	0.704672	1595055	0.682698	45071	0.0192908	0.968817	0.97252
case_10	231.0	1944742	0.738576	1870705	0.710458	123526	0.0469128	0.96193	0.938058
case_10	53.0	2374006	0.936042	2367350	0.933417	11196	0.00441445	0.997196	0.995293
case_10	154.0	2057097	0.826257	1987143	0.798159	63225	0.0253951	0.965994	0.969164
case_10	155.0	2084608	0.826989	2012917	0.798548	62248	0.0246945	0.965609	0.970003
case_10	53.0	2379783	0.942402	2372630	0.939569	10489	0.00415368	0.996994	0.995599
case_10	70.0	2254534	0.890232	2240895	0.884846	28397	0.0112129	0.99395	0.987486
case_10	232.0	1617159	0.663594	1546361	0.634543	108735	0.0446189	0.956221	0.934303
case_10	156.0	1720798	0.740257	1689908	0.726969	59184	0.0254599	0.982049	0.966163
case_10	231.0	1965164	0.741965	1864513	0.703963	143685	0.0542495	0.948782	0.928451
case_10	156.0	1716823	0.742055	1686164	0.728803	58290	0.0251944	0.982142	0.966586
case_10	26.0	2468109	0.966097	2463933	0.964463	4516	0.00176771	0.998308	0.998171
case_10	30.0	2474386	0.967958	2471314	0.966756	3055	0.00119509	0.998758	0.998765
case_10	155.0	2033454	0.792299	1971211	0.768047	59296	0.0231036	0.969391	0.970797
case_10	155.0	2041372	0.79151	1977373	0.766695	59282	0.0229857	0.968649	0.970892
case_10	154.0	2022029	0.793568	1958560	0.768659	62551	0.0245488	0.968611	0.969051
case_10	155.0	2075001	0.8273	2007329	0.80032	62728	0.0250096	0.967387	0.969697
case_10	155.0	1694639	0.738878	1665162	0.726026	59706	0.0260323	0.982606	0.965385
case_10	155.0	2090241	0.832854	2018963	0.804453	63022	0.025111	0.9659	0.96973
case_10	232.0	1990323	0.742753	1888351	0.704699	141168	0.0526814	0.948766	0.930443
case_10	156.0	1710643	0.739887	1678439	0.725958	60668	0.0262401	0.981174	0.965115
case_10	232.0	1983015	0.743511	1885285	0.706868	140377	0.0526329	0.950716	0.930701
case_10	231.0	1940469	0.720972	1856262	0.689686	118438	0.0440051	0.956605	0.940022
case_10	53.0	2364048	0.936755	2353912	0.932738	13420	0.00531768	0.995712	0.994331
case_10	232.0	1996108	0.747979	1896274	0.710569	141289	0.0529436	0.949986	0.930658
case_10	30.0	2459026	0.9667	2454225	0.964812	4908	0.00192945	0.998048	0.998004
case_11	121.0	2087478	0.817281	2026308	0.793332	61290	0.023996	0.970697	0.970641
case_11	56.0	2461184	0.9344	2449648	0.93002	21475	0.00815308	0.995313	0.99131
case_11	120.0	2106386	0.836524	2050227	0.814222	64567	0.025642	0.973339	0.969469
case_11	97.0	2316481	0.890064	2277433	0.875061	52161	0.0200419	0.983143	0.977609
case_11	121.0	2150324	0.843059	2089644	0.819268	67604	0.0265049	0.971781	0.968662
case_11	98.0	2287476	0.892875	2255206	0.880279	31524	0.0123048	0.985893	0.986214
case_11	118.0	2246014	0.851165	2162917	0.819674	78233	0.0296477	0.963002	0.965092
case_11	121.0	2134704	0.845921	2078676	0.823719	53528	0.0212116	0.973754	0.974895
case_11	44.0	2431714	0.94333	2425255	0.940824	10235	0.00397044	0.997344	0.995798
case_11	118.0	2221703	0.85341	2145139	0.824	52707	0.020246	0.965538	0.976019
case_11	118.0	2241439	0.853058	2161902	0.822788	60076	0.022864	0.964515	0.972963
case_11	117.0	2207264	0.84966	2131704	0.820574	63765	0.0245456	0.965768	0.970956
case_11	97.0	2309344	0.896657	2278561	0.884705	42619	0.0165478	0.98667	0.981639
case_11	98.0	2291103	0.884931	2253393	0.870366	46309	0.0178867	0.983541	0.979863
case_11	118.0	2202531	0.852294	2123984	0.821899	57367	0.0221988	0.964338	0.973701
case_11	121.0	2076759	0.815745	2010697	0.789796	66482	0.026114	0.96819	0.967994
case_11	118.0	2221590	0.848194	2143362	0.818327	63366	0.0241929	0.964787	0.971285
case_11	74.0	2385994	0.914838	2370352	0.908841	29094	0.0111552	0.993444	0.987875
case_11	121.0	2128991	0.838383	2069337	0.814891	56810	0.0223714	0.97198	0.97328
case_11	117.0	2220228	0.851918	2144372	0.822812	60772	0.0233187	0.965834	0.972441
case_11	98.0	2325416	0.895464	2294503	0.88356	38184	0.0147038	0.986706	0.983631
case_11	118.0	2236999	0.856544	2156343	0.825661	53276	0.0203993	0.963945	0.975889
case_11	118.0	2234200	0.84937	2158356	0.820536	72037	0.0273861	0.966053	0.967702
case_11	98.0	2332792	0.889028	2293415	0.874021	52803	0.0201232	0.98312	0.977494
case_11	118.0	2228315	0.8595	2146442	0.82792	53698	0.0207123	0.963258	0.975593
case_11	53.0	2382078	0.931803	2368883	0.926642	15569	0.00609016	0.994461	0.993471
case_11	53.0	2424610	0.935645	2412973	0.931154	18243	0.00703988	0.9952	0.992496
case_11	121.0	2076519	0.829135	2016090	0.805006	57199	0.022839	0.970899	0.972411
case_12	354.0	1819487	0.681046	1573027	0.588794	168961	0.0632432	0.864544	0.903007
case_12	68.0	2431106	0.922099	2421119	0.918311	15859	0.00601519	0.995892	0.993492
case_12	354.0	1753442	0.660791	1523383	0.574093	155722	0.0586844	0.868796	0.907259
case_12	12.0	2590569	0.985654	2589721	0.985331	848	0.000322645	0.999673	0.999673
case_12	68.0	2390756	0.918128	2377559	0.91306	12627	0.00484918	0.99448	0.994717
case_12	354.0	1814364	0.679661	1582375	0.592758	158682	0.0594423	0.872138	0.908859
case_12	120.0	2327830	0.867454	2311697	0.861442	32579	0.0121404	0.99307	0.986103
case_12	128.0	2254044	0.866379	2223538	0.854653	50268	0.0193213	0.986466	0.977893
case_12	40.0	2545122	0.954103	2538763	0.951719	8246	0.00309122	0.997501	0.996762
case_12	354.0	1736638	0.661083	1505956	0.57327	166147	0.0632469	0.867167	0.900636
case_12	68.0	2384673	0.916529	2371518	0.911473	12871	0.00494686	0.994484	0.994602
case_12	354.0	1754807	0.662835	1527814	0.577094	155277	0.0586521	0.870645	0.907743
case_12	128.0	2256670	0.864657	2220669	0.850863	54192	0.020764	0.984047	0.976178
case_12	354.0	1751075	0.661181	1518283	0.573282	152356	0.0575275	0.867058	0.908804
case_12	128.0	2252614	0.863796	2222486	0.852243	50808	0.019483	0.986625	0.97765
case_12	354.0	1743734	0.665087	1502886	0.573224	161254	0.0615047	0.861878	0.903101
case_12	68.0	2387565	0.919805	2375615	0.915201	12364	0.00476321	0.994995	0.994822
case_12	68.0	2435062	0.925749	2426192	0.922377	15739	0.00598357	0.996357	0.993555
case_12	354.0	1769622	0.671082	1542906	0.585106	153949	0.0583811	0.871885	0.909274
case_12	354.0	1818017	0.682595	1587954	0.596215	157360	0.0590826	0.873454	0.909839
case_12	354.0	1793763	0.678704	1558069	0.589525	168983	0.0639379	0.868604	0.902155
case_12	354.0	1706937	0.651253	1474908	0.562727	156147	0.0595753	0.864067	0.904266
case_12	354.0	1757622	0.661844	1514680	0.570363	168370	0.0634009	0.861778	0.899961
case_12	120.0	2321876	0.86358	2302819	0.856492	36369	0.0135268	0.991792	0.984452
case_12	354.0	1751834	0.663001	1522074	0.576045	151910	0.057492	0.868846	0.909252
case_12	354.0	1704229	0.651499	1474668	0.563742	151425	0.0578873	0.865299	0.906878
case_12	128.0	2213426	0.859495	2181512	0.847103	46321	0.0179869	0.985582	0.979208
case_12	354.0	1757118	0.662939	1512279	0.570564	163695	0.0617601	0.860659	0.902328
case_13	119.0	2256718	0.862175	2208506	0.843755	43998	0.0168093	0.978636	0.980467
case_13	119.0	2264419	0.864135	2217176	0.846107	44680	0.0170505	0.979137	0.980246
case_13	136.0	1989000	0.808691	1911279	0.777091	52747	0.021446	0.960925	0.973143
case_13	71.0	2398624	0.913511	2381529	0.907001	23223	0.00884444	0.992873	0.990343
case_13	135.0	2001927	0.799628	1929739	0.770794	48218	0.0192597	0.963941	0.975622
case_13	119.0	2243943	0.861107	2200454	0.844419	38245	0.0146764	0.980619	0.982916
case_13	12.0	2273676	0.967944	2272609	0.967489	1067	0.000454241	0.999531	0.999531
case_13	136.0	1932352	0.787347	1865415	0.760073	37142	0.0151337	0.96536	0.980478
case_13	28.0	2520897	0.963819	2519090	0.963128	1468	0.000561263	0.999283	0.999418
case_13	20.0	2532993	0.9712	2528994	0.969667	5540	0.00212415	0.998421	0.997814
case_13	10.0	2583359	0.989491	2582040	0.988986	639	0.000244753	0.999489	0.999753
case_13	71.0	2407005	0.922397	2393439	0.917199	21429	0.00821189	0.994364	0.991126
case_13	136.0	1920095	0.783302	1851810	0.755445	36838	0.015028	0.964437	0.980495
case_13	135.0	2012212	0.800032	1938015	0.770533	50279	0.0199904	0.963127	0.974712
case_13	135.0	1999313	0.812421	1926970	0.783024	49385	0.0200676	0.963816	0.975012
case_13	71.0	2394454	0.921682	2378796	0.915655	21332	0.00821119	0.993461	0.991112
case_13	120.0	2214118	0.850657	2167067	0.83258	46647	0.0179216	0.97875	0.978928
case_13	120.0	2214095	0.845383	2166615	0.827255	48728	0.0186053	0.978556	0.978004
case_13	135.0	1989692	0.812337	1918013	0.783073	47104	0.0192313	0.963975	0.97603
case_13	120.0	2206271	0.843353	2159510	0.825479	45743	0.0174854	0.978805	0.979257
case_13	119.0	2250292	0.86256	2207641	0.846211	38731	0.014846	0.981046	0.982758
case_13	71.0	2387610	0.913349	2368738	0.90613	22878	0.00875168	0.992096	0.990434
case_13	136.0	1950813	0.777685	1878874	0.749007	38103	0.0151896	0.963124	0.980123
case_13	136.0	2003939	0.802361	1925860	0.771099	52784	0.0211343	0.961037	0.973323
case_13	136.0	2001544	0.796235	1921460	0.764377	53639	0.0213382	0.959989	0.972842
case_13	136.0	1993433	0.81587	1917799	0.784915	51811	0.0212051	0.962058	0.973695
case_13	136.0	1938294	0.773611	1865000	0.744358	37957	0.0151494	0.962186	0.980054
case_13	120.0	2206973	0.848881	2160641	0.83106	44445	0.0170951	0.979007	0.979844
case_14	28.0	2422954	0.966607	2417230	0.964323	8679	0.00346238	0.997638	0.996422
case_14	134.0	2130248	0.841264	2090610	0.825611	68495	0.0270496	0.981393	0.968276
case_14	18.0	2399538	0.980084	2397950	0.979435	2438	0.000995793	0.999338	0.998984
case_14	29.0	2420353	0.965571	2415839	0.96377	5540	0.00221012	0.998135	0.997712
case_14	47.0	2367210	0.9467	2359407	0.94358	5773	0.00230875	0.996704	0.997559
case_14	135.0	2129560	0.840994	2086941	0.824163	58588	0.0231372	0.979987	0.972693
case_14	2.0	2524498	0.998692	2524498	0.998692	0	0.0	1.0	1.0
case_14	46.0	2358967	0.951451	2350978	0.948229	5932	0.00239258	0.996613	0.997483
case_14	47.0	2333941	0.942545	2325483	0.939129	6560	0.00264921	0.996376	0.997187
case_14	134.0	2114019	0.843962	2071015	0.826794	55229	0.0220486	0.979658	0.974025
case_14	38.0	2358059	0.957021	2350804	0.954076	7645	0.00310273	0.996923	0.996758
case_14	134.0	2105733	0.843555	2066675	0.827908	55922	0.0224023	0.981452	0.973654
case_14	46.0	2334809	0.943119	2325171	0.939226	9685	0.00391214	0.995872	0.995852
case_14	134.0	2084115	0.840165	2041317	0.822912	55340	0.0223091	0.979465	0.973606
case_14	46.0	2359096	0.94694	2348732	0.94278	11287	0.0045306	0.995607	0.995217
case_14	47.0	2365690	0.946317	2357887	0.943196	5773	0.0023093	0.996702	0.997558
case_14	47.0	2355625	0.945324	2347121	0.941911	9742	0.00390951	0.99639	0.995867
case_14	46.0	2345744	0.949416	2336615	0.945722	10366	0.00419553	0.996108	0.995583
case_14	38.0	2320265	0.951051	2313381	0.948229	8466	0.00347012	0.997033	0.996354
case_14	46.0	2325893	0.947386	2318044	0.944189	6665	0.0027148	0.996625	0.997133
case_14	23.0	2448811	0.968976	2444395	0.967228	6249	0.00247268	0.998197	0.99745
case_14	135.0	2130364	0.841115	2088461	0.82457	58588	0.0231318	0.980331	0.972712
case_14	46.0	2367066	0.946866	2357989	0.943235	8951	0.00358055	0.996165	0.996218
case_14	134.0	2119948	0.84405	2078340	0.827484	61033	0.0243001	0.980373	0.971472
case_14	47.0	2354105	0.944939	2345601	0.941525	9742	0.00391044	0.996388	0.995864
case_14	23.0	2450332	0.96935	2445915	0.967603	6249	0.0024721	0.998197	0.997452
case_14	47.0	2332421	0.942156	2323963	0.93874	6560	0.00264984	0.996374	0.997185
case_14	29.0	2421873	0.965949	2417359	0.964148	5540	0.00220959	0.998136	0.997713
case_15	741.0	1173014	0.450712	903952	0.347329	347579	0.133552	0.770623	0.722277
case_15	741.0	1327905	0.472217	1037735	0.36903	426659	0.151725	0.781483	0.708645
case_15	75.0	2533647	0.902408	2520260	0.89764	13859	0.00493615	0.994716	0.994531
case_15	75.0	2532339	0.911168	2520000	0.906728	22029	0.00792631	0.995127	0.991334
case_15	741.0	1169843	0.453262	891666	0.345481	348732	0.135118	0.76221	0.718855
case_15	94.0	2202580	0.835385	2192134	0.831423	31243	0.0118497	0.995257	0.985948
case_15	187.0	2229911	0.808027	2170596	0.786534	67130	0.0243251	0.9734	0.970001
case_15	188.0	2230954	0.809992	2180588	0.791705	59880	0.0217406	0.977424	0.973273
case_15	741.0	1331376	0.477123	1031886	0.369795	412191	0.147716	0.775052	0.714564
case_15	92.0	2396292	0.878419	2380435	0.872606	19556	0.00716872	0.993383	0.991852
case_15	740.0	1188517	0.456091	912091	0.350013	348128	0.133594	0.767419	0.723756
case_15	740.0	1340698	0.476209	1048120	0.372287	423957	0.150587	0.781772	0.712001
case_15	74.0	2522768	0.897479	2500275	0.889477	27948	0.00994255	0.991084	0.988946
case_15	740.0	1328200	0.4674	1035137	0.36427	419669	0.147684	0.779353	0.711529
case_15	12.0	2743102	0.988175	2742188	0.987846	1216	0.000438052	0.999667	0.999557
case_15	741.0	1334601	0.474955	1052555	0.374581	426979	0.151952	0.788666	0.71141
case_15	187.0	2225662	0.798869	2165893	0.777416	58244	0.0209058	0.973146	0.973813
case_15	75.0	2536642	0.912024	2522822	0.907055	23762	0.00854338	0.994552	0.990669
case_15	187.0	2220376	0.798923	2135651	0.768438	67056	0.0241277	0.961842	0.969557
case_15	740.0	1175669	0.44665	899728	0.341817	340571	0.129387	0.76529	0.725412
case_15	188.0	2225062	0.809854	2158149	0.7855	63859	0.0232427	0.969928	0.971261
case_15	75.0	2528495	0.90125	2516486	0.89697	13015	0.00463903	0.995251	0.994855
case_15	741.0	1180679	0.454025	918159	0.353074	347949	0.133802	0.777653	0.725182
case_15	188.0	2224991	0.807208	2171719	0.787882	59529	0.0215966	0.976057	0.97332
case_15	741.0	1303506	0.468277	1012773	0.363833	404698	0.145385	0.776961	0.714493
case_15	188.0	2219986	0.807386	2150581	0.782144	63829	0.023214	0.968736	0.971176
case_15	187.0	2210045	0.802808	2133589	0.775035	67686	0.0245872	0.965405	0.969251
case_15	741.0	1150302	0.446869	871190	0.33844	336033	0.130542	0.757358	0.721648
case_16	148.0	2298634	0.840811	2247553	0.822127	62245	0.0227684	0.977778	0.973052
case_16	70.0	2425854	0.926459	2411868	0.921118	13006	0.00496713	0.994235	0.994636
case_16	64.0	2456224	0.935228	2446142	0.93139	19662	0.00748648	0.995895	0.992026
case_16	148.0	2302989	0.834346	2252955	0.816219	61574	0.0223075	0.978274	0.973397
case_16	60.0	2451386	0.925452	2444937	0.923017	23466	0.00885893	0.997369	0.990493
case_16	66.0	2441908	0.915118	2428130	0.909955	14784	0.00554038	0.994358	0.993948
case_16	148.0	2300839	0.838828	2255758	0.822392	67259	0.0245209	0.980407	0.971047
case_16	148.0	2320674	0.834839	2280045	0.820223	51802	0.0186353	0.982493	0.977785
case_16	453.0	1576989	0.599101	1328220	0.504593	284856	0.108217	0.842251	0.823408
case_16	148.0	2305522	0.832521	2261411	0.816592	69567	0.0251205	0.980867	0.970155
case_16	16.0	2792142	0.978223	2790143	0.977522	4119	0.00144309	0.999284	0.998526
case_16	453.0	1595192	0.603618	1342048	0.507829	277947	0.105175	0.841308	0.828427
case_16	453.0	1596013	0.602124	1341432	0.506079	281389	0.106159	0.840489	0.826605
case_16	453.0	1581841	0.601212	1326819	0.504286	275954	0.104882	0.838782	0.827827
case_16	70.0	2413899	0.923277	2401882	0.918681	16698	0.00638671	0.995022	0.993096
case_16	66.0	2444407	0.919188	2431414	0.914302	17894	0.00672881	0.994685	0.992694
case_16	453.0	1631722	0.597902	1397888	0.51222	277077	0.101528	0.856695	0.834577
case_16	453.0	1634719	0.601612	1399842	0.515172	276124	0.10162	0.85632	0.835245
case_16	453.0	1565678	0.593019	1322607	0.500953	287317	0.108825	0.84475	0.821534
case_16	453.0	1580621	0.599854	1329742	0.504644	270268	0.102568	0.841278	0.831084
case_16	453.0	1647741	0.598839	1408553	0.511911	277278	0.100771	0.854839	0.835524
case_16	453.0	1632564	0.599072	1395541	0.512096	279806	0.102675	0.854815	0.832986
case_16	453.0	1566198	0.592336	1324737	0.501015	285688	0.108047	0.84583	0.822601
case_16	148.0	2311977	0.839686	2274338	0.826016	48107	0.017472	0.98372	0.979286
case_16	453.0	1649751	0.601301	1413239	0.515097	274491	0.100046	0.856638	0.837361
case_16	453.0	1590958	0.59933	1338974	0.504405	275402	0.103747	0.841615	0.829407
case_16	453.0	1583765	0.603761	1331038	0.507417	277368	0.105738	0.840426	0.827551
case_16	453.0	1643342	0.59639	1409497	0.511525	275450	0.0999643	0.857702	0.836523
case_17	459.0	1424217	0.596161	1241018	0.519476	231688	0.096982	0.871369	0.842679
case_17	461.0	1564942	0.610685	1380356	0.538654	261695	0.102121	0.882049	0.840629
case_17	460.0	1394480	0.588997	1222380	0.516306	228775	0.0966294	0.876585	0.84235
case_17	460.0	1402288	0.59102	1230883	0.518778	235279	0.0991627	0.877768	0.839527
case_17	44.0	2247162	0.949558	2239169	0.94618	15687	0.00662868	0.996443	0.993043
case_17	10.0	2351003	0.99045	2349388	0.989769	1615	0.00068038	0.999313	0.999313
case_17	460.0	1581146	0.596417	1388833	0.523876	267244	0.100806	0.878371	0.838628
case_17	460.0	1584705	0.613269	1392790	0.539	267398	0.103481	0.878895	0.838935
case_17	184.0	1972369	0.795989	1913742	0.772329	75400	0.0304292	0.970276	0.962094
case_17	460.0	1392689	0.588385	1218937	0.514978	236886	0.10008	0.87524	0.837284
case_17	101.0	2099922	0.819775	2075190	0.81012	35841	0.0139917	0.988222	0.983022
case_17	185.0	1966441	0.800519	1919238	0.781303	78091	0.0317901	0.975996	0.960902
case_17	459.0	1418953	0.577881	1241166	0.505476	240859	0.0980919	0.874706	0.83748
case_17	107.0	2118417	0.886585	2092602	0.875781	37769	0.0158068	0.987814	0.982271
case_17	460.0	1520315	0.605073	1334238	0.531016	244899	0.0974679	0.877606	0.844916
case_17	459.0	1355692	0.584964	1177876	0.508239	214978	0.0927603	0.868837	0.845656
case_17	101.0	2110370	0.823666	2089413	0.815487	31776	0.012402	0.99007	0.98502
case_17	185.0	1975268	0.802255	1929229	0.783556	78438	0.0318576	0.976692	0.960931
case_17	459.0	1414119	0.575776	1240308	0.505006	240784	0.0980381	0.877089	0.837428
case_17	107.0	2041853	0.878713	2013290	0.866421	36903	0.0158812	0.986011	0.982
case_17	107.0	2127198	0.888146	2104070	0.878489	37274	0.0155626	0.989127	0.982593
case_17	461.0	1572827	0.612403	1390238	0.541309	260738	0.101522	0.88391	0.84207
case_17	460.0	1401279	0.59045	1232473	0.519321	228049	0.0960919	0.879534	0.843858
case_17	107.0	2036486	0.878554	2005457	0.865168	36896	0.0159172	0.984763	0.981935
case_17	459.0	1350270	0.582771	1171010	0.505403	216854	0.0935933	0.867241	0.84375
case_17	184.0	1892732	0.786518	1843248	0.765955	74183	0.0308265	0.973856	0.961311
case_17	459.0	1420068	0.59457	1235266	0.517195	237072	0.0992599	0.869864	0.838983
case_17	60.0	2144142	0.916525	2136180	0.913122	16579	0.00708678	0.996287	0.992299
case_18	115.0	2225102	0.872978	2181949	0.856047	47882	0.0187856	0.980606	0.978527
case_18	115.0	2216219	0.872135	2173105	0.855169	47819	0.0188179	0.980546	0.978469
case_18	171.0	2061842	0.777762	1977122	0.745804	73060	0.0275595	0.958911	0.964364
case_18	8.0	2485161	0.982941	2484794	0.982796	367	0.000145157	0.999852	0.999852
case_18	2.0	2507250	0.994778	2507066	0.994705	184	7.3004e-05	0.999927	0.999927
case_18	115.0	2202050	0.868288	2168418	0.855026	45393	0.0178989	0.984727	0.979496
case_18	156.0	2099764	0.789015	2053305	0.771557	94718	0.0355916	0.977874	0.955905
case_18	115.0	2194191	0.867832	2160597	0.854545	45330	0.0179286	0.98469	0.979451
case_18	2.0	2534182	0.99726	2533693	0.997067	489	0.000192433	0.999807	0.999807
case_18	115.0	2189735	0.867059	2159381	0.85504	44976	0.0178089	0.986138	0.979597
case_18	171.0	2093838	0.786041	2003139	0.751992	74397	0.0279291	0.956683	0.96419
case_18	172.0	2033840	0.771761	1953022	0.741094	85419	0.0324131	0.960263	0.958096
case_18	115.0	2222174	0.869142	2179807	0.852571	49326	0.0192925	0.980934	0.977872
case_18	70.0	2338625	0.915698	2314467	0.906239	13177	0.00515951	0.98967	0.994339
case_18	115.0	2200731	0.86508	2166875	0.851772	46741	0.0183733	0.984616	0.978885
case_18	171.0	2080724	0.815523	1984012	0.777617	82813	0.0324579	0.95352	0.959932
case_18	115.0	2197594	0.867518	2167202	0.855521	45039	0.0177795	0.98617	0.979641
case_18	171.0	2057169	0.776845	1974120	0.745483	72814	0.0274966	0.959629	0.964428
case_18	172.0	2041782	0.772511	1960594	0.741793	85489	0.0323449	0.960237	0.958218
case_18	172.0	2047191	0.806421	1956347	0.770636	85602	0.03372	0.955625	0.958078
case_18	70.0	2343179	0.916445	2319001	0.906989	13684	0.00535197	0.989682	0.994134
case_18	115.0	2196275	0.864309	2165659	0.852261	46387	0.0182549	0.98606	0.97903
case_18	171.0	2106675	0.820654	2003773	0.780569	86915	0.0338577	0.951154	0.958428
case_18	172.0	2053387	0.803921	1960761	0.767657	86788	0.0339783	0.954891	0.957614
case_18	172.0	2036181	0.768102	1954544	0.737306	88304	0.0333106	0.959907	0.956774
case_18	171.0	2085277	0.816384	1988345	0.778435	83496	0.0326886	0.953516	0.9597
case_18	8.0	2492798	0.982959	2492393	0.9828	405	0.000159699	0.999838	0.999838
case_18	172.0	2054672	0.806913	1964026	0.771314	84865	0.0333283	0.955883	0.95858
case_19	118.0	2257985	0.875187	2225827	0.862723	58146	0.0225372	0.985758	0.974542
case_19	182.0	2035718	0.788876	1908738	0.739669	95080	0.0368451	0.937624	0.952551
case_19	124.0	2193248	0.861177	2149423	0.843969	50892	0.0199827	0.980018	0.976871
case_19	118.0	2256634	0.873804	2224476	0.861352	58146	0.022515	0.98575	0.974527
case_19	125.0	2154655	0.857087	2106553	0.837953	56414	0.0224406	0.977675	0.973918
case_19	182.0	2038456	0.789161	1911512	0.740016	95682	0.037042	0.937725	0.95233
case_19	124.0	2177113	0.861428	2125927	0.841175	53384	0.0211227	0.976489	0.975504
case_19	119.0	2242447	0.872841	2213552	0.861594	60406	0.0235122	0.987115	0.973436
case_19	124.0	2136312	0.85353	2082575	0.83206	52991	0.0211717	0.974846	0.975186
case_19	183.0	2016512	0.784738	1885769	0.733858	96525	0.0375633	0.935164	0.951306
case_19	2.0	2529131	0.996989	2528956	0.99692	175	6.89854e-05	0.999931	0.999931
case_19	124.0	2177111	0.862293	2125925	0.842019	53384	0.0211439	0.976489	0.975504
case_19	183.0	2013956	0.783588	1882873	0.732586	96841	0.0376788	0.934913	0.951083
case_19	38.0	2428424	0.957538	2420775	0.954522	9979	0.00393476	0.99685	0.995895
case_19	182.0	2006145	0.784064	1874982	0.732801	93698	0.0366201	0.934619	0.952406
case_19	39.0	2439600	0.957594	2431051	0.954238	10139	0.00397977	0.996496	0.995847
case_19	39.0	2441304	0.9575	2432862	0.954189	10032	0.00393464	0.996542	0.995893
case_19	125.0	2152746	0.856154	2104644	0.837024	56626	0.0225204	0.977656	0.9738
case_19	119.0	2239392	0.871479	2210388	0.860192	60514	0.0235496	0.987048	0.973352
case_19	15.0	2470046	0.977943	2468563	0.977356	1483	0.000587151	0.9994	0.9994
case_19	118.0	2227894	0.87091	2194252	0.857759	55304	0.021619	0.9849	0.975416
case_19	2.0	2556639	0.99848	2556639	0.99848	0	0.0	1.0	1.0
case_19	15.0	2473101	0.97935	2471725	0.978805	1376	0.000544897	0.999444	0.999444
case_19	182.0	2015667	0.791286	1909002	0.749413	83221	0.0326699	0.947082	0.958227
case_19	39.0	2442655	0.958985	2434213	0.95567	10032	0.00393856	0.996544	0.995896
case_19	182.0	2061740	0.792203	1941035	0.745823	87316	0.0335503	0.941455	0.956952
case_19	39.0	2438249	0.956111	2429700	0.952759	10139	0.00397581	0.996494	0.995844
case_19	38.0	2427073	0.956048	2419424	0.953035	9979	0.00393083	0.996848	0.995892
case_1	32.0	2192639	0.928943	2182988	0.924854	5302	0.00224627	0.995598	0.997577
case_1	306.0	1552218	0.629503	1428565	0.579355	175349	0.0711129	0.920338	0.890674
case_1	261.0	1667592	0.676734	1579477	0.640975	122369	0.0496592	0.94716	0.928096
case_1	0.0	2287955	1.0	2287955	1.0	0	0.0	1.0	1.0
case_1	261.0	1655347	0.670816	1571995	0.637038	128495	0.0520715	0.949647	0.924436
case_1	261.0	1655347	0.670816	1571995	0.637038	128495	0.0520715	0.949647	0.924436
case_1	306.0	1548355	0.62826	1422747	0.577293	174830	0.0709389	0.918876	0.890566
case_1	260.0	1696514	0.679609	1613664	0.64642	113254	0.0453686	0.951165	0.934418
case_1	261.0	1634338	0.643423	1549862	0.610166	131602	0.0518105	0.948312	0.921734
case_1	306.0	1552218	0.629503	1428565	0.579355	175349	0.0711129	0.920338	0.890674
case_1	32.0	2202643	0.963247	2198354	0.961372	4846	0.00211922	0.998053	0.9978
case_1	307.0	1879568	0.711075	1746344	0.660674	191628	0.0724963	0.92912	0.901119
case_1	306.0	1544614	0.60855	1416581	0.558107	172728	0.0680517	0.91711	0.891319
case_1	261.0	1640462	0.646398	1553651	0.612191	128177	0.0505061	0.947081	0.923787
case_1	14.0	2579569	0.975205	2578059	0.974634	2055	0.000776892	0.999415	0.999204
case_1	32.0	2192639	0.928943	2182988	0.924854	5302	0.00224627	0.995598	0.997577
case_1	26.0	2198585	0.931964	2195990	0.930864	5188	0.00219915	0.99882	0.997643
case_1	260.0	1674425	0.651531	1593547	0.620061	120348	0.0468283	0.951698	0.929781
case_1	32.0	2202643	0.963247	2198354	0.961372	4846	0.00211922	0.998053	0.9978
case_1	306.0	1909146	0.71359	1772023	0.662337	190906	0.0713558	0.928176	0.902744
case_1	307.0	1879858	0.710589	1743688	0.659117	196827	0.0744009	0.927564	0.89857
case_1	260.0	1697410	0.679622	1616709	0.64731	118554	0.0474675	0.952456	0.93168
case_1	101.0	2355771	0.880638	2338277	0.874098	32278	0.0120662	0.992574	0.986384
case_1	261.0	1657435	0.672008	1571264	0.63707	125990	0.0510827	0.948009	0.925768
case_1	261.0	1663678	0.674797	1578351	0.640188	124981	0.050693	0.948712	0.926626
case_1	101.0	2364088	0.883016	2340984	0.874386	40330	0.0150638	0.990227	0.983064
case_1	260.0	1697410	0.679622	1616709	0.64731	118554	0.0474675	0.952456	0.93168
case_1	261.0	1663678	0.674797	1578351	0.640188	124981	0.050693	0.948712	0.926626
case_20	467.0	1499412	0.581435	1313657	0.509404	206037	0.0798961	0.876115	0.864422
case_20	466.0	1467165	0.579927	1282384	0.506888	203428	0.080409	0.874056	0.863086
case_20	271.0	1900461	0.721154	1807772	0.685982	129156	0.0490098	0.951228	0.933319
case_20	466.0	1560169	0.591339	1302779	0.493782	258311	0.0979056	0.835024	0.834532
case_20	271.0	1896023	0.719827	1805343	0.6854	127961	0.0485805	0.952174	0.933812
case_20	53.0	2433346	0.915839	2426626	0.91331	8731	0.00328609	0.997238	0.996415
case_20	204.0	2009371	0.776895	1958746	0.757322	99706	0.0385499	0.974806	0.951563
case_20	316.0	1725746	0.678677	1641189	0.645423	184744	0.0726535	0.951003	0.898822
case_20	467.0	1568486	0.583958	1325680	0.49356	271878	0.101222	0.845197	0.829817
case_20	466.0	1579611	0.584315	1335437	0.493993	276698	0.102354	0.845421	0.828365
case_20	466.0	1511309	0.582415	1329058	0.512181	206650	0.079637	0.879409	0.865437
case_20	53.0	2436157	0.916446	2428590	0.913599	8657	0.00325663	0.996894	0.996448
case_20	6.0	2705919	0.994108	2705083	0.993801	836	0.000307132	0.999691	0.999691
case_20	270.0	1909440	0.720164	1820466	0.686607	131047	0.0494257	0.953403	0.932849
case_20	52.0	2447847	0.915303	2441641	0.912983	9010	0.00336904	0.997465	0.996323
case_20	466.0	1493378	0.57453	1236490	0.4757	262686	0.10106	0.827982	0.82478
case_20	466.0	1455993	0.579197	1267634	0.504268	205794	0.0818653	0.870632	0.86033
case_20	270.0	1934445	0.719002	1848188	0.686942	132211	0.0491407	0.95541	0.93324
case_20	271.0	1922249	0.718767	1834444	0.685935	131272	0.0490852	0.954322	0.933219
case_20	19.0	2682739	0.979332	2680635	0.978564	3668	0.001339	0.999216	0.998634
case_20	270.0	1828933	0.711562	1738218	0.676268	123074	0.047883	0.9504	0.933877
case_20	467.0	1571576	0.584824	1324236	0.492782	270133	0.100523	0.842617	0.830571
case_20	271.0	1919764	0.71819	1833033	0.685743	130120	0.0486783	0.954822	0.933719
case_20	466.0	1529597	0.583311	1286806	0.490723	263162	0.100357	0.841271	0.830215
case_20	467.0	1498004	0.581185	1314641	0.510045	208669	0.0809579	0.877595	0.863016
case_20	19.0	2680846	0.979109	2678779	0.978354	3626	0.0013243	0.999229	0.998648
case_20	270.0	1867156	0.715558	1782255	0.683021	123586	0.0473624	0.954529	0.935154
case_20	466.0	1379457	0.553809	1190761	0.478054	205374	0.0824513	0.86321	0.852898
case_21	220.0	2031701	0.762076	1914153	0.717984	115138	0.0431874	0.942143	0.943262
case_21	88.0	2334917	0.903399	2312693	0.8948	30797	0.0119156	0.990482	0.986858
case_21	111.0	2285181	0.891304	2238124	0.87295	43839	0.0170988	0.979408	0.980789
case_21	219.0	2021102	0.763062	1902039	0.71811	109303	0.0412671	0.94109	0.945657
case_21	12.0	2541331	0.979513	2539177	0.978683	3007	0.001159	0.999152	0.998817
case_21	220.0	2039760	0.760685	1929007	0.719382	117766	0.0439183	0.945703	0.942463
case_21	111.0	2249596	0.878686	2203629	0.860732	36947	0.0144314	0.979567	0.98351
case_21	111.0	2304763	0.880556	2269791	0.867194	37039	0.0141511	0.984826	0.983944
case_21	111.0	2288149	0.88711	2245925	0.87074	42368	0.016426	0.981547	0.981485
case_21	98.0	2304051	0.89466	2279746	0.885223	28834	0.0111962	0.989451	0.98751
case_21	111.0	2261954	0.870568	2218200	0.853729	32604	0.0125484	0.980657	0.985515
case_21	64.0	2413095	0.932721	2404818	0.929521	14294	0.00552498	0.99657	0.994091
case_21	24.0	2478830	0.973417	2477209	0.972781	1904	0.000747686	0.999346	0.999232
case_21	111.0	2308949	0.883385	2264502	0.86638	30671	0.0117345	0.98075	0.986637
case_21	111.0	2288907	0.889414	2243716	0.871854	35800	0.013911	0.980257	0.984295
case_21	98.0	2305035	0.889699	2283739	0.881479	29129	0.0112432	0.990761	0.987406
case_21	111.0	2274545	0.887912	2227700	0.869625	44148	0.017234	0.979405	0.980567
case_21	111.0	2295179	0.891095	2250714	0.873832	35852	0.0139194	0.980627	0.984321
case_21	98.0	2350270	0.907147	2332822	0.900412	25216	0.00973276	0.992576	0.989306
case_21	219.0	2037801	0.768733	1913768	0.721944	118265	0.0446139	0.939134	0.9418
case_21	220.0	2054095	0.767074	1923187	0.718188	119322	0.0445592	0.93627	0.941581
case_21	111.0	2278729	0.884207	2236869	0.867964	42628	0.0165408	0.98163	0.981299
case_21	220.0	2001567	0.75181	1871398	0.702917	118497	0.0445088	0.934966	0.940451
case_21	88.0	2343000	0.905761	2322983	0.898023	30032	0.0116098	0.991457	0.987237
case_21	111.0	2244061	0.877272	2198132	0.859317	37212	0.0145473	0.979533	0.983353
case_21	111.0	2305273	0.885986	2269239	0.872137	38031	0.0146165	0.984369	0.983517
case_21	219.0	2036455	0.75735	1912571	0.711278	111654	0.0415237	0.939167	0.944841
case_21	98.0	2352296	0.902541	2338160	0.897117	25212	0.00967347	0.993991	0.989332
case_22	42.0	2378189	0.905208	2369333	0.901837	14627	0.00556746	0.996276	0.993864
case_22	178.0	1775945	0.724458	1732777	0.706849	65686	0.0267952	0.975693	0.963477
case_22	150.0	1842738	0.698716	1817740	0.689237	62253	0.0236046	0.986434	0.966887
case_22	4.0	2364681	0.997993	2364344	0.99785	337	0.000142228	0.999857	0.999857
case_22	178.0	2039008	0.74969	1973471	0.725593	87727	0.0322549	0.967858	0.957439
case_22	150.0	1849331	0.700809	1824757	0.691496	62030	0.0235064	0.986712	0.967124
case_22	150.0	1849354	0.700683	1824781	0.691373	62006	0.0234928	0.986713	0.967137
case_22	232.0	1642030	0.663395	1547278	0.625115	110834	0.044778	0.942296	0.933157
case_22	10.0	2814410	0.977333	2813186	0.976908	1224	0.000425047	0.999565	0.999565
case_22	232.0	1939973	0.745009	1818879	0.698505	134631	0.0517024	0.93758	0.931083
case_22	232.0	1714697	0.680037	1606118	0.636975	103915	0.041212	0.936677	0.939232
case_22	178.0	1771317	0.723022	1728753	0.705648	65997	0.0269389	0.97597	0.963228
case_22	232.0	1641011	0.66312	1546229	0.624819	110864	0.0447993	0.942242	0.933097
case_22	2.0	2370457	0.999784	2370426	0.999771	31	1.30748e-05	0.999987	0.999987
case_22	232.0	1956459	0.700888	1825988	0.654148	135109	0.0484019	0.933313	0.931105
case_22	232.0	1636873	0.661857	1540949	0.623071	110371	0.0446277	0.941398	0.933162
case_22	232.0	1960418	0.70931	1830638	0.662353	134358	0.0486128	0.9338	0.931624
case_22	150.0	1845364	0.706686	1820052	0.696993	63694	0.0243917	0.986283	0.966188
case_22	232.0	1718835	0.681264	1611398	0.638681	104410	0.0413831	0.937494	0.939148
case_22	178.0	1776964	0.724724	1733826	0.70713	65656	0.0267774	0.975724	0.963514
case_22	4.0	2363663	0.997777	2363295	0.997621	368	0.000155344	0.999844	0.999844
case_22	232.0	1865823	0.680194	1740031	0.634336	137870	0.0502611	0.932581	0.926583
case_22	150.0	1845387	0.706557	1820076	0.696866	63670	0.0243778	0.986284	0.9662
case_22	232.0	1842896	0.721111	1744137	0.682468	133155	0.0521026	0.946411	0.929071
case_22	232.0	1719854	0.681531	1612447	0.638968	104380	0.0413629	0.937549	0.939202
case_22	232.0	1864436	0.686587	1743062	0.64189	138275	0.0509204	0.9349	0.926502
case_22	178.0	2040549	0.757936	1973817	0.73315	91595	0.0340218	0.967297	0.955653
case_22	150.0	1838773	0.704575	1813039	0.694714	63915	0.0244907	0.986005	0.965947
case_23	237.0	1974926	0.767797	1803236	0.701049	126865	0.0493216	0.913065	0.93427
case_23	237.0	1982637	0.738127	1816606	0.676314	132585	0.0493608	0.916257	0.931979
case_23	237.0	2036489	0.72985	1873068	0.671282	132773	0.047584	0.919754	0.933807
case_23	26.0	2558579	0.936552	2553463	0.934679	4600	0.0016838	0.998	0.998202
case_23	238.0	1983464	0.774979	1825083	0.713096	135494	0.0529402	0.920149	0.930891
case_23	2.0	2578076	0.997304	2578001	0.997275	75	2.9013e-05	0.999971	0.999971
case_23	237.0	2044062	0.70623	1880612	0.649758	131111	0.0452993	0.920037	0.934827
case_23	33.0	2491100	0.955399	2485358	0.953197	6288	0.0024116	0.997695	0.997476
case_23	71.0	2274242	0.90481	2260676	0.899413	18896	0.0075178	0.994035	0.991711
case_23	238.0	1980384	0.734368	1808696	0.670703	126639	0.0469604	0.913306	0.934565
case_23	237.0	1993415	0.785149	1829161	0.720454	131823	0.0519213	0.917602	0.932777
case_23	237.0	1976933	0.765661	1813523	0.702373	130660	0.0506043	0.917342	0.932794
case_23	135.0	2205800	0.800628	2164323	0.785573	45357	0.016463	0.981196	0.979473
case_23	236.0	2041266	0.73697	1877893	0.677987	130960	0.0472813	0.919965	0.934809
case_23	237.0	1972208	0.767299	1800307	0.70042	125589	0.0488611	0.912838	0.934789
case_23	238.0	1966972	0.758665	1798816	0.693807	125662	0.0484681	0.91451	0.934703
case_23	136.0	2128023	0.843055	2095173	0.830041	47965	0.0190022	0.984563	0.977619
case_23	33.0	2491779	0.956345	2486006	0.95413	6319	0.00242523	0.997683	0.997465
case_23	135.0	2141403	0.840821	2109522	0.828303	50670	0.0198956	0.985112	0.976544
case_23	238.0	1989511	0.746976	1831001	0.687462	133043	0.0499519	0.920327	0.932261
case_23	71.0	2337041	0.858641	2325876	0.854538	14119	0.00518739	0.995223	0.993966
case_23	62.0	2366180	0.862182	2355171	0.85817	12968	0.00472524	0.995347	0.994524
case_23	33.0	2495002	0.920177	2487982	0.917588	4172	0.00153867	0.997186	0.998326
case_23	236.0	1982642	0.774011	1817496	0.709539	132471	0.0517158	0.916704	0.932065
case_23	237.0	1992422	0.785337	1826928	0.720105	130610	0.0514815	0.916938	0.933278
case_23	33.0	2495681	0.921063	2488630	0.918461	4203	0.00155117	0.997175	0.998314
case_23	236.0	2040273	0.73711	1874964	0.677387	129683	0.0468519	0.918977	0.935309
case_23	236.0	1981649	0.774188	1814567	0.708913	131194	0.0512547	0.915685	0.932574
case_24	21.0	2424491	0.97132	2422315	0.970448	2288	0.000916638	0.999102	0.999056
case_24	831.0	930488	0.41533	676336	0.301888	306196	0.136673	0.726862	0.68836
case_24	831.0	922384	0.412131	669147	0.298982	315612	0.141019	0.725454	0.679503
case_24	4.0	2474106	0.996384	2474068	0.996368	38	1.53035e-05	0.999985	0.999985
case_24	831.0	923989	0.412427	670311	0.299197	317453	0.141697	0.725453	0.678615
case_24	832.0	918869	0.412784	675971	0.303667	301783	0.13557	0.735655	0.691351
case_24	832.0	916639	0.411956	672689	0.30232	307791	0.138327	0.733865	0.686081
case_24	6.0	2498007	0.993209	2497333	0.992941	674	0.000267983	0.99973	0.99973
case_24	832.0	913263	0.411128	669561	0.301419	304600	0.137123	0.733152	0.687321
case_24	831.0	926155	0.413221	673494	0.300491	311858	0.139141	0.727194	0.683506
case_24	20.0	2439435	0.97602	2437128	0.975097	2646	0.00105867	0.999054	0.998915
case_24	20.0	2427883	0.972287	2425720	0.971421	2502	0.00100197	0.999109	0.99897
case_24	831.0	929101	0.414885	675371	0.301583	311791	0.139229	0.726908	0.684154
case_24	831.0	917171	0.412526	674374	0.303321	301260	0.135501	0.735276	0.691216
case_24	29.0	2418375	0.968352	2416365	0.967548	3307	0.00132417	0.999169	0.998633
case_24	832.0	915493	0.411958	672843	0.302769	298592	0.134362	0.734952	0.692628
case_24	5.0	2473342	0.995672	2473293	0.995653	265	0.000106679	0.99998	0.999893
case_24	28.0	2422032	0.969426	2420035	0.968627	3510	0.00140489	0.999175	0.998552
case_24	21.0	2443056	0.976404	2441269	0.97569	2406	0.000961594	0.999269	0.999015
case_24	28.0	2443776	0.972014	2442334	0.971441	2688	0.00106915	0.99941	0.998901
case_24	831.0	915045	0.411744	671092	0.301972	307464	0.13835	0.733398	0.685798
case_24	10.0	1939939	0.987596	1939225	0.987233	714	0.000363488	0.999632	0.999632
case_24	5.0	2466065	0.994236	2465978	0.994201	303	0.00012216	0.999965	0.999877
case_24	29.0	2425652	0.969817	2424176	0.969227	3269	0.001307	0.999392	0.998653
case_24	21.0	2436043	0.975055	2433723	0.974127	2432	0.000973437	0.999048	0.999002
case_24	28.0	2454437	0.975368	2452798	0.974717	4111	0.00163367	0.999332	0.998327
case_24	831.0	925112	0.413177	672330	0.300278	310017	0.138461	0.726755	0.684412
case_24	21.0	2431504	0.972676	2429861	0.972018	2262	0.000904869	0.999324	0.99907
case_25	121.0	2269200	0.879311	2242859	0.869104	36054	0.0139709	0.988392	0.984179
case_25	229.0	2044846	0.773191	1914575	0.723933	116027	0.0438718	0.936293	0.942861
case_25	228.0	2002263	0.770376	1889389	0.726947	114103	0.0439014	0.943627	0.943048
case_25	228.0	2009729	0.772769	1892749	0.727789	114204	0.043913	0.941793	0.943096
case_25	230.0	1996727	0.745482	1865152	0.696358	108633	0.0405583	0.934105	0.944962
case_25	230.0	2004507	0.7448	1878722	0.698063	111008	0.0412465	0.937249	0.94421
case_25	230.0	1987642	0.745134	1857977	0.696525	110618	0.0414689	0.934764	0.943809
case_25	229.0	1974500	0.749496	1848514	0.701673	111594	0.0423597	0.936193	0.943067
case_25	40.0	2610120	0.950823	2603957	0.948578	8697	0.00316817	0.997639	0.996671
case_25	155.0	2236441	0.82484	2183899	0.805461	67214	0.0247897	0.976506	0.970142
case_25	155.0	2233935	0.828371	2183554	0.809689	68291	0.0253232	0.977447	0.969673
case_25	14.0	2566417	0.981905	2563632	0.980839	2785	0.00106553	0.998915	0.998915
case_25	121.0	2249580	0.875971	2226393	0.866942	38969	0.0151743	0.989693	0.982798
case_25	121.0	2262896	0.877417	2238690	0.868031	37017	0.014353	0.989303	0.983734
case_25	22.0	2588297	0.971938	2586075	0.971103	3449	0.00129514	0.999142	0.998668
case_25	229.0	1969406	0.74802	1845679	0.701026	111460	0.0423348	0.937175	0.94305
case_25	229.0	2032000	0.771526	1904597	0.723152	117631	0.0446631	0.937302	0.941831
case_25	155.0	2230452	0.823143	2182893	0.805592	68875	0.0254182	0.978677	0.969413
case_25	228.0	2003119	0.771206	1890877	0.727993	116420	0.044822	0.943966	0.942002
case_25	228.0	2010586	0.7736	1894237	0.728834	116521	0.044833	0.942132	0.942051
case_25	2.0	2527660	0.997088	2527525	0.997034	135	5.32535e-05	0.999947	0.999947
case_25	230.0	1994631	0.744157	1871483	0.698213	114043	0.0425471	0.93826	0.942563
case_25	155.0	2239677	0.829981	2186142	0.810142	67450	0.0249957	0.976097	0.97007
case_25	121.0	2254823	0.877461	2229824	0.867733	37820	0.0147176	0.988913	0.983322
case_25	229.0	1968597	0.744068	1851345	0.699751	114800	0.0433908	0.940439	0.941612
case_25	229.0	1972333	0.745026	1852821	0.699882	113858	0.0430085	0.939406	0.942106
case_25	229.0	2036156	0.773599	1914318	0.727309	120337	0.0457198	0.940163	0.940856
case_25	229.0	2048545	0.775084	1925301	0.728453	117077	0.044297	0.939838	0.942676
case_26	394.0	1487721	0.591078	1255564	0.498841	202049	0.0802749	0.843951	0.861384
case_26	64.0	2497908	0.924251	2490741	0.921599	17759	0.00657101	0.997131	0.99292
case_26	394.0	1539460	0.6019	1318061	0.515337	204746	0.0800519	0.856184	0.865547
case_26	394.0	1516918	0.594098	1300513	0.509344	192527	0.0754028	0.857339	0.87105
case_26	0.0	2706985	1.0	2706985	1.0	0	0.0	1.0	1.0
case_26	394.0	1545940	0.602448	1312416	0.511444	197339	0.0769024	0.848944	0.869291
case_26	394.0	1507777	0.587312	1292991	0.503648	198477	0.0773111	0.857548	0.866925
case_26	64.0	2497908	0.924251	2490741	0.921599	17759	0.00657101	0.997131	0.99292
case_26	32.0	2233619	0.957801	2230505	0.956465	4852	0.00208059	0.998606	0.997829
case_26	394.0	1456760	0.576581	1230818	0.487154	190441	0.075376	0.844901	0.866005
case_26	394.0	1520037	0.590149	1292390	0.501766	188875	0.0733301	0.850236	0.872491
case_26	64.0	2450428	0.903479	2434886	0.897748	22476	0.00828695	0.993657	0.990854
case_26	146.0	1979784	0.831436	1938039	0.813904	49654	0.0208528	0.978914	0.975019
case_26	146.0	1949777	0.821743	1909259	0.804667	56697	0.0238952	0.979219	0.971161
case_26	394.0	1528897	0.596819	1299702	0.507351	187818	0.0733165	0.850091	0.873737
case_26	146.0	1973970	0.830769	1932047	0.813125	49739	0.0209333	0.978762	0.974902
case_26	394.0	1539460	0.6019	1318061	0.515337	204746	0.0800519	0.856184	0.865547
case_26	394.0	1462794	0.582181	1240919	0.493877	190439	0.0757933	0.848321	0.866952
case_26	64.0	2484663	0.914633	2461001	0.905922	27668	0.0101849	0.990477	0.988882
case_26	64.0	2484663	0.914633	2461001	0.905922	27668	0.0101849	0.990477	0.988882
case_26	112.0	2113493	0.874508	2093692	0.866315	43386	0.017952	0.990631	0.979698
case_26	146.0	1951797	0.824362	1904879	0.804546	59430	0.0251009	0.975962	0.969745
case_26	394.0	1545940	0.602448	1312416	0.511444	197339	0.0769024	0.848944	0.869291
case_26	394.0	1468383	0.580014	1238808	0.489331	192225	0.0759292	0.843655	0.865674
case_26	394.0	1498197	0.594039	1261887	0.500342	205161	0.0813469	0.84227	0.860154
case_26	394.0	1487721	0.591078	1255564	0.498841	202049	0.0802749	0.843951	0.861384
case_26	394.0	1498197	0.594039	1261887	0.500342	205161	0.0813469	0.84227	0.860154
case_26	394.0	1474210	0.585539	1245653	0.494759	191576	0.0760918	0.844963	0.866705
case_27	58.0	2950801	0.90305	2924748	0.895077	30818	0.0094314	0.991171	0.989573
case_27	282.0	1902009	0.633635	1721285	0.573428	141304	0.047074	0.904983	0.924136
case_27	282.0	1850518	0.61704	1662168	0.554236	142928	0.0476582	0.898218	0.92082
case_27	282.0	1903038	0.631147	1728925	0.573402	161361	0.0535158	0.908508	0.914637
case_27	282.0	1901254	0.618812	1730508	0.563238	150278	0.0489118	0.910193	0.920098
case_27	102.0	2416881	0.888653	2376310	0.873736	43513	0.0159991	0.983213	0.982018
case_27	282.0	1854143	0.615486	1681345	0.558126	165526	0.0549467	0.906804	0.910375
case_27	282.0	1903693	0.64083	1744109	0.58711	148589	0.0500187	0.916171	0.921494
case_27	102.0	2413041	0.870361	2374988	0.856635	39983	0.0144215	0.98423	0.983444
case_27	76.0	2490383	0.883956	2468173	0.876072	24308	0.00862807	0.991082	0.990247
case_27	260.0	2041403	0.72807	1917150	0.683755	149780	0.0534193	0.939134	0.927535
case_27	282.0	1894567	0.629205	1730504	0.574718	165749	0.0550469	0.913403	0.912591
case_27	282.0	1915882	0.644032	1751419	0.588747	145321	0.0488503	0.914158	0.923384
case_27	282.0	1891156	0.630892	1714024	0.571801	146024	0.0487138	0.906337	0.921494
case_27	76.0	2488398	0.867018	2470322	0.86072	26417	0.00920432	0.992736	0.989419
case_27	32.0	2670387	0.949356	2664747	0.947351	9115	0.0032405	0.997888	0.996591
case_27	260.0	2022356	0.72243	1885799	0.673648	157803	0.0563707	0.932476	0.922782
case_27	282.0	1940606	0.633398	1781657	0.581519	177827	0.0580413	0.918093	0.909248
case_27	282.0	1893872	0.617243	1730268	0.563922	154434	0.0503325	0.913614	0.918059
case_27	282.0	1943548	0.6335	1779095	0.579896	173713	0.0566218	0.915385	0.911045
case_27	58.0	2962569	0.907805	2938559	0.900448	42051	0.0128855	0.991896	0.985892
case_27	282.0	1891115	0.616956	1725447	0.562909	176953	0.057729	0.912397	0.906984
case_27	102.0	2416051	0.870042	2387503	0.859762	39051	0.0140626	0.988184	0.983907
case_27	260.0	2021893	0.736135	1881106	0.684877	161354	0.0587461	0.930369	0.921
case_27	282.0	1860600	0.626021	1690411	0.568759	150083	0.0504972	0.90853	0.918455
case_27	260.0	2030506	0.750302	1911044	0.706159	153134	0.0565853	0.941166	0.925814
case_27	282.0	1847565	0.60187	1669605	0.543897	152897	0.0498083	0.903679	0.916106
case_27	24.0	3107608	0.951456	3098993	0.948818	9855	0.0030173	0.997228	0.99683
case_28	573.0	1410666	0.535935	1111007	0.42209	281588	0.10698	0.787576	0.797796
case_28	261.0	1895522	0.732513	1818336	0.702685	107482	0.0415358	0.95928	0.944189
case_28	572.0	1380693	0.514573	1083227	0.40371	268512	0.100072	0.784553	0.801358
case_28	197.0	2003608	0.806975	1962505	0.79042	90520	0.0364579	0.979486	0.955909
case_28	280.0	1974119	0.722891	1910105	0.69945	199995	0.073235	0.967573	0.90522
case_28	280.0	1976882	0.722778	1912503	0.69924	199360	0.0728891	0.967434	0.9056
case_28	572.0	1369891	0.530642	1075858	0.416746	310835	0.120405	0.78536	0.775844
case_28	573.0	1383795	0.528595	1074351	0.410391	308006	0.117655	0.77638	0.777188
case_28	260.0	1859752	0.733952	1781792	0.703185	123575	0.0487689	0.95808	0.935144
case_28	4.0	2714203	0.997564	2713868	0.997441	335	0.000123124	0.999877	0.999877
case_28	573.0	1372421	0.520768	1067497	0.405064	308683	0.11713	0.77782	0.775696
case_28	572.0	1362675	0.510576	1042156	0.390482	295303	0.110646	0.764787	0.779206
case_28	261.0	1901041	0.73965	1824425	0.70984	109646	0.0426606	0.959698	0.943308
case_28	260.0	1868916	0.736334	1790071	0.70527	123199	0.0485391	0.957812	0.935608
case_28	572.0	1384082	0.51502	1091724	0.406233	265731	0.0988791	0.788771	0.804243
case_28	261.0	1888226	0.730894	1807450	0.699627	108722	0.0420841	0.957221	0.943261
case_28	572.0	1389932	0.535443	1100470	0.423934	289401	0.111486	0.791744	0.791779
case_28	28.0	2431202	0.960031	2427572	0.958597	3952	0.00156056	0.998507	0.998375
case_28	572.0	1369283	0.512236	1048406	0.392199	294011	0.109987	0.765661	0.780984
case_28	197.0	1995815	0.799568	1954616	0.783062	87651	0.0351149	0.979357	0.957082
case_28	573.0	1394270	0.527052	1095949	0.414283	283842	0.107296	0.786038	0.794286
case_28	572.0	1365244	0.510725	1044182	0.390619	295285	0.110463	0.764832	0.77955
case_28	12.0	2596780	0.989074	2594846	0.988337	1934	0.000736631	0.999255	0.999255
case_28	261.0	1909554	0.741736	1836034	0.713178	108376	0.0420969	0.961499	0.944263
case_28	572.0	1372533	0.530792	1077107	0.416544	310854	0.120215	0.784759	0.776035
case_28	573.0	1369854	0.520633	1065471	0.404948	308701	0.117326	0.777799	0.775355
case_28	572.0	1371852	0.512383	1050432	0.392333	293993	0.109805	0.765704	0.781324
case_28	573.0	1386362	0.528717	1076377	0.410498	307988	0.117457	0.776404	0.777524
case_29	60.0	2366717	0.921465	2356181	0.917363	13297	0.0051771	0.995548	0.994388
case_29	270.0	1807490	0.686303	1676671	0.636631	123855	0.0470277	0.927624	0.931212
case_29	270.0	1835220	0.69749	1709768	0.649811	127880	0.0486018	0.931642	0.930411
case_29	46.0	2433257	0.941838	2424582	0.93848	8242	0.00319022	0.996435	0.996612
case_29	46.0	2390973	0.936734	2383775	0.933914	6113	0.00239495	0.99699	0.997442
case_29	76.0	2258455	0.902074	2230700	0.890988	37688	0.0150534	0.987711	0.983386
case_29	26.0	2459770	0.956465	2456886	0.955343	3645	0.00141733	0.998828	0.998519
case_29	269.0	1775312	0.702904	1650290	0.653404	135481	0.0536413	0.929577	0.924133
case_29	269.0	1807084	0.716188	1682713	0.666897	136432	0.0540711	0.931176	0.925002
case_29	269.0	1854832	0.726172	1725752	0.675637	140089	0.0548452	0.930409	0.924919
case_29	76.0	2279561	0.908839	2262613	0.902082	28591	0.011399	0.992565	0.987521
case_29	137.0	2173193	0.821516	2143457	0.810275	47536	0.0179697	0.986317	0.978304
case_29	269.0	1789540	0.709465	1652088	0.654972	140550	0.0557212	0.923191	0.921596
case_29	270.0	1827488	0.695765	1688042	0.642674	136839	0.0520976	0.923695	0.925015
case_29	58.0	2356714	0.942257	2347406	0.938535	20692	0.00827303	0.99605	0.991262
case_29	269.0	1794861	0.71264	1663015	0.660291	146402	0.0581281	0.926543	0.919089
case_29	137.0	2203520	0.822297	2165601	0.808147	43404	0.0161973	0.982792	0.980351
case_29	269.0	1848619	0.729242	1722127	0.679344	143721	0.056695	0.931575	0.922973
case_29	60.0	2362817	0.926902	2354334	0.923574	12203	0.00478708	0.99641	0.994844
case_29	269.0	1821968	0.723034	1686544	0.669292	140099	0.0555972	0.925672	0.923302
case_29	60.0	2322123	0.915171	2313174	0.911644	12019	0.0047368	0.996146	0.994831
case_29	269.0	1814969	0.715267	1691099	0.66645	140604	0.0554111	0.931751	0.923239
case_29	137.0	2155294	0.813734	2121334	0.800912	42352	0.01599	0.984243	0.980426
case_29	269.0	1829134	0.715415	1698755	0.664421	139229	0.0544555	0.928721	0.924249
case_29	137.0	2196508	0.825619	2164092	0.813435	41198	0.0154854	0.985242	0.981319
case_29	269.0	1829824	0.723137	1697842	0.670978	153276	0.0605738	0.927872	0.917198
case_29	269.0	1808885	0.719151	1665811	0.66227	150261	0.0597386	0.920905	0.91726
case_29	269.0	1847074	0.724436	1707517	0.6697	150424	0.0589974	0.924444	0.919037
case_2	202.0	1975976	0.75469	1857306	0.709366	127834	0.048824	0.939944	0.935605
case_2	48.0	2478254	0.943428	2468541	0.93973	18185	0.00692271	0.996081	0.992687
case_2	203.0	1954248	0.736512	1843078	0.694615	119020	0.044856	0.943114	0.93934
case_2	91.0	2325168	0.875654	2299724	0.866071	27239	0.0102582	0.989057	0.988294
case_2	197.0	2070716	0.774658	1963971	0.734724	105438	0.0394445	0.94845	0.949049
case_2	203.0	1958006	0.736684	1843816	0.693721	119199	0.0448477	0.94168	0.939278
case_2	196.0	2070392	0.784942	1990857	0.754788	117450	0.0445285	0.961585	0.944292
case_2	91.0	2324127	0.876741	2299315	0.867381	28667	0.0108142	0.989324	0.987686
case_2	10.0	2582590	0.985401	2578500	0.98384	6587	0.0025133	0.998416	0.997452
case_2	48.0	2469933	0.942752	2463682	0.940366	14300	0.00545819	0.997469	0.994229
case_2	196.0	2069922	0.786006	1991967	0.756404	111051	0.0421691	0.962339	0.947194
case_2	197.0	2069852	0.775635	1962900	0.735557	105630	0.0395827	0.948329	0.948935
case_2	91.0	2306061	0.868255	2280912	0.858786	30193	0.011368	0.989094	0.986936
case_2	91.0	2307243	0.870065	2279946	0.859771	35442	0.0133652	0.988169	0.984693
case_2	48.0	2479103	0.942256	2473576	0.940155	13684	0.005201	0.997771	0.994498
case_2	4.0	2603952	0.991632	2603274	0.991373	678	0.000258195	0.99974	0.99974
case_2	202.0	2000433	0.761072	1879596	0.7151	128361	0.0488354	0.939595	0.936074
case_2	202.0	1978868	0.754593	1863043	0.710426	124022	0.0472928	0.941469	0.937585
case_2	196.0	2088862	0.793479	1998906	0.759308	110864	0.042113	0.956935	0.947452
case_2	6.0	2665184	0.990257	2664693	0.990075	491	0.000182432	0.999816	0.999816
case_2	202.0	1975337	0.74964	1838023	0.697529	143352	0.0544021	0.930486	0.92765
case_2	48.0	2469084	0.94393	2458647	0.93994	18801	0.00718761	0.995773	0.992411
case_2	202.0	1991153	0.760758	1870451	0.714642	125423	0.0479203	0.939381	0.937159
case_2	91.0	2306073	0.866797	2281216	0.857453	29781	0.011194	0.989221	0.987113
case_2	91.0	2330617	0.875519	2306906	0.866612	26950	0.010124	0.989826	0.988453
case_2	91.0	2331658	0.874438	2307315	0.865309	26537	0.00995213	0.98956	0.98863
case_2	196.0	2095035	0.792479	2005066	0.758447	111497	0.0421754	0.957056	0.947322
case_2	91.0	2305897	0.86809	2278665	0.857839	35314	0.0132945	0.98819	0.984739
case_30	60.0	2647549	0.935279	2638707	0.932156	16921	0.00597755	0.99666	0.993628
case_30	61.0	2506664	0.908897	2485993	0.901402	15801	0.00572932	0.991754	0.993684
case_30	61.0	2583676	0.92526	2560843	0.917083	17574	0.00629356	0.991163	0.993184
case_30	61.0	2647385	0.933769	2635037	0.929414	17153	0.0060501	0.995336	0.993533
case_30	526.0	1487618	0.567329	1246876	0.475518	332138	0.126667	0.838169	0.789655
case_30	526.0	1485710	0.567484	1248428	0.476852	332918	0.127162	0.840291	0.789472
case_30	526.0	1473416	0.565943	1231348	0.472964	324004	0.124451	0.83571	0.791684
case_30	526.0	1429271	0.565773	1202745	0.476103	318659	0.12614	0.841509	0.790549
case_30	134.0	1999716	0.841208	1981939	0.83373	50769	0.0213567	0.99111	0.975024
case_30	8.0	2820386	0.991226	2819075	0.990765	1482	0.000520849	0.999535	0.999475
case_30	60.0	2499349	0.90904	2480856	0.902314	18205	0.00662135	0.992601	0.992715
case_30	60.0	2576923	0.925653	2556339	0.918259	19266	0.00692051	0.992012	0.99252
case_30	60.0	2581163	0.92582	2562919	0.919276	17813	0.00638922	0.992932	0.993098
case_30	60.0	2496281	0.912769	2480532	0.907011	17854	0.00652834	0.993691	0.992854
case_30	526.0	1430279	0.558553	1188009	0.463941	319729	0.124861	0.830613	0.787941
case_30	17.0	2799287	0.980887	2797031	0.980096	2167	0.00075933	0.999194	0.999226
case_30	526.0	1417151	0.557269	1181477	0.464594	311609	0.122535	0.833699	0.791299
case_30	526.0	1458126	0.563895	1225217	0.473823	310654	0.120138	0.840268	0.797734
case_30	60.0	2567515	0.927134	2549071	0.920474	19926	0.00719531	0.992816	0.992244
case_30	527.0	1478066	0.562742	1239682	0.471982	328379	0.125023	0.838719	0.790583
case_30	60.0	2641998	0.934665	2630376	0.930553	17409	0.00615882	0.995601	0.993425
case_30	526.0	1415898	0.564425	1190122	0.474423	311126	0.124025	0.840542	0.792755
case_30	17.0	2790835	0.979325	2788367	0.978459	2459	0.000862882	0.999116	0.999119
case_30	60.0	2503589	0.909233	2487436	0.903367	16752	0.00608386	0.993548	0.99331
case_30	34.0	2544499	0.945186	2540116	0.943558	6257	0.00232424	0.998277	0.997543
case_30	527.0	1470122	0.563506	1240261	0.475399	314972	0.120731	0.843645	0.797476
case_30	526.0	1479848	0.569084	1249889	0.480652	317762	0.122197	0.844606	0.797301
case_30	526.0	1479033	0.56788	1247055	0.478811	316103	0.121369	0.843156	0.797779
case_3	420.0	1576835	0.585771	1419862	0.527457	229454	0.0852387	0.900451	0.860879
case_3	170.0	1959657	0.802717	1900557	0.778508	69364	0.028413	0.969842	0.964788
case_3	170.0	1959657	0.802689	1900371	0.778405	69466	0.0284537	0.969747	0.964735
case_3	170.0	1962697	0.802547	1907682	0.780052	65720	0.0268729	0.97197	0.966697
case_3	420.0	1572918	0.586394	1415298	0.527632	235989	0.0879782	0.899791	0.857088
case_3	62.0	2281003	0.931389	2274567	0.928761	7216	0.00294647	0.997178	0.996838
case_3	2.0	2447593	0.998648	2447449	0.99859	144	5.87538e-05	0.999941	0.999941
case_3	420.0	1581646	0.587948	1424439	0.529509	225057	0.0836608	0.900605	0.86356
case_3	170.0	1963822	0.80757	1923448	0.790967	52083	0.0214178	0.979441	0.973636
case_3	62.0	2280773	0.931263	2274030	0.928509	7245	0.00295821	0.997044	0.996824
case_3	170.0	1981511	0.811021	1930195	0.790017	55293	0.0226311	0.974103	0.972151
case_3	170.0	1981047	0.810802	1929524	0.789715	55448	0.0226937	0.973992	0.972066
case_3	170.0	1964170	0.802509	1923635	0.785948	52462	0.0214346	0.979363	0.973452
case_3	170.0	1953924	0.804145	1903839	0.783532	64829	0.0266806	0.974367	0.96707
case_3	62.0	2220610	0.904448	2213471	0.90154	8982	0.00365834	0.996785	0.995959
case_3	170.0	1973925	0.809154	1922996	0.788277	61487	0.0252048	0.974199	0.969016
case_3	88.0	2160757	0.887852	2145859	0.88173	36327	0.0149267	0.993105	0.983353
case_3	170.0	1987650	0.814129	1941714	0.795314	48315	0.0197895	0.976889	0.975721
case_3	14.0	2336677	0.95622	2333976	0.955114	2022	0.000827447	0.998844	0.999134
case_3	62.0	2221050	0.904659	2214008	0.901791	8953	0.00364666	0.996829	0.995972
case_3	420.0	1553569	0.579596	1405702	0.52443	224429	0.0837286	0.904821	0.862325
case_3	420.0	1564025	0.580084	1407478	0.522022	219437	0.0813874	0.899908	0.865121
case_3	420.0	1575696	0.587002	1405773	0.5237	235635	0.0877824	0.89216	0.856443
case_3	62.0	2261978	0.927252	2254351	0.924125	8903	0.0036496	0.996628	0.996066
case_3	420.0	1575478	0.585248	1418475	0.526925	229483	0.0852468	0.900346	0.860747
case_3	32.0	2315801	0.943939	2310105	0.941617	4854	0.00197853	0.99754	0.997903
case_3	32.0	2351669	0.964759	2348912	0.963628	4761	0.00195317	0.998828	0.997977
case_3	62.0	2262418	0.927465	2254888	0.924378	8874	0.00363784	0.996672	0.99608
case_4	311.0	1740216	0.659641	1608432	0.609688	168832	0.063997	0.924271	0.905005
case_4	311.0	1753591	0.662403	1616573	0.610646	174021	0.0657349	0.921864	0.902814
case_4	121.0	2362107	0.838324	2332685	0.827882	61743	0.0219129	0.987544	0.974214
case_4	311.0	1765736	0.666882	1619554	0.611672	159312	0.0601689	0.917212	0.910442
case_4	311.0	1799985	0.673476	1663747	0.622502	160356	0.0599982	0.924312	0.91209
case_4	44.0	2315703	0.950418	2308441	0.947438	15265	0.00626511	0.996864	0.993431
case_4	311.0	1765736	0.666882	1619554	0.611672	159312	0.0601689	0.917212	0.910442
case_4	0.0	2918041	1.0	2918041	1.0	0	0.0	1.0	1.0
case_4	310.0	1641453	0.63575	1497616	0.58004	175788	0.0680843	0.912372	0.894952
case_4	311.0	1809424	0.674687	1671370	0.62321	167467	0.0624441	0.923703	0.908928
case_4	28.0	2830759	0.971211	2827127	0.969965	6341	0.00217555	0.998717	0.997762
case_4	28.0	2830759	0.971211	2827127	0.969965	6341	0.00217555	0.998717	0.997762
case_4	310.0	1689178	0.6457	1548187	0.591805	184184	0.0704056	0.916533	0.893681
case_4	106.0	2092315	0.870932	2072583	0.862719	34268	0.0142642	0.990569	0.983735
case_4	50.0	2684743	0.931076	2671844	0.926602	10568	0.00366501	0.995195	0.99606
case_4	311.0	1809424	0.674687	1671370	0.62321	167467	0.0624441	0.923703	0.908928
case_4	121.0	2406262	0.843648	2369525	0.830768	54374	0.0190638	0.984733	0.977568
case_4	311.0	1716534	0.656873	1571304	0.601297	167228	0.0639938	0.915393	0.903811
case_4	121.0	2389208	0.838661	2355896	0.826967	58328	0.0204743	0.986057	0.97584
case_4	310.0	1684171	0.646056	1544893	0.592628	177316	0.0680193	0.917302	0.897042
case_4	121.0	2406262	0.843648	2369525	0.830768	54374	0.0190638	0.984733	0.977568
case_4	106.0	2099106	0.870429	2077890	0.861631	37623	0.015601	0.989893	0.982216
case_4	311.0	1799985	0.673476	1663747	0.622502	160356	0.0599982	0.924312	0.91209
case_4	50.0	2684743	0.931076	2671844	0.926602	10568	0.00366501	0.995195	0.99606
case_4	311.0	1796257	0.670621	1658528	0.619201	166837	0.0622875	0.923324	0.908601
case_4	50.0	2663994	0.924962	2649478	0.919922	11873	0.00412241	0.994551	0.995539
case_4	311.0	1755346	0.663804	1605596	0.607174	161699	0.0611483	0.914689	0.908505
case_4	311.0	1785984	0.669082	1652141	0.61894	159926	0.0599129	0.925059	0.911744
case_5	112.0	4310385	0.872977	4240558	0.858835	63951	0.0129519	0.9838	0.985143
case_5	425.0	1707903	0.452173	1437705	0.380638	274813	0.0727577	0.841795	0.839527
case_5	425.0	1717682	0.454298	1436684	0.379979	270804	0.0716232	0.836409	0.841402
case_5	425.0	1733297	0.457909	1454928	0.384368	269192	0.0711161	0.839399	0.843867
case_5	425.0	1727865	0.441736	1429854	0.365549	274115	0.0700787	0.827526	0.839131
case_5	96.0	4364986	0.863215	4326991	0.855702	62710	0.0124015	0.991296	0.985714
case_5	18.0	2559845	0.973832	2557386	0.972897	2459	0.000935468	0.999039	0.999039
case_5	112.0	4334070	0.856872	4244191	0.839102	78165	0.0154537	0.979262	0.981916
case_5	425.0	1725188	0.455131	1447220	0.381799	276047	0.0728254	0.838877	0.839812
case_5	62.0	2451545	0.934486	2437546	0.92915	19286	0.00735149	0.99429	0.99215
case_5	425.0	1708261	0.452431	1432770	0.379467	272887	0.0722738	0.83873	0.840011
case_5	425.0	1721923	0.455257	1446827	0.382524	273382	0.0722791	0.840239	0.841076
case_5	425.0	1728441	0.457784	1448452	0.383628	264481	0.0700488	0.838011	0.845598
case_5	6.0	4906422	0.993419	4905321	0.993196	1101	0.000222923	0.999776	0.999776
case_5	425.0	1712712	0.452593	1440402	0.380633	273121	0.0721736	0.841007	0.840609
case_5	6.0	2616682	0.994705	2616513	0.994641	169	6.42436e-05	0.999935	0.999935
case_5	425.0	1727591	0.457394	1452663	0.384605	266539	0.0705685	0.84086	0.844964
case_5	62.0	2459991	0.935166	2446655	0.930096	19532	0.00742509	0.994579	0.99208
case_5	112.0	4300018	0.872329	4231456	0.85842	64480	0.0130808	0.984055	0.98499
case_5	425.0	1730061	0.442514	1431214	0.366075	271165	0.0693584	0.827262	0.840714
case_5	62.0	2443731	0.929634	2431047	0.924809	19744	0.00751093	0.99481	0.991944
case_5	425.0	1713893	0.452774	1440511	0.380552	277592	0.0733339	0.840491	0.838431
case_5	425.0	1737619	0.445049	1441214	0.369132	267358	0.0684772	0.829419	0.84352
case_5	425.0	1724255	0.441618	1427155	0.365524	275807	0.07064	0.827694	0.838043
case_5	112.0	4343807	0.857404	4253503	0.839579	78300	0.0154553	0.979211	0.981924
case_5	62.0	2452178	0.930326	2440157	0.925765	19990	0.00758396	0.995098	0.991874
case_5	425.0	1718702	0.453191	1443208	0.380549	275900	0.07275	0.839708	0.83951
case_5	425.0	1711869	0.452532	1435998	0.379606	271101	0.0716655	0.838848	0.841192
case_6	146.0	1736977	0.735621	1692160	0.71664	47994	0.0203258	0.974198	0.97242
case_6	330.0	1518705	0.623683	1351370	0.554964	125280	0.0514484	0.889817	0.915159
case_6	134.0	1900080	0.770161	1869392	0.757723	43427	0.0176023	0.983849	0.977297
case_6	145.0	1769895	0.744603	1733221	0.729174	45930	0.019323	0.979279	0.974184
case_6	146.0	1759382	0.741913	1720142	0.725366	46539	0.019625	0.977697	0.973657
case_6	146.0	1772489	0.744809	1736607	0.729731	45086	0.0189454	0.979756	0.974695
case_6	146.0	2201897	0.837558	2159251	0.821337	52511	0.0199741	0.980632	0.976258
case_6	330.0	1533320	0.627066	1355203	0.554223	127796	0.0522634	0.883836	0.913826
case_6	22.0	2450138	0.971094	2447062	0.969875	5791	0.00229522	0.998745	0.997639
case_6	12.0	2186480	0.984778	2185857	0.984498	623	0.000280596	0.999715	0.999715
case_6	330.0	1769173	0.681267	1586395	0.610883	162650	0.0626327	0.896687	0.907006
case_6	330.0	1885128	0.69965	1714969	0.636497	168662	0.0625975	0.909736	0.910459
case_6	59.0	2036900	0.919537	2029301	0.916107	15233	0.00687678	0.996269	0.992549
case_6	329.0	1527943	0.62559	1352752	0.553861	128270	0.0525179	0.885342	0.913391
case_6	134.0	1942184	0.783995	1908740	0.770495	41449	0.0167316	0.98278	0.978746
case_6	146.0	1754679	0.74049	1709261	0.721323	48015	0.0202627	0.974116	0.972676
case_6	133.0	1937490	0.783692	1905322	0.77068	41810	0.0169117	0.983397	0.978527
case_6	146.0	2175036	0.829986	2134058	0.814349	52423	0.0200044	0.98116	0.976024
case_6	133.0	1936961	0.78278	1905725	0.770157	41685	0.0168461	0.983874	0.978595
case_6	145.0	1753387	0.740268	1716756	0.724802	47384	0.0200052	0.979108	0.97314
case_6	60.0	2036674	0.918263	2025707	0.913319	16663	0.00751275	0.994615	0.991841
case_6	329.0	1533323	0.62836	1355743	0.555587	130020	0.0532825	0.884186	0.912489
case_6	330.0	1739896	0.672162	1558597	0.602122	163151	0.063029	0.895799	0.905241
case_6	59.0	2038689	0.921262	2027661	0.916278	14140	0.00638971	0.994591	0.993075
case_6	15.0	2185299	0.982995	2182067	0.981541	3900	0.0017543	0.998521	0.998216
case_6	15.0	2179880	0.979586	2177478	0.978507	3761	0.0016901	0.998898	0.998276
case_6	145.0	1771123	0.745811	1734933	0.730572	45228	0.0190453	0.979567	0.974593
case_6	145.0	1757035	0.742499	1717117	0.72563	46679	0.0197259	0.977281	0.973535
case_7	118.0	2312287	0.847745	2285255	0.837834	31119	0.011409	0.988309	0.986566
case_7	506.0	1444320	0.538081	1152028	0.429188	274565	0.102289	0.797627	0.807538
case_7	126.0	2241744	0.843694	2210533	0.831947	43819	0.0164915	0.986077	0.980562
case_7	117.0	2308568	0.840059	2277490	0.82875	46047	0.0167559	0.986538	0.980182
case_7	67.0	2487424	0.918254	2476218	0.914118	18834	0.00695274	0.995495	0.992451
case_7	40.0	2541693	0.945124	2533260	0.941988	8135	0.00302498	0.996682	0.996799
case_7	125.0	2239238	0.849444	2200858	0.834884	34594	0.0131231	0.98286	0.984525
case_7	117.0	2308569	0.840346	2276068	0.828515	46111	0.0167849	0.985922	0.980143
case_7	506.0	1398264	0.534977	1116172	0.427048	276640	0.105843	0.798256	0.80138
case_7	126.0	2241604	0.853495	2209918	0.841431	28588	0.0108849	0.985865	0.987229
case_7	67.0	2486747	0.917688	2475311	0.913467	18563	0.00685033	0.995401	0.992557
case_7	505.0	1450085	0.536314	1148915	0.424926	271000	0.100229	0.792309	0.809144
case_7	506.0	1452552	0.533099	1153820	0.423462	286137	0.105015	0.79434	0.801288
case_7	505.0	1450787	0.536388	1148914	0.424779	272360	0.100698	0.791925	0.808369
case_7	126.0	2229830	0.852208	2203389	0.842103	28542	0.0109083	0.988142	0.987212
case_7	125.0	2239238	0.849142	2202281	0.835128	34530	0.0130941	0.983496	0.984563
case_7	67.0	2505332	0.921951	2493825	0.917717	17840	0.00656504	0.995407	0.992897
case_7	67.0	2486936	0.918511	2472532	0.913191	18189	0.00671782	0.994208	0.992697
case_7	506.0	1469389	0.545419	1171794	0.434955	276921	0.10279	0.79747	0.808851
case_7	506.0	1462071	0.544243	1165543	0.433863	276418	0.102894	0.797186	0.808304
case_7	40.0	2571372	0.953456	2565363	0.951227	7550	0.00279951	0.997663	0.997066
case_7	118.0	2323107	0.848647	2294189	0.838083	32889	0.0120146	0.987552	0.985867
case_7	126.0	2231050	0.851951	2192400	0.837192	28818	0.0110045	0.982676	0.987026
case_7	2.0	2723345	0.998599	2723245	0.998562	100	3.66681e-05	0.999963	0.999963
case_7	20.0	2621398	0.971205	2619028	0.970327	5353	0.00198324	0.999096	0.99796
case_7	118.0	2311648	0.84682	2281799	0.835886	37252	0.0136464	0.987088	0.983937
case_7	67.0	2505333	0.922269	2493888	0.918056	18004	0.00662767	0.995432	0.992832
case_7	67.0	2486937	0.918828	2472595	0.91353	18353	0.00678073	0.994233	0.992632
case_8	664.0	1127702	0.420878	837565	0.312594	305277	0.113935	0.742718	0.732879
case_8	52.0	2332580	0.939018	2323436	0.935337	8026	0.003231	0.99608	0.996558
case_8	664.0	1133496	0.424829	839439	0.314618	309297	0.115923	0.740575	0.73075
case_8	169.0	2044858	0.825654	1999948	0.80752	61766	0.0249393	0.978038	0.970041
case_8	88.0	2213256	0.871938	2196292	0.865254	15434	0.0060804	0.992335	0.993022
case_8	169.0	2053865	0.80323	2007268	0.785007	55018	0.0215166	0.977313	0.973322
case_8	663.0	1128862	0.42427	856735	0.321994	312920	0.117607	0.758937	0.732468
case_8	10.0	2603256	0.986421	2602386	0.986091	870	0.000329659	0.999666	0.999666
case_8	169.0	2056003	0.807628	2008631	0.78902	51271	0.02014	0.976959	0.97511
case_8	169.0	2064763	0.804762	2020108	0.787358	52147	0.0203248	0.978373	0.974836
case_8	28.0	2533523	0.96429	2529482	0.962752	2591	0.000986166	0.998405	0.998977
case_8	88.0	2235652	0.872988	2216734	0.865601	13080	0.00510754	0.991538	0.994134
case_8	18.0	2405741	0.973239	2404700	0.972817	1800	0.000728187	0.999567	0.999252
case_8	169.0	2053246	0.828155	2011675	0.811388	54905	0.0221453	0.979754	0.973432
case_8	88.0	2232598	0.876562	2213515	0.86907	14333	0.00562742	0.991453	0.993566
case_8	88.0	2235655	0.871943	2220959	0.866212	12522	0.00488379	0.993427	0.994394
case_8	169.0	2049544	0.822919	2003172	0.8043	60515	0.0242976	0.977374	0.970676
case_8	663.0	1144046	0.415592	868871	0.31563	316574	0.115	0.759472	0.732949
case_8	663.0	1126138	0.421043	854785	0.319589	320506	0.119831	0.759041	0.727296
case_8	169.0	2049183	0.831185	2007968	0.814467	54627	0.0221577	0.979887	0.973515
case_8	663.0	1148631	0.417723	874571	0.318056	316874	0.115238	0.761403	0.734042
case_8	28.0	2535475	0.963906	2533363	0.963103	1724	0.000655409	0.999167	0.99932
case_8	169.0	2064288	0.808129	2019902	0.790753	47063	0.0184243	0.978498	0.977231
case_8	88.0	2221122	0.870262	2203487	0.863352	14517	0.00568793	0.99206	0.993455
case_8	663.0	1134662	0.413949	859163	0.313441	314969	0.114907	0.757197	0.731743
case_8	169.0	2071183	0.809855	2032874	0.794875	44866	0.0175431	0.981504	0.978406
case_8	88.0	2230901	0.874841	2216011	0.869002	13791	0.0054081	0.993326	0.993815
case_8	169.0	2065301	0.804009	2024959	0.788305	49541	0.019286	0.980467	0.976119
case_9	77.0	2354902	0.907511	2317940	0.893267	29745	0.0114629	0.984304	0.98733
case_9	71.0	2365923	0.917096	2347658	0.910016	25369	0.00983371	0.99228	0.989309
case_9	77.0	2342500	0.909429	2319871	0.900644	19091	0.0074117	0.99034	0.991838
case_9	77.0	2326302	0.896776	2303247	0.887888	25839	0.00996079	0.990089	0.988906
case_9	78.0	2357340	0.914556	2337678	0.906928	22592	0.00876481	0.991659	0.990428
case_9	71.0	2366443	0.910064	2345660	0.902072	24532	0.00943428	0.991218	0.98965
case_9	77.0	2331261	0.900988	2303245	0.89016	17386	0.00671936	0.987982	0.992508
case_9	78.0	2367815	0.91137	2336189	0.899197	21772	0.00838003	0.986643	0.990767
case_9	77.0	2345108	0.903252	2315443	0.891826	19151	0.00737628	0.98735	0.991797
case_9	34.0	2436315	0.93757	2428721	0.934648	9233	0.00355315	0.996883	0.996213
case_9	76.0	2326713	0.890985	2286108	0.875436	32022	0.0122624	0.982548	0.986186
case_9	4.0	2552283	0.997342	2549079	0.99609	3204	0.00125201	0.998745	0.998745
case_9	76.0	2328101	0.900874	2289971	0.88612	26773	0.01036	0.983622	0.988444
case_9	68.0	2380042	0.921432	2368746	0.917059	21395	0.00828306	0.995254	0.991049
case_9	77.0	2329132	0.890826	2297511	0.878732	25694	0.00982721	0.986424	0.98894
case_9	77.0	2329310	0.907424	2307564	0.898953	18426	0.00717818	0.990664	0.992078
case_9	77.0	2325289	0.89756	2298524	0.887228	28709	0.0110817	0.98849	0.987664
case_9	78.0	2355504	0.915048	2331804	0.905841	23916	0.00929071	0.989938	0.989848
case_9	43.0	2441768	0.93584	2429581	0.931169	13530	0.00518555	0.995009	0.994462
case_9	20.0	2518444	0.976043	2516523	0.975298	1920	0.000744111	0.999237	0.999238
case_9	43.0	2448078	0.948115	2440046	0.945004	9926	0.00384424	0.996719	0.995949
case_9	77.0	2341126	0.910095	2316228	0.900416	21963	0.00853795	0.989365	0.990607
case_9	76.0	2337349	0.901368	2296789	0.885726	28375	0.0109424	0.982647	0.987797
case_9	34.0	2449244	0.939348	2436801	0.934576	9992	0.00383219	0.99492	0.995916
case_9	43.0	2463803	0.950947	2452463	0.946571	11110	0.0042881	0.995397	0.99549
case_9	68.0	2377308	0.921584	2362888	0.915994	23836	0.00924024	0.993934	0.990013
case_9	77.0	2327936	0.90809	2303921	0.898722	21298	0.008308	0.989684	0.99084
case_9	71.0	2362621	0.917022	2340636	0.908489	28275	0.0109746	0.990695	0.988064
