case_10	372.0	1667007	0.644874	1471872	0.569387	220076	0.0851354	0.882943	0.869927
case_10	372.0	1670865	0.651578	1476798	0.575898	218412	0.0851729	0.883852	0.871159
case_10	32.0	2478171	0.92488	2471704	0.922466	12064	0.00450241	0.99739	0.995143
case_10	372.0	1642510	0.64362	1446575	0.566842	220694	0.0864792	0.88071	0.867631
case_10	372.0	1692611	0.647529	1487408	0.569026	228080	0.0872548	0.878765	0.867047
case_10	78.0	2505418	0.915236	2484033	0.907424	23895	0.00872891	0.991464	0.990472
case_10	372.0	1694842	0.64711	1500226	0.572804	231503	0.0883905	0.885172	0.866317
case_10	32.0	2353236	0.962085	2350742	0.961066	4532	0.00185284	0.99894	0.998076
case_10	372.0	1656968	0.638254	1454896	0.560417	222778	0.0858127	0.878047	0.86721
case_10	78.0	2467446	0.903182	2451332	0.897284	21009	0.00769012	0.993469	0.991502
case_10	32.0	2326731	0.950013	2318590	0.946689	5860	0.00239266	0.996501	0.997479
case_10	32.0	2328005	0.9566	2322665	0.954405	6836	0.00280898	0.997706	0.997065
case_10	372.0	1692745	0.642499	1486205	0.564105	230363	0.0874367	0.877985	0.8658
case_10	32.0	2326391	0.95796	2321039	0.955756	5571	0.00229402	0.997699	0.997606
case_10	372.0	1552731	0.618255	1366183	0.543977	214947	0.085586	0.879858	0.864055
case_10	54.0	2388347	0.893193	2377560	0.889159	12567	0.0046998	0.995483	0.994742
case_10	372.0	1680004	0.642797	1489091	0.56975	224060	0.085729	0.886362	0.869212
case_10	372.0	1678373	0.643438	1477553	0.56645	220716	0.0846159	0.880348	0.870035
case_10	54.0	2570396	0.924083	2557514	0.919452	18377	0.00660672	0.994988	0.992866
case_10	78.0	2317809	0.881351	2297291	0.873549	25385	0.00965269	0.991148	0.989071
case_10	372.0	1667168	0.640823	1460980	0.561569	230153	0.0884658	0.876324	0.863906
case_10	372.0	1670340	0.65007	1481732	0.576667	220985	0.0860038	0.887084	0.870216
case_10	32.0	2353255	0.95403	2349049	0.952325	5724	0.00232056	0.998213	0.997569
case_10	372.0	1529702	0.613357	1332228	0.534177	213465	0.085592	0.870907	0.861897
case_10	372.0	1553885	0.614912	1354026	0.535822	214153	0.0847458	0.871381	0.863438
case_10	372.0	1682721	0.640033	1477202	0.561862	224231	0.0852876	0.877865	0.868211
case_10	32.0	2354165	0.956392	2349740	0.954594	3327	0.00135161	0.99812	0.998586
case_10	372.0	1553665	0.619896	1356911	0.541393	211069	0.0842143	0.873361	0.865388
case_11	997.0	911701	0.342767	601717	0.226224	392665	0.147628	0.659994	0.605117
case_11	997.0	909429	0.337418	597656	0.221744	389866	0.144649	0.657177	0.605208
case_11	301.0	1890889	0.702528	1814625	0.674194	104648	0.0388802	0.959668	0.945475
case_11	997.0	910238	0.333514	599497	0.219658	392492	0.14381	0.658616	0.604338
case_11	996.0	903211	0.342001	594425	0.225079	356085	0.134831	0.658124	0.625375
case_11	301.0	1895312	0.703037	1817304	0.674102	103705	0.0384678	0.958842	0.946015
case_11	996.0	894004	0.342926	590690	0.22658	349872	0.134206	0.660724	0.628018
case_11	0.0	2672682	1.0	2672682	1.0	0	0.0	1.0	1.0
case_11	10.0	2682501	0.988118	2681433	0.987725	1457	0.000536696	0.999602	0.999457
case_11	997.0	911040	0.346378	606473	0.230581	383350	0.14575	0.665693	0.612709
case_11	60.0	2487676	0.922964	2479288	0.919852	9914	0.00367824	0.996628	0.996017
case_11	60.0	2481583	0.922189	2474554	0.919577	11199	0.0041617	0.997168	0.995495
case_11	301.0	1899787	0.688091	1828471	0.662261	101855	0.0368912	0.962461	0.947234
case_11	997.0	912548	0.350117	602149	0.231027	388649	0.149113	0.659855	0.607741
case_11	64.0	2384627	0.925973	2375307	0.922354	14288	0.00554817	0.996092	0.994021
case_11	301.0	1899787	0.688091	1828471	0.662261	101855	0.0368912	0.962461	0.947234
case_11	136.0	2283828	0.827361	2261178	0.819156	36188	0.0131098	0.990082	0.984248
case_11	301.0	1895312	0.703037	1817304	0.674102	103705	0.0384678	0.958842	0.946015
case_11	136.0	2261323	0.813478	2235036	0.804022	37032	0.0133217	0.988375	0.983701
case_11	301.0	1908783	0.714337	1834399	0.6865	100744	0.0377021	0.961031	0.94794
case_11	996.0	903211	0.342001	594425	0.225079	356085	0.134831	0.658124	0.625375
case_11	997.0	912158	0.345464	598671	0.226736	389952	0.147688	0.656324	0.60556
case_11	997.0	912921	0.342666	603896	0.226673	390531	0.146586	0.661499	0.60728
case_11	996.0	894004	0.342926	590690	0.22658	349872	0.134206	0.660724	0.628018
case_11	136.0	2269737	0.815232	2244189	0.806055	37964	0.0136357	0.988744	0.983365
case_11	997.0	911833	0.347252	605480	0.230584	385417	0.146778	0.664025	0.611042
case_11	301.0	1908783	0.714337	1834399	0.6865	100744	0.0377021	0.961031	0.94794
case_11	301.0	1890889	0.702528	1814625	0.674194	104648	0.0388802	0.959668	0.945475
case_12	182.0	2009436	0.789909	1933757	0.76016	98178	0.0385938	0.962338	0.951683
case_12	258.0	1839309	0.714313	1687220	0.655248	159321	0.0618738	0.917312	0.913719
case_12	266.0	1863579	0.714731	1736440	0.66597	145458	0.0557869	0.931777	0.922707
case_12	182.0	2012701	0.790664	1937138	0.76098	98059	0.0385212	0.962457	0.951818
case_12	266.0	1884106	0.732802	1711718	0.665754	147685	0.0574404	0.908504	0.920574
case_12	182.0	2058846	0.796548	1976255	0.764595	103994	0.0402343	0.959885	0.950009
case_12	82.0	2191865	0.868727	2146409	0.850711	26242	0.0104008	0.979261	0.987922
case_12	2.0	2602458	0.998826	2602217	0.998734	241	9.24961e-05	0.999907	0.999907
case_12	258.0	1818878	0.709003	1652475	0.644138	143980	0.0561237	0.908513	0.919853
case_12	266.0	1837901	0.707469	1693750	0.651981	142128	0.0547098	0.921568	0.922583
case_12	266.0	1850319	0.723141	1729882	0.676072	150654	0.0588785	0.93491	0.919888
case_12	24.0	2499221	0.964004	2495463	0.962555	5112	0.00197181	0.998496	0.997956
case_12	258.0	1871495	0.723644	1723391	0.666377	158824	0.0614119	0.920863	0.915619
case_12	266.0	1854608	0.719557	1734184	0.672835	138610	0.0537784	0.935068	0.925988
case_12	26.0	2515840	0.966312	2511663	0.964708	6553	0.00251695	0.99834	0.997398
case_12	266.0	1834646	0.714454	1688863	0.657683	134400	0.0523385	0.920539	0.926286
case_12	182.0	1976183	0.780296	1895677	0.748508	98398	0.0388524	0.959262	0.950655
case_12	266.0	1883603	0.718834	1756464	0.670314	149279	0.0569689	0.932502	0.921669
case_12	266.0	1881977	0.71868	1754005	0.66981	148341	0.0566477	0.932001	0.922022
case_12	182.0	2056942	0.796335	1974387	0.764374	104030	0.0402747	0.959865	0.949947
case_12	258.0	1874135	0.724189	1726893	0.667293	158718	0.0613306	0.921435	0.915827
case_12	182.0	2026234	0.787886	1940257	0.754454	103073	0.0400792	0.957568	0.949556
case_12	258.0	1831843	0.725116	1678099	0.664258	151653	0.0600302	0.916071	0.917118
case_12	266.0	1886652	0.725342	1709430	0.657207	157585	0.0605851	0.906065	0.915595
case_12	24.0	2502619	0.964683	2498968	0.963275	5005	0.00192927	0.998541	0.998001
case_12	266.0	1874576	0.723662	1752782	0.676644	142258	0.0549173	0.935029	0.924931
case_12	266.0	1872950	0.723508	1750323	0.676138	141320	0.054591	0.934527	0.925292
case_12	266.0	1847437	0.730567	1723721	0.681644	144027	0.0569553	0.933034	0.922887
case_13	439.0	1623655	0.544574	1400729	0.469804	296387	0.0994081	0.862701	0.825358
case_13	78.0	2511068	0.901541	2491468	0.894505	23614	0.00847807	0.992195	0.990611
case_13	78.0	2519047	0.906237	2496700	0.898197	23299	0.0083819	0.991129	0.990754
case_13	0.0	2762791	1.0	2762791	1.0	0	0.0	1.0	1.0
case_13	439.0	1663814	0.562289	1444199	0.48807	279868	0.0945819	0.868005	0.83767
case_13	259.0	1903299	0.699437	1794373	0.659408	121757	0.044744	0.94277	0.936457
case_13	16.0	2754118	0.982844	2751738	0.981995	2034	0.00072586	0.999136	0.999261
case_13	134.0	2210643	0.838737	2184708	0.828897	60699	0.0230297	0.988268	0.972967
case_13	440.0	1640141	0.566565	1432983	0.495005	265190	0.0916064	0.873695	0.843838
case_13	259.0	1886516	0.706702	1799800	0.674218	109730	0.0411056	0.954034	0.942536
case_13	259.0	1895555	0.698034	1789469	0.658968	118055	0.0434735	0.944034	0.938111
case_13	259.0	1860292	0.697172	1763076	0.660739	114053	0.042743	0.947742	0.939241
case_13	259.0	1924221	0.706834	1822557	0.669489	125428	0.0460741	0.947166	0.935611
case_13	259.0	1913262	0.704264	1819587	0.669782	122198	0.0449806	0.951039	0.937069
case_13	259.0	1948700	0.721795	1859249	0.688663	111395	0.0412605	0.954097	0.943473
case_13	36.0	2551288	0.933697	2546012	0.931766	8783	0.00321432	0.997932	0.996562
case_13	78.0	2519047	0.906237	2496700	0.898197	23299	0.0083819	0.991129	0.990754
case_13	259.0	1934421	0.716804	1830208	0.678188	113430	0.0420317	0.946127	0.94164
case_13	36.0	2551288	0.933697	2546012	0.931766	8783	0.00321432	0.997932	0.996562
case_13	78.0	2511068	0.901541	2491468	0.894505	23614	0.00847807	0.992195	0.990611
case_13	439.0	1635786	0.558542	1412334	0.482244	278288	0.095022	0.863398	0.835393
case_13	439.0	1663814	0.562289	1444199	0.48807	279868	0.0945819	0.868005	0.83767
case_13	259.0	1934421	0.716804	1830208	0.678188	113430	0.0420317	0.946127	0.94164
case_13	440.0	1654956	0.571461	1436102	0.49589	278734	0.0962476	0.867758	0.837457
case_13	78.0	2417821	0.879417	2391830	0.869964	29735	0.0108153	0.98925	0.987721
case_13	259.0	1948700	0.721795	1859249	0.688663	111395	0.0412605	0.954097	0.943473
case_13	439.0	1623964	0.545707	1396564	0.469293	295370	0.0992543	0.859972	0.825425
case_13	78.0	2412402	0.875654	2387860	0.866746	30552	0.0110898	0.989827	0.987367
case_14	266.0	1836273	0.708208	1634351	0.630331	175435	0.0676612	0.890037	0.903063
case_14	266.0	1837974	0.707175	1636199	0.62954	174966	0.0673195	0.890219	0.903396
case_14	2.0	2557954	0.998147	2557953	0.998147	1	3.90213e-07	1.0	1.0
case_14	28.0	2581833	0.96052	2575763	0.958262	6403	0.00238211	0.997649	0.99752
case_14	6.0	2635732	0.993821	2635534	0.993746	198	7.46572e-05	0.999925	0.999925
case_14	226.0	2013351	0.770219	1936614	0.740863	141413	0.0540983	0.961886	0.931948
case_14	266.0	1925249	0.739445	1732928	0.665579	154164	0.0592109	0.900106	0.918306
case_14	226.0	2013084	0.76972	1936307	0.740363	142152	0.054353	0.961861	0.931607
case_14	266.0	1929060	0.73915	1734482	0.664595	154818	0.059321	0.899133	0.918055
case_14	66.0	2371887	0.934034	2363754	0.930831	22049	0.00868275	0.996571	0.990758
case_14	28.0	2453323	0.942425	2449284	0.940873	7789	0.00299208	0.998354	0.99683
case_14	266.0	1925529	0.744056	1732067	0.669299	145204	0.0561092	0.899528	0.922652
case_14	226.0	1901933	0.745299	1830713	0.71739	134366	0.0526532	0.962554	0.931623
case_14	266.0	1928780	0.738662	1734705	0.664337	154585	0.0592012	0.899379	0.918178
case_14	266.0	1865928	0.709835	1659787	0.631415	178527	0.0679152	0.889524	0.902885
case_14	226.0	1887222	0.746349	1822949	0.720931	123906	0.0490017	0.965943	0.936356
case_14	266.0	1959301	0.742308	1763508	0.668129	152930	0.0579396	0.90007	0.920201
case_14	226.0	2000341	0.771723	1929517	0.744399	130882	0.0504937	0.964594	0.936477
case_14	266.0	1920915	0.744054	1729470	0.669899	144626	0.0560199	0.900337	0.922829
case_14	66.0	2371879	0.933535	2363746	0.930334	22050	0.00867854	0.996571	0.990758
case_14	266.0	1924969	0.738955	1733151	0.66532	153931	0.0590909	0.900353	0.918429
case_14	266.0	1949164	0.732086	1750151	0.657339	178937	0.0672069	0.897898	0.907243
case_14	226.0	1902200	0.745797	1831641	0.718133	134364	0.0526802	0.962907	0.931656
case_14	266.0	1954798	0.746813	1761105	0.672814	144279	0.0551205	0.900914	0.924278
case_14	266.0	1977609	0.734592	1772398	0.658366	182084	0.067636	0.896233	0.906838
case_14	266.0	1959021	0.741823	1763731	0.667872	152697	0.0578218	0.900312	0.920322
case_14	28.0	2577772	0.961224	2572162	0.959132	6485	0.00241819	0.997824	0.997485
case_14	266.0	1946336	0.732729	1747874	0.658014	178476	0.0671901	0.898033	0.90735
case_15	102.0	2317633	0.893001	2285067	0.880453	31396	0.0120971	0.985949	0.986447
case_15	43.0	2450909	0.954018	2439091	0.949418	14196	0.0055258	0.995178	0.994213
case_15	101.0	2347428	0.897117	2317227	0.885575	28711	0.0109725	0.987134	0.987761
case_15	43.0	2457760	0.953787	2448281	0.950108	14689	0.00570038	0.996143	0.994036
case_15	61.0	2419766	0.900981	2402869	0.89469	14708	0.00547641	0.993017	0.993916
case_15	156.0	2180416	0.830909	2091170	0.796899	70616	0.0269102	0.959069	0.967334
case_15	101.0	2343698	0.896272	2313721	0.884808	31131	0.0119051	0.98721	0.986724
case_15	43.0	2435043	0.950209	2424357	0.946039	11132	0.00434396	0.995612	0.995429
case_15	155.0	2145950	0.828091	2056594	0.79361	76484	0.0295141	0.958361	0.964144
case_15	101.0	2330957	0.893587	2298745	0.881238	28600	0.010964	0.986181	0.987711
case_15	156.0	2137738	0.826646	2048641	0.792193	76146	0.0294451	0.958322	0.964163
case_15	101.0	2335886	0.894895	2301081	0.881561	26858	0.0102895	0.9851	0.988463
case_15	60.0	2440076	0.904097	2427985	0.899617	11735	0.00434805	0.995045	0.99519
case_15	14.0	2516986	0.984261	2515294	0.983599	1692	0.000661652	0.999328	0.999328
case_15	60.0	2456895	0.908175	2445086	0.90381	11960	0.00442094	0.995194	0.995132
case_15	102.0	2320418	0.890814	2293168	0.880352	30306	0.0116345	0.988256	0.986957
case_15	156.0	2128163	0.825435	2036998	0.790076	75243	0.029184	0.957163	0.964378
case_15	46.0	2486787	0.940922	2478935	0.937951	15555	0.00588552	0.996843	0.993764
case_15	43.0	2440963	0.949627	2432774	0.946441	12741	0.00495673	0.996645	0.99479
case_15	155.0	2159924	0.83143	2071640	0.797447	75662	0.0291249	0.959126	0.964764
case_15	61.0	2430506	0.902358	2415466	0.896774	16538	0.00613996	0.993812	0.9932
case_15	101.0	2363769	0.865342	2330627	0.853209	32183	0.0117817	0.985979	0.986379
case_15	102.0	2321028	0.891628	2293623	0.8811	32240	0.0123851	0.988193	0.986138
case_15	156.0	2178647	0.829699	2089754	0.795846	65290	0.0248645	0.959198	0.969704
case_15	22.0	2525785	0.978134	2520034	0.975907	6921	0.00268022	0.997723	0.997261
case_15	101.0	2352704	0.860757	2323534	0.850085	29262	0.0107058	0.987602	0.987563
case_15	102.0	2316538	0.891997	2285675	0.880113	30168	0.0116164	0.986677	0.986973
case_15	155.0	2172703	0.800406	2080430	0.766413	77920	0.0287051	0.957531	0.963898
case_16	66.0	2475514	0.932079	2466168	0.92856	14757	0.00555629	0.996225	0.994052
case_16	60.0	2505172	0.942395	2491486	0.937246	15350	0.00577436	0.994537	0.993877
case_16	60.0	2492267	0.94097	2474347	0.934204	14232	0.00537337	0.99281	0.994281
case_16	50.0	2501061	0.949732	2492723	0.946566	15683	0.00595533	0.996666	0.993748
case_16	251.0	1811227	0.725398	1705472	0.683043	124349	0.0498019	0.941611	0.932043
case_16	66.0	2464083	0.939236	2442008	0.930821	18493	0.00704898	0.991041	0.992484
case_16	251.0	1821159	0.717123	1735681	0.683464	123629	0.0486817	0.953064	0.933508
case_16	14.0	2644340	0.986317	2643036	0.985831	1468	0.000547552	0.999507	0.999445
case_16	44.0	2244288	0.938957	2239216	0.936835	14895	0.00623172	0.99774	0.993392
case_16	251.0	1799664	0.717909	1699467	0.677939	127253	0.0507628	0.944325	0.930338
case_16	60.0	2503306	0.943325	2485713	0.936695	13750	0.00518143	0.992972	0.994499
case_16	60.0	2477813	0.932856	2463467	0.927455	16180	0.00609151	0.99421	0.993475
case_16	251.0	1810072	0.714969	1723465	0.680759	119637	0.047256	0.952153	0.935089
case_16	251.0	1828210	0.726398	1722447	0.684375	126318	0.0501896	0.942149	0.931674
case_16	251.0	1803991	0.721807	1696952	0.678979	121212	0.0484989	0.940665	0.933333
case_16	60.0	2489083	0.935307	2475329	0.930139	15371	0.00577586	0.994474	0.993829
case_16	8.0	2659602	0.993714	2659209	0.993568	907	0.000338885	0.999852	0.999659
case_16	60.0	2492610	0.935017	2482386	0.931181	15934	0.00597709	0.995898	0.993622
case_16	66.0	2470583	0.931836	2459979	0.927836	13776	0.00519593	0.995708	0.994431
case_16	66.0	2452437	0.932117	2433153	0.924787	20197	0.00767643	0.992137	0.991768
case_16	251.0	1798476	0.713117	1710253	0.678136	120512	0.0477845	0.950946	0.934174
case_16	66.0	2459152	0.929308	2448288	0.925203	14585	0.00551164	0.995582	0.994078
case_16	251.0	1830079	0.724968	1731296	0.685836	132345	0.0524272	0.946023	0.928986
case_16	251.0	1824954	0.71718	1741481	0.684376	122660	0.0482035	0.95426	0.9342
case_16	251.0	1834744	0.729689	1726549	0.686659	126944	0.0504864	0.94103	0.931511
case_16	251.0	1802984	0.713465	1715722	0.678934	119701	0.0473673	0.951601	0.934783
case_16	251.0	1831718	0.718539	1749224	0.686179	122384	0.0480083	0.954964	0.93461
case_16	14.0	2655877	0.988743	2654900	0.98838	659	0.000245336	0.999632	0.999752
case_17	275.0	1844291	0.72067	1753052	0.685018	132070	0.0516073	0.950529	0.929941
case_17	24.0	2604591	0.975243	2603076	0.974676	1515	0.000567265	0.999418	0.999418
case_17	28.0	2551073	0.938862	2545872	0.936948	2027	0.000745989	0.997961	0.999204
case_17	0.0	2474337	1.0	2474337	1.0	0	0.0	1.0	1.0
case_17	275.0	1843315	0.71283	1754288	0.678402	133369	0.0515752	0.951703	0.929347
case_17	103.0	2282509	0.867167	2247965	0.854043	48988	0.0186114	0.984866	0.978673
case_17	274.0	1750248	0.687086	1651005	0.648127	144803	0.0568446	0.943298	0.919366
case_17	274.0	1750248	0.687086	1651005	0.648127	144803	0.0568446	0.943298	0.919366
case_17	274.0	1750979	0.6894	1655700	0.651886	144280	0.0568063	0.945585	0.919844
case_17	103.0	2252138	0.840779	2217152	0.827718	47613	0.0177751	0.984465	0.978977
case_17	103.0	2254750	0.844114	2221949	0.831834	49146	0.0183989	0.985452	0.97836
case_17	275.0	1844291	0.72067	1753052	0.685018	132070	0.0516073	0.950529	0.929941
case_17	275.0	1843315	0.71283	1754288	0.678402	133369	0.0515752	0.951703	0.929347
case_17	103.0	2289678	0.863562	2254857	0.850429	47237	0.0178156	0.984792	0.979481
case_17	18.0	2539010	0.974808	2535721	0.973545	4647	0.00178413	0.998705	0.998171
case_17	103.0	2283651	0.870076	2253818	0.85871	48311	0.0184066	0.986936	0.979015
case_17	274.0	1752703	0.690284	1661699	0.654443	143798	0.0566334	0.948078	0.920355
case_17	274.0	1750979	0.6894	1655700	0.651886	144280	0.0568063	0.945585	0.919844
case_17	275.0	1823966	0.700012	1734972	0.665857	134216	0.0515102	0.951209	0.928196
case_17	103.0	2287799	0.860423	2249002	0.845831	46183	0.0173691	0.983042	0.979878
case_17	103.0	2273745	0.851466	2232884	0.836165	46525	0.0174226	0.982029	0.979589
case_17	28.0	2546485	0.946502	2543294	0.945316	1860	0.000691343	0.998747	0.999269
case_17	275.0	1823966	0.700012	1734972	0.665857	134216	0.0515102	0.951209	0.928196
case_17	42.0	2478568	0.948599	2472410	0.946242	13758	0.00526547	0.997516	0.994466
case_17	103.0	2295484	0.865999	2258996	0.852233	45044	0.0169934	0.984104	0.98045
case_17	42.0	2482581	0.95041	2475234	0.947598	12785	0.0048945	0.997041	0.994861
case_17	274.0	1752703	0.690284	1661699	0.654443	143798	0.0566334	0.948078	0.920355
case_17	103.0	2287423	0.871765	2257953	0.860534	46118	0.0175761	0.987117	0.979984
case_18	56.0	2310799	0.934947	2299946	0.930556	25266	0.0102226	0.995303	0.989134
case_18	136.0	2047089	0.811759	2004426	0.794842	47176	0.0187073	0.979159	0.977005
case_18	136.0	2016868	0.801779	1973645	0.784596	49237	0.0195735	0.978569	0.97566
case_18	136.0	2045363	0.819267	2008582	0.804535	46287	0.0185402	0.982017	0.977474
case_18	56.0	2310799	0.934947	2299946	0.930556	25266	0.0102226	0.995303	0.989134
case_18	254.0	1927461	0.762689	1796637	0.710923	150411	0.0595171	0.932126	0.922749
case_18	36.0	2393751	0.942242	2388158	0.94004	8886	0.00349776	0.997663	0.996293
case_18	136.0	2009536	0.809797	1967510	0.792862	44663	0.0179982	0.979087	0.977804
case_18	4.0	2498723	0.996742	2498450	0.996633	273	0.0001089	0.999891	0.999891
case_18	136.0	2045363	0.819267	2008582	0.804535	46287	0.0185402	0.982017	0.977474
case_18	136.0	2037998	0.819187	1999878	0.803864	42425	0.017053	0.981295	0.979227
case_18	254.0	1839346	0.732532	1702545	0.67805	140213	0.0558408	0.925625	0.923911
case_18	136.0	2054828	0.812012	2013605	0.795722	55056	0.0217566	0.979938	0.973386
case_18	254.0	1928019	0.760279	1800405	0.709957	148777	0.0586675	0.933811	0.923672
case_18	136.0	2018715	0.802085	1975765	0.78502	48478	0.0192615	0.978724	0.976051
case_18	56.0	2313103	0.935371	2301493	0.930676	25077	0.0101406	0.994981	0.989221
case_18	136.0	2009536	0.809797	1967510	0.792862	44663	0.0179982	0.979087	0.977804
case_18	36.0	2426905	0.952929	2418604	0.949669	6351	0.00249373	0.99658	0.997381
case_18	0.0	2437621	1.0	2437621	1.0	0	0.0	1.0	1.0
case_18	136.0	2048936	0.812059	2006546	0.795259	46417	0.0183966	0.979311	0.97739
case_18	136.0	2037998	0.819187	1999878	0.803864	42425	0.017053	0.981295	0.979227
case_18	28.0	2422381	0.956805	2418577	0.955303	6001	0.00237031	0.99843	0.997525
case_18	254.0	1903593	0.755128	1774792	0.704034	145165	0.0575848	0.932338	0.924392
case_18	254.0	1841045	0.732816	1704342	0.678403	140037	0.0557408	0.925747	0.924074
case_18	254.0	1821244	0.735268	1690737	0.68258	139766	0.0564259	0.928342	0.923646
case_18	136.0	2056675	0.812311	2015725	0.796137	54297	0.0214453	0.980089	0.97377
case_18	254.0	1821244	0.735268	1690737	0.68258	139766	0.0564259	0.928342	0.923646
case_18	56.0	2313103	0.935371	2301493	0.930676	25077	0.0101406	0.994981	0.989221
case_19	300.0	1760019	0.697979	1655868	0.656675	118581	0.0470262	0.940824	0.933173
case_19	300.0	1613269	0.667942	1515088	0.627292	112120	0.0464211	0.939142	0.931097
case_19	300.0	1764092	0.692191	1654419	0.649157	128517	0.0504272	0.93783	0.927918
case_19	300.0	1819602	0.698989	1717086	0.659609	131359	0.0504608	0.94366	0.928935
case_19	170.0	2172110	0.815292	2121940	0.796461	87172	0.0327196	0.976903	0.96054
case_19	300.0	1788719	0.697132	1675165	0.652876	126772	0.0494079	0.936517	0.929647
case_19	300.0	1802524	0.686859	1701270	0.648276	133864	0.0510094	0.943827	0.927055
case_19	44.0	2188774	0.9046	2183237	0.902312	5663	0.00234047	0.99747	0.997413
case_19	52.0	2387323	0.924382	2369621	0.917528	14084	0.00545339	0.992585	0.994092
case_19	52.0	2394470	0.936695	2378766	0.930552	17667	0.00691117	0.993442	0.992628
case_19	14.0	2256865	0.940951	2256163	0.940659	702	0.000292684	0.999689	0.999689
case_19	6.0	2520563	0.988287	2520183	0.988138	380	0.000148994	0.999849	0.999849
case_19	44.0	2390657	0.946452	2385026	0.944223	7325	0.00289994	0.997645	0.996938
case_19	52.0	2371818	0.932229	2354298	0.925343	15315	0.00601947	0.992613	0.993537
case_19	28.0	2474283	0.955884	2468872	0.953794	11730	0.00453162	0.997813	0.995271
case_19	170.0	2129059	0.812624	2091792	0.7984	76231	0.029096	0.982496	0.964838
case_19	300.0	1672964	0.670022	1576170	0.631256	125674	0.0503325	0.942142	0.926154
case_19	300.0	1743048	0.68551	1645570	0.647173	121139	0.0476418	0.944076	0.931432
case_19	52.0	2409632	0.928686	2394746	0.922949	16491	0.00635573	0.993822	0.993161
case_19	300.0	1627976	0.670685	1529158	0.629974	112141	0.0461992	0.9393	0.931675
case_19	300.0	1638021	0.676549	1528177	0.63118	121299	0.0500999	0.932941	0.926462
case_19	300.0	1775632	0.686384	1667622	0.644632	126406	0.0488632	0.939171	0.929541
case_19	300.0	1780602	0.704504	1665749	0.659062	128509	0.0508452	0.935498	0.928378
case_19	300.0	1648116	0.670098	1537481	0.625116	119563	0.0486124	0.932872	0.927846
case_19	170.0	2149281	0.816586	2110449	0.801833	79242	0.0301068	0.981933	0.963811
case_19	170.0	2155418	0.820849	2102888	0.800844	86691	0.0330146	0.975629	0.960407
case_19	300.0	1756613	0.687585	1658343	0.64912	120471	0.0471556	0.944057	0.932275
case_19	300.0	1774727	0.700464	1670178	0.659199	118807	0.0468917	0.94109	0.93359
case_1	373.0	1686065	0.643191	1515577	0.578154	156773	0.0598049	0.898884	0.906256
case_1	296.0	1848171	0.735638	1745085	0.694606	183486	0.0730339	0.944223	0.904859
case_1	373.0	1691449	0.64686	1517652	0.580395	159808	0.0611153	0.89725	0.904732
case_1	36.0	2625168	0.959385	2622112	0.958268	4957	0.00181157	0.998836	0.998113
case_1	373.0	1699038	0.626322	1526659	0.562778	161864	0.0596685	0.898543	0.904139
case_1	373.0	1705845	0.625974	1535025	0.56329	153236	0.0562312	0.899862	0.909234
case_1	28.0	2658837	0.974019	2657437	0.973506	2758	0.00101035	0.999473	0.998963
case_1	140.0	2190954	0.84338	2163278	0.832726	55626	0.0214125	0.987368	0.974931
case_1	373.0	1621278	0.609758	1438718	0.541098	148676	0.0559166	0.887397	0.90634
case_1	296.0	1808121	0.709118	1705253	0.668775	190144	0.0745716	0.943108	0.899681
case_1	373.0	1681006	0.644304	1506982	0.577603	166125	0.0636732	0.896476	0.900709
case_1	373.0	1611120	0.608773	1429295	0.540069	157389	0.0594705	0.887144	0.900806
case_1	2.0	2700506	0.999182	2700504	0.999182	2	7.39996e-07	0.999999	0.999999
case_1	296.0	1891760	0.72281	1798522	0.687186	202887	0.0775198	0.950714	0.898628
case_1	373.0	1693807	0.641687	1517132	0.574755	190878	0.0723128	0.895694	0.888245
case_1	373.0	1706370	0.627399	1534520	0.564213	155847	0.0573019	0.899289	0.907803
case_1	373.0	1695178	0.643803	1516056	0.575775	194153	0.0737363	0.894334	0.886474
case_1	16.0	2524602	0.957992	2524178	0.957831	424	0.000160892	0.999832	0.999832
case_1	36.0	2639846	0.962695	2636993	0.961655	4677	0.0017056	0.998919	0.99823
case_1	373.0	1621069	0.611184	1438232	0.54225	151663	0.0571808	0.887212	0.904608
case_1	140.0	2089074	0.825196	2046984	0.80857	57685	0.0227859	0.979852	0.972592
case_1	296.0	1892776	0.723529	1799540	0.687888	202885	0.0775544	0.950741	0.89868
case_1	373.0	1707385	0.628048	1535538	0.564835	155845	0.0573263	0.899351	0.907859
case_1	373.0	1683713	0.640869	1504659	0.572716	202229	0.0769741	0.893655	0.881522
case_1	140.0	2189984	0.842619	2162307	0.83197	55628	0.0214035	0.987362	0.974919
case_1	373.0	1698022	0.625672	1525641	0.562155	161866	0.059643	0.898481	0.90408
case_1	16.0	2523587	0.957174	2523161	0.957012	426	0.000161578	0.999831	0.999831
case_1	373.0	1704830	0.625328	1534007	0.56267	153238	0.0562074	0.899801	0.909179
case_20	161.0	1586449	0.834	1546872	0.813195	64941	0.0341397	0.975053	0.959709
case_20	645.0	1034385	0.450251	845115	0.367865	253680	0.110423	0.817022	0.769129
case_20	645.0	1021963	0.457951	830499	0.372155	253404	0.113553	0.812651	0.766212
case_20	161.0	1585065	0.83659	1552970	0.81965	63147	0.0333287	0.979752	0.960927
case_20	46.0	2429590	0.922116	2425939	0.92073	7066	0.0026818	0.998497	0.997096
case_20	646.0	1028318	0.448321	841443	0.366848	249416	0.108739	0.818271	0.771358
case_20	64.0	1724308	0.912911	1717625	0.909373	13809	0.00731099	0.996124	0.992025
case_20	27.0	1863195	0.971377	1859899	0.969659	2337	0.0012184	0.998231	0.998745
case_20	646.0	1034836	0.450345	825548	0.359266	260257	0.11326	0.797757	0.76031
case_20	64.0	1747199	0.91876	1742501	0.91629	12656	0.00665513	0.997311	0.992789
case_20	26.0	1839152	0.970964	1835633	0.969106	5500	0.00290368	0.998087	0.997013
case_20	645.0	1027126	0.458715	838193	0.374337	249786	0.111554	0.816057	0.770413
case_20	645.0	1031483	0.450036	842585	0.36762	245795	0.10724	0.816868	0.774164
case_20	65.0	1736037	0.914642	1731168	0.912077	11269	0.00593714	0.997195	0.993533
case_20	27.0	1842679	0.967181	1838323	0.964895	4147	0.00217667	0.997636	0.997749
case_20	22.0	1856262	0.969603	1854572	0.968721	671	0.000350491	0.99909	0.999638
case_20	162.0	1606294	0.843676	1572570	0.825963	57644	0.0302764	0.979005	0.96464
case_20	27.0	1847572	0.97067	1843208	0.968377	2384	0.0012525	0.997638	0.998708
case_20	645.0	1026694	0.449425	836580	0.366205	251516	0.110099	0.814829	0.768848
case_20	161.0	1608218	0.843074	1573695	0.824976	62973	0.0330122	0.978533	0.961524
case_20	27.0	1825596	0.965664	1822028	0.963777	4535	0.00239883	0.998046	0.997517
case_20	646.0	1023840	0.456899	834954	0.372607	251321	0.112154	0.815512	0.76864
case_20	65.0	1749321	0.914559	1745900	0.912771	11383	0.00595113	0.998044	0.993522
case_20	646.0	1027329	0.455468	838601	0.371796	259011	0.114833	0.816293	0.764023
case_20	645.0	1030952	0.459326	838319	0.373501	255800	0.113968	0.81315	0.766205
case_20	646.0	1032089	0.4471	846405	0.366662	256139	0.110959	0.820089	0.767684
case_20	646.0	1028725	0.458227	821987	0.366139	259414	0.115551	0.799035	0.760113
case_20	162.0	1606682	0.837415	1575012	0.820909	59321	0.0309186	0.980289	0.963703
case_21	167.0	2109003	0.82419	2054005	0.802697	70905	0.0277094	0.973922	0.966632
case_21	53.0	2386679	0.927553	2367902	0.920255	13630	0.00529713	0.992133	0.994277
case_21	16.0	2469453	0.977775	2466952	0.976785	2501	0.000990266	0.998987	0.998987
case_21	10.0	2545016	0.988849	2543035	0.988079	1981	0.000769704	0.999222	0.999222
case_21	166.0	2101429	0.823038	2038776	0.7985	65495	0.0256515	0.970186	0.968875
case_21	168.0	2144915	0.834986	2087508	0.812638	74309	0.0289275	0.973236	0.965627
case_21	168.0	2170799	0.837047	2121234	0.817935	71199	0.0274539	0.977167	0.967525
case_21	167.0	2144638	0.834829	2085304	0.811732	71634	0.0278845	0.972334	0.966789
case_21	167.0	2138068	0.834146	2074710	0.809427	70701	0.0275833	0.970367	0.967045
case_21	166.0	2089584	0.820719	2028755	0.796827	63342	0.0248786	0.970889	0.969723
case_21	38.0	2465280	0.954418	2455108	0.95048	13091	0.0050681	0.995874	0.994696
case_21	23.0	2528539	0.980305	2526719	0.9796	1820	0.000705607	0.99928	0.99928
case_21	40.0	2374500	0.931469	2366087	0.928168	15026	0.0058944	0.996457	0.99369
case_21	53.0	2364675	0.923663	2344399	0.915743	14761	0.00576578	0.991425	0.993743
case_21	53.0	2363232	0.927304	2336220	0.916705	17323	0.00679734	0.98857	0.99264
case_21	166.0	2107169	0.823425	2048769	0.800604	66672	0.0260536	0.972285	0.968483
case_21	40.0	2350623	0.926824	2342469	0.923609	16222	0.00639615	0.996531	0.993122
case_21	167.0	2091345	0.821459	2033973	0.798924	66035	0.0259379	0.972567	0.968555
case_21	166.0	2132038	0.831565	2064905	0.805381	70152	0.0273616	0.968512	0.967143
case_21	166.0	2083844	0.820324	2018762	0.794704	62165	0.0244718	0.968768	0.970126
case_21	167.0	2169216	0.836388	2116554	0.816083	68431	0.0263851	0.975723	0.968681
case_21	23.0	2522611	0.980201	2518356	0.978547	2896	0.00112529	0.998313	0.998851
case_21	53.0	2406066	0.93124	2388453	0.924423	22262	0.00861625	0.99268	0.990765
case_21	167.0	2163562	0.836069	2106486	0.814013	67496	0.0260826	0.973619	0.968953
case_21	53.0	2335903	0.921276	2311265	0.911559	17367	0.00684951	0.989452	0.992542
case_21	53.0	2388325	0.933258	2364396	0.923908	24951	0.00974981	0.989981	0.989557
case_21	166.0	2137692	0.831897	2074898	0.80746	71329	0.0277582	0.970625	0.966765
case_21	167.0	2140114	0.832888	2080783	0.809798	75132	0.0292398	0.972277	0.965151
case_22	70.0	2382181	0.923621	2369616	0.91875	12771	0.00495158	0.994725	0.994639
case_22	719.0	1190624	0.410763	892483	0.307905	307578	0.106114	0.749593	0.743698
case_22	719.0	1173149	0.419699	876039	0.313407	301008	0.107687	0.746741	0.744268
case_22	719.0	1182559	0.434825	907119	0.333546	308326	0.113371	0.767081	0.746327
case_22	719.0	1173149	0.419699	876039	0.313407	301008	0.107687	0.746741	0.744268
case_22	44.0	2903683	0.927643	2894564	0.92473	12735	0.00406847	0.99686	0.99562
case_22	719.0	1175771	0.420358	879217	0.314335	304614	0.108905	0.747779	0.742688
case_22	96.0	2581604	0.874755	2545947	0.862673	33456	0.0113363	0.986188	0.98703
case_22	719.0	1185430	0.433399	909362	0.332467	324578	0.118667	0.767116	0.736958
case_22	719.0	1181582	0.418608	880289	0.311866	315947	0.111933	0.745009	0.735882
case_22	0.0	2563604	1.0	2563604	1.0	0	0.0	1.0	1.0
case_22	719.0	1200056	0.410135	894044	0.305551	320785	0.109633	0.745002	0.735942
case_22	68.0	2409044	0.924205	2405475	0.922836	12282	0.00471186	0.998518	0.99492
case_22	96.0	2589763	0.876967	2554841	0.865142	34236	0.0115933	0.986515	0.986777
case_22	719.0	1187500	0.407496	891729	0.306001	319507	0.10964	0.75093	0.736214
case_22	96.0	2618092	0.857103	2594801	0.849478	26138	0.00855698	0.991104	0.990027
case_22	4.0	3015609	0.995685	3015185	0.995545	424	0.000139995	0.999859	0.999859
case_22	70.0	2382181	0.923621	2369616	0.91875	12771	0.00495158	0.994725	0.994639
case_22	719.0	1167057	0.414933	875294	0.3112	315800	0.112279	0.750001	0.734866
case_22	719.0	1184203	0.41926	883467	0.312786	319553	0.113136	0.746044	0.734374
case_22	719.0	1195967	0.435363	911191	0.331697	327391	0.119179	0.761886	0.735673
case_22	719.0	1175771	0.420358	879217	0.314335	304614	0.108905	0.747779	0.742688
case_22	44.0	2910454	0.929254	2900663	0.926128	12913	0.00412288	0.996636	0.995568
case_22	719.0	1182559	0.434825	907119	0.333546	308326	0.113371	0.767081	0.746327
case_22	719.0	1190624	0.410763	892483	0.307905	307578	0.106114	0.749593	0.743698
case_22	719.0	1164437	0.414275	872116	0.310275	312194	0.11107	0.748959	0.736392
case_22	70.0	2357352	0.909809	2345077	0.905072	10815	0.004174	0.994793	0.995409
case_22	70.0	2357352	0.909809	2345077	0.905072	10815	0.004174	0.994793	0.995409
case_23	890.0	1106252	0.407935	762460	0.281161	428400	0.157974	0.689228	0.64026
case_23	67.0	2191939	0.896928	2179189	0.891711	18370	0.00751689	0.994183	0.991641
case_23	4.0	2891843	0.997654	2891778	0.997632	65	2.24243e-05	0.999978	0.999978
case_23	889.0	1013545	0.392483	677458	0.262337	383639	0.14856	0.668404	0.638451
case_23	6.0	2508396	0.994884	2508160	0.994791	236	9.36027e-05	0.999906	0.999906
case_23	890.0	1106705	0.408664	759279	0.280373	426495	0.157488	0.686072	0.640324
case_23	890.0	1107791	0.408963	759276	0.280302	429210	0.158451	0.685396	0.63886
case_23	889.0	1098901	0.411814	753840	0.282502	425693	0.159529	0.685994	0.6391
case_23	145.0	2080928	0.841203	2042152	0.825528	44489	0.0179844	0.981366	0.978679
case_23	24.0	2194959	0.935074	2190936	0.933361	5824	0.00248108	0.998167	0.997349
case_23	67.0	2187080	0.896058	2173752	0.890597	18423	0.007548	0.993906	0.991596
case_23	145.0	2097797	0.84533	2059234	0.82979	45627	0.0183859	0.981617	0.978323
case_23	890.0	1105166	0.407637	762463	0.281232	425685	0.157012	0.689908	0.641724
case_23	145.0	2092096	0.844069	2052703	0.828176	45345	0.0182947	0.981171	0.978387
case_23	889.0	1012355	0.392125	677459	0.262407	384657	0.148993	0.669191	0.637839
case_23	24.0	2204910	0.937385	2202539	0.936377	3384	0.00143866	0.998925	0.998466
case_23	145.0	1935629	0.808228	1899002	0.792934	43288	0.018075	0.981077	0.977713
case_23	144.0	2015186	0.83927	1986182	0.827191	32146	0.0133879	0.985607	0.984073
case_23	889.0	1054058	0.400582	716678	0.272365	397694	0.151139	0.679923	0.643123
case_23	889.0	1102292	0.41298	753837	0.282429	426682	0.159859	0.683881	0.638564
case_23	889.0	1096551	0.411678	748984	0.281191	421964	0.158418	0.683036	0.639639
case_23	145.0	1930270	0.807018	1891552	0.79083	43021	0.0179865	0.979942	0.977762
case_23	144.0	2003856	0.836234	1974166	0.823844	31352	0.0130836	0.985184	0.984367
case_23	145.0	2088070	0.843051	2049542	0.827495	44697	0.0180463	0.981549	0.978657
case_23	8.0	2408023	0.989291	2407384	0.989028	1996	0.000820019	0.999735	0.999172
case_23	889.0	1099942	0.412846	748981	0.281118	422953	0.158749	0.680928	0.639098
case_23	144.0	1877753	0.811338	1846099	0.797661	30386	0.0131292	0.983143	0.983807
case_23	889.0	1051380	0.399667	716681	0.272436	393623	0.14963	0.681657	0.645482
case_24	254.0	1340784	0.591884	1284047	0.566838	103273	0.0455895	0.957684	0.925559
case_24	428.0	1244957	0.524907	1097078	0.462557	245761	0.103619	0.881218	0.816984
case_24	14.0	2322769	0.984844	2321884	0.984469	885	0.000375236	0.999619	0.999619
case_24	254.0	1348164	0.596261	1291155	0.571047	102568	0.0453634	0.957714	0.926407
case_24	14.0	2323448	0.984564	2322714	0.984253	734	0.000311033	0.999684	0.999684
case_24	428.0	1461104	0.595221	1205018	0.490897	256777	0.104605	0.824731	0.824341
case_24	428.0	1469129	0.594643	1214383	0.491532	260346	0.105377	0.826601	0.823462
case_24	24.0	2280534	0.971165	2276394	0.969402	3778	0.00160886	0.998185	0.998343
case_24	428.0	1461438	0.595027	1207469	0.491623	255584	0.104062	0.82622	0.825308
case_24	24.0	2303389	0.97487	2298369	0.972745	5539	0.00234429	0.997821	0.997596
case_24	2.0	2173992	0.998126	2172817	0.997587	1175	0.000539468	0.99946	0.99946
case_24	428.0	1246314	0.525179	1098285	0.462802	245413	0.103414	0.881227	0.81736
case_24	2.0	2339238	0.997972	2339085	0.997906	153	6.52732e-05	0.999935	0.999935
case_24	254.0	1349525	0.596861	1293984	0.572297	102459	0.0453151	0.958844	0.926629
case_24	254.0	1340786	0.592239	1285457	0.567799	103224	0.0455951	0.958734	0.925668
case_24	24.0	2239229	0.955796	2233086	0.953174	3097	0.00132193	0.997257	0.998615
case_24	254.0	1311427	0.580322	1249380	0.552865	97584	0.0431821	0.952687	0.927553
case_24	254.0	1349523	0.596503	1292574	0.571331	102508	0.0453096	0.957801	0.926522
case_24	254.0	1348166	0.596619	1292565	0.572014	102519	0.0453689	0.958758	0.926514
case_24	254.0	1359386	0.597031	1299091	0.57055	103901	0.0456324	0.955645	0.925943
case_24	428.0	1432443	0.583831	1180472	0.481134	251285	0.102418	0.824097	0.824492
case_24	254.0	1359388	0.597387	1300501	0.571509	103852	0.045638	0.956681	0.92605
case_24	428.0	1456267	0.592225	1196167	0.486449	258589	0.105161	0.821393	0.822246
case_24	254.0	1311429	0.580671	1250790	0.553821	97535	0.0431863	0.953761	0.927662
case_24	24.0	2238550	0.956061	2232256	0.953373	3248	0.00138719	0.997188	0.998547
case_24	24.0	2266638	0.961535	2256706	0.957322	4990	0.00211682	0.995618	0.997794
case_24	24.0	2279855	0.971439	2275564	0.969611	3929	0.00167413	0.998118	0.998276
case_24	24.0	2239668	0.954805	2235698	0.953112	6270	0.002673	0.998227	0.997203
case_25	467.0	1400553	0.567147	1166094	0.472204	253585	0.102688	0.832595	0.821379
case_25	466.0	1460478	0.591172	1245861	0.5043	237945	0.0963154	0.85305	0.839639
case_25	10.0	2454005	0.984258	2453428	0.984027	577	0.000231425	0.999765	0.999765
case_25	467.0	1392364	0.570306	1163392	0.47652	243308	0.0996578	0.835552	0.827036
case_25	254.0	1875035	0.755392	1813732	0.730695	157081	0.0632829	0.967306	0.920296
case_25	466.0	1460995	0.589838	1242020	0.501433	236761	0.095586	0.850119	0.839894
case_25	196.0	2011241	0.787947	1959452	0.767658	99206	0.0388661	0.97425	0.95181
case_25	18.0	2398801	0.967047	2397453	0.966503	1347	0.000543026	0.999438	0.999438
case_25	151.0	2020626	0.822146	1998537	0.813159	73116	0.0297492	0.989068	0.964706
case_25	151.0	2026826	0.822505	1999493	0.811413	73993	0.0300271	0.986514	0.964315
case_25	20.0	2381150	0.981447	2379570	0.980796	1580	0.000651234	0.999336	0.999336
case_25	151.0	2018355	0.819913	1989072	0.808018	79719	0.0323841	0.985492	0.961466
case_25	466.0	1457215	0.569721	1231849	0.481611	270577	0.105786	0.845345	0.819907
case_25	466.0	1461678	0.583509	1234056	0.492641	248675	0.0992723	0.844273	0.832286
case_25	467.0	1389206	0.569605	1159754	0.475525	246772	0.101182	0.834832	0.824552
case_25	197.0	2004776	0.797299	1946478	0.774114	104161	0.0414248	0.97092	0.949206
case_25	196.0	2013547	0.790853	1962066	0.770633	98786	0.0387998	0.974433	0.952065
case_25	467.0	1391101	0.564279	1170810	0.474922	253809	0.102954	0.841643	0.821841
case_25	151.0	2010650	0.818934	1988116	0.809756	78842	0.0321122	0.988793	0.961856
case_25	254.0	1872240	0.746335	1814843	0.723455	164380	0.0655272	0.969343	0.916947
case_25	467.0	1401690	0.568192	1168606	0.473709	254635	0.103219	0.833712	0.821088
case_25	466.0	1454359	0.58209	1237320	0.495223	247946	0.0992374	0.850767	0.833063
case_25	466.0	1466489	0.579701	1235177	0.488264	262694	0.103843	0.842268	0.824622
case_25	466.0	1466994	0.58602	1255760	0.501638	244944	0.0978477	0.856009	0.836781
case_25	197.0	2011272	0.799075	1956764	0.777419	107661	0.0427735	0.972899	0.947849
case_25	466.0	1469994	0.575091	1252008	0.48981	269991	0.105626	0.85171	0.822608
case_25	467.0	1392340	0.5642	1174254	0.475828	249524	0.101111	0.843367	0.824745
case_25	466.0	1467108	0.587583	1260456	0.504818	246227	0.0986149	0.859143	0.836577
case_26	307.0	1741065	0.579256	1570007	0.522345	132507	0.0440853	0.901751	0.92217
case_26	155.0	2082241	0.809488	2031853	0.789899	88528	0.034416	0.975801	0.958249
case_26	307.0	1630240	0.662022	1489257	0.604771	132851	0.0539493	0.91352	0.9181
case_26	277.0	1918431	0.734326	1785122	0.683299	139024	0.0532148	0.930511	0.927748
case_26	306.0	1628768	0.55085	1479627	0.50041	136754	0.0462502	0.908433	0.915395
case_26	307.0	1642987	0.663424	1491442	0.602232	138265	0.0558303	0.907763	0.91516
case_26	155.0	2122155	0.820159	2069401	0.799771	93613	0.036179	0.975141	0.956721
case_26	111.0	2093974	0.723376	2064336	0.713137	29758	0.0102801	0.985846	0.98579
case_26	42.0	2471841	0.952218	2463537	0.949019	10410	0.0040102	0.996641	0.995792
case_26	48.0	2370696	0.933849	2360606	0.929875	14059	0.00553803	0.995744	0.99408
case_26	307.0	1707908	0.6846	1503787	0.60278	155856	0.0624735	0.880485	0.906091
case_26	308.0	1727361	0.687814	1569975	0.625144	130835	0.0520969	0.908886	0.923075
case_26	276.0	1851011	0.722024	1702564	0.664119	163730	0.0638662	0.919802	0.91227
case_26	277.0	1928920	0.740602	1799500	0.690911	139624	0.0536081	0.932905	0.927996
case_26	307.0	1615724	0.656445	1471213	0.597732	129508	0.0526172	0.91056	0.919094
case_26	34.0	2283300	0.951212	2279650	0.949691	9540	0.00397432	0.998401	0.995833
case_26	276.0	1861726	0.72847	1708209	0.668401	162886	0.0637352	0.91754	0.912946
case_26	307.0	1696180	0.680223	1484431	0.595305	158559	0.0635873	0.875161	0.903494
case_26	276.0	1886881	0.731678	1746781	0.677351	168688	0.0654124	0.92575	0.911934
case_26	307.0	1695898	0.67762	1482311	0.592278	152334	0.0608672	0.874057	0.906809
case_26	306.0	1695525	0.565733	1468990	0.490147	154679	0.0516106	0.866392	0.904735
case_26	111.0	2108512	0.728099	2087883	0.720975	22868	0.00789664	0.990216	0.989166
case_26	276.0	1892564	0.736159	1752565	0.681703	167484	0.065147	0.926027	0.912771
case_26	306.0	1701280	0.569168	1489818	0.498423	155734	0.0521012	0.875704	0.905361
case_26	307.0	1658156	0.669228	1511051	0.609857	140127	0.056555	0.911284	0.915135
case_26	306.0	1662154	0.559266	1502978	0.505708	137093	0.0461278	0.904235	0.91641
case_26	307.0	1687117	0.674432	1464450	0.58542	155640	0.0622177	0.868019	0.903931
case_26	308.0	1717352	0.684152	1551834	0.618214	130103	0.0518299	0.90362	0.922647
case_27	182.0	2117032	0.816458	2033721	0.784328	72799	0.0280758	0.960647	0.965441
case_27	122.0	2222564	0.862039	2177584	0.844593	41772	0.0162016	0.979762	0.981178
case_27	182.0	2104908	0.804906	2031408	0.7768	75922	0.0290322	0.965082	0.963972
case_27	182.0	2117060	0.798756	2039497	0.769492	78554	0.029638	0.963363	0.962912
case_27	44.0	2189847	0.889384	2183640	0.886863	13339	0.0054175	0.997166	0.993928
case_27	182.0	1872252	0.764958	1785842	0.729653	86374	0.0352904	0.953847	0.953865
case_27	182.0	2120263	0.80842	2019022	0.769819	89883	0.0342709	0.952251	0.957379
case_27	74.0	2112561	0.840839	2094479	0.833642	24466	0.00973793	0.991441	0.988454
case_27	6.0	2550110	0.994256	2550004	0.994214	106	4.13281e-05	0.999958	0.999958
case_27	18.0	2615822	0.965321	2615096	0.965053	726	0.000267917	0.999722	0.999722
case_27	74.0	2411212	0.906622	2398022	0.901663	24788	0.00932035	0.99453	0.989769
case_27	74.0	2422905	0.901497	2408995	0.896322	24885	0.00925903	0.994259	0.989776
case_27	58.0	2407758	0.942095	2397286	0.937997	19678	0.0076995	0.995651	0.991858
case_27	122.0	2220529	0.858831	2176834	0.841931	47057	0.0182002	0.980322	0.97884
case_27	182.0	1859853	0.769251	1784343	0.738019	71900	0.0297384	0.9594	0.961266
case_27	74.0	2102342	0.846233	2084488	0.839046	24992	0.0100598	0.991508	0.988153
case_27	182.0	2116856	0.800873	2051157	0.776017	76123	0.0287997	0.968964	0.964216
case_27	182.0	2107745	0.803198	2022120	0.770569	77906	0.0296876	0.959376	0.962902
case_27	182.0	2102547	0.801778	2020079	0.77033	77968	0.029732	0.960777	0.962838
case_27	182.0	2140032	0.800622	2040394	0.763345	93783	0.0350858	0.953441	0.956057
case_27	182.0	2119818	0.815249	2029571	0.780542	79046	0.0303999	0.957427	0.962513
case_27	122.0	2224307	0.859683	2181231	0.843034	47464	0.0183446	0.980634	0.978703
case_27	182.0	2102121	0.794791	2004435	0.757857	88356	0.0334065	0.95353	0.957781
case_27	58.0	2410064	0.942321	2400167	0.938451	19612	0.00766818	0.995893	0.991895
case_27	182.0	1866593	0.769145	1784745	0.735419	76623	0.0315732	0.956151	0.958835
case_27	182.0	1863688	0.768529	1781329	0.734567	76702	0.0316296	0.955809	0.958719
case_27	182.0	2121906	0.800031	2042769	0.770193	78489	0.029593	0.962705	0.962999
case_27	182.0	2122430	0.815679	2031611	0.780776	78984	0.0303546	0.95721	0.962577
case_28	610.0	1311788	0.517526	1027922	0.405535	298529	0.117776	0.783604	0.774942
case_28	610.0	1316540	0.519434	1026580	0.405032	301754	0.119056	0.779756	0.772833
case_28	610.0	1312937	0.517026	1029274	0.405321	298347	0.117487	0.783948	0.775277
case_28	110.0	2299921	0.877755	2282116	0.87096	40260	0.0153651	0.992258	0.982664
case_28	610.0	1311788	0.517526	1027922	0.405535	298529	0.117776	0.783604	0.774942
case_28	110.0	2305472	0.878307	2285183	0.870578	40929	0.0155926	0.9912	0.982405
case_28	110.0	2305472	0.878307	2285183	0.870578	40929	0.0155926	0.9912	0.982405
case_28	24.0	2527647	0.975121	2524729	0.973996	4967	0.00191618	0.998846	0.998037
case_28	10.0	2568275	0.990732	2567848	0.990567	427	0.000164719	0.999834	0.999834
case_28	138.0	2106900	0.811806	2087465	0.804317	33847	0.0130415	0.990776	0.984044
case_28	24.0	2527647	0.975121	2524729	0.973996	4967	0.00191618	0.998846	0.998037
case_28	110.0	2299921	0.877755	2282116	0.87096	40260	0.0153651	0.992258	0.982664
case_28	24.0	2525119	0.975906	2522154	0.97476	5014	0.00193781	0.998826	0.998016
case_28	610.0	1312937	0.517026	1029274	0.405321	298347	0.117487	0.783948	0.775277
case_28	0.0	2596974	1.0	2596974	1.0	0	0.0	1.0	1.0
case_28	610.0	1331336	0.518568	1046737	0.407714	315386	0.122846	0.786231	0.76846
case_28	610.0	1318328	0.496939	1039422	0.391806	279482	0.10535	0.78844	0.788095
case_28	610.0	1317331	0.497439	1037852	0.391905	279667	0.105605	0.787845	0.787732
case_28	10.0	2568275	0.990732	2567848	0.990567	427	0.000164719	0.999834	0.999834
case_28	110.0	2294427	0.875713	2274785	0.868217	42426	0.0161927	0.991439	0.981691
case_28	0.0	2587627	1.0	2587627	1.0	0	0.0	1.0	1.0
case_28	610.0	1321915	0.499201	1036341	0.391359	283152	0.106928	0.783969	0.785408
case_28	24.0	2525119	0.975906	2522154	0.97476	5014	0.00193781	0.998826	0.998016
case_28	610.0	1318328	0.496939	1039422	0.391806	279482	0.10535	0.78844	0.788095
case_28	10.0	2568275	0.990732	2567848	0.990567	427	0.000164719	0.999834	0.999834
case_28	610.0	1343001	0.500965	1059545	0.395231	300285	0.112012	0.788938	0.779175
case_28	10.0	2568275	0.990732	2567848	0.990567	427	0.000164719	0.999834	0.999834
case_28	610.0	1317331	0.497439	1037852	0.391905	279667	0.105605	0.787845	0.787732
case_29	51.0	1960625	0.943546	1951687	0.939245	13138	0.00632263	0.995441	0.993313
case_29	198.0	2060622	0.791351	1961881	0.753431	118995	0.0456982	0.952082	0.942815
case_29	66.0	1935345	0.929507	1921450	0.922833	14216	0.00682765	0.99282	0.992656
case_29	51.0	1970298	0.946497	1961884	0.942455	12593	0.00604946	0.99573	0.993622
case_29	24.0	2511258	0.964271	2509401	0.963558	3599	0.00138194	0.999261	0.998568
case_29	66.0	1932145	0.928726	1918847	0.922334	14781	0.0071048	0.993117	0.992356
case_29	67.0	1951973	0.93651	1937595	0.929612	14747	0.00707526	0.992634	0.992447
case_29	109.0	1820102	0.778402	1792447	0.766575	43431	0.0185741	0.984806	0.976343
case_29	110.0	1842307	0.785907	1812810	0.773324	42128	0.0179713	0.983989	0.977289
case_29	110.0	1830318	0.780857	1800525	0.768147	41232	0.0175906	0.983723	0.977613
case_29	110.0	1832671	0.783046	1800781	0.76942	42661	0.0182278	0.982599	0.976858
case_29	198.0	2058883	0.789607	1954899	0.749728	125395	0.0480906	0.949495	0.939722
case_29	110.0	1838349	0.783034	1811178	0.771461	40716	0.0173427	0.98522	0.978014
case_29	197.0	1661926	0.709793	1567839	0.669609	94995	0.0405715	0.943387	0.942872
case_29	109.0	1820613	0.775892	1793954	0.764531	41845	0.0178331	0.985357	0.977206
case_29	67.0	1958076	0.937755	1944900	0.931445	13966	0.00668855	0.993271	0.99287
case_29	67.0	1955021	0.937053	1942751	0.931172	14077	0.00674719	0.993724	0.992806
case_29	6.0	2063822	0.990386	2062837	0.989913	1660	0.0007966	0.999523	0.999196
case_29	67.0	1948918	0.935806	1935446	0.929337	14858	0.00713432	0.993087	0.992382
case_29	109.0	1828174	0.779729	1798195	0.766943	43077	0.0183726	0.983602	0.976605
case_29	109.0	1818158	0.776393	1793211	0.76574	41877	0.0178824	0.986279	0.97718
case_29	109.0	1828175	0.780294	1798146	0.767477	43126	0.0184069	0.983574	0.976578
case_29	198.0	1680889	0.71608	1574947	0.670947	99446	0.0423652	0.936973	0.940608
case_29	109.0	1820612	0.775331	1794003	0.763999	41796	0.0177994	0.985385	0.977233
case_29	197.0	1661288	0.707595	1552734	0.661358	95312	0.0405964	0.934657	0.942167
case_29	198.0	1672521	0.713652	1563872	0.667293	100497	0.0428813	0.935039	0.939619
case_29	197.0	1658237	0.706806	1550639	0.660943	95371	0.0406509	0.935113	0.942059
case_29	4.0	2082377	0.997882	2082216	0.997805	161	7.71517e-05	0.999923	0.999923
case_2	164.0	2098551	0.808891	1972886	0.760453	79866	0.0307845	0.940118	0.961093
case_2	11.0	2642057	0.990287	2640660	0.989764	1396	0.000523244	0.999471	0.999472
case_2	8.0	2644442	0.990515	2643362	0.99011	1080	0.00040453	0.999592	0.999592
case_2	163.0	2097598	0.802115	2011987	0.769378	61635	0.023569	0.959186	0.970277
case_2	26.0	2580078	0.965117	2575256	0.963313	4141	0.001549	0.998131	0.998395
case_2	165.0	2188610	0.813787	2068786	0.769233	97040	0.0360822	0.945251	0.955195
case_2	163.0	2168437	0.812229	2091924	0.78357	68612	0.0256999	0.964715	0.968243
case_2	164.0	2209272	0.823111	2087040	0.777571	95529	0.0355914	0.944673	0.956231
case_2	164.0	2182684	0.805376	2097461	0.77393	68527	0.0252854	0.960955	0.968362
case_2	76.0	2255721	0.882606	2242263	0.87734	23140	0.00905409	0.994034	0.989785
case_2	163.0	2195579	0.830512	2082827	0.787862	89585	0.0338869	0.948646	0.958762
case_2	164.0	2187045	0.826723	2073693	0.783875	92559	0.0349881	0.948171	0.957272
case_2	164.0	2109598	0.814269	1981415	0.764792	81609	0.0314997	0.939238	0.960442
case_2	11.0	2651499	0.989852	2650008	0.989296	1911	0.000713411	0.999438	0.999279
case_2	165.0	2206589	0.821562	2084239	0.776009	98413	0.0366413	0.944552	0.954911
case_2	113.0	2304093	0.869204	2271617	0.856953	52163	0.0196781	0.985905	0.977553
case_2	164.0	2097816	0.813083	1972778	0.76462	79307	0.0307382	0.940396	0.961353
case_2	165.0	2193121	0.810834	2078683	0.768524	70336	0.0260044	0.94782	0.967271
case_2	165.0	2187884	0.807832	2071951	0.765026	74375	0.0274615	0.947011	0.965348
case_2	26.0	2588582	0.964434	2583423	0.962512	4478	0.00166838	0.998007	0.99827
case_2	165.0	2194429	0.820306	2073296	0.775025	96386	0.0360303	0.9448	0.955576
case_2	164.0	2178243	0.822287	2066454	0.780087	89844	0.0339161	0.948679	0.958334
case_2	164.0	2201142	0.81434	2086408	0.771892	68691	0.0254131	0.947875	0.968126
case_2	164.0	2184688	0.829189	2073145	0.786854	90113	0.034202	0.948943	0.958344
case_2	163.0	2114148	0.816591	1985784	0.76701	78572	0.0303485	0.939283	0.961939
case_2	25.0	2598094	0.968625	2593476	0.966904	3935	0.00146705	0.998223	0.998485
case_2	165.0	2187228	0.81187	2077039	0.77097	68498	0.0254256	0.949622	0.968074
case_2	113.0	2243378	0.864115	2205139	0.849386	49880	0.019213	0.982955	0.97788
case_30	178.0	2146204	0.815325	2068736	0.785896	91332	0.0346963	0.963905	0.957718
case_30	179.0	2143068	0.81465	2058550	0.782522	87186	0.0331422	0.960562	0.959368
case_30	72.0	2382539	0.896983	2373812	0.893697	20468	0.00770583	0.996337	0.991451
case_30	110.0	2304665	0.865114	2261198	0.848797	42402	0.0159167	0.98114	0.981593
case_30	110.0	2340714	0.870605	2302770	0.856492	43932	0.0163401	0.98379	0.981279
case_30	72.0	2382539	0.896983	2373812	0.893697	20468	0.00770583	0.996337	0.991451
case_30	178.0	2110338	0.809264	2020075	0.77465	91078	0.0349262	0.957228	0.956859
case_30	110.0	2231375	0.854906	2186424	0.837684	37295	0.0142888	0.979855	0.983229
case_30	111.0	2314804	0.861502	2278203	0.84788	49112	0.018278	0.984188	0.978898
case_30	12.0	2603178	0.991359	2602496	0.9911	682	0.000259724	0.999738	0.999738
case_30	0.0	2680774	1.0	2680774	1.0	0	0.0	1.0	1.0
case_30	111.0	2209743	0.847159	2167122	0.83082	42606	0.0163341	0.980712	0.980719
case_30	79.0	2394726	0.893852	2382103	0.889141	18843	0.00703331	0.994729	0.992152
case_30	110.0	2212684	0.857703	2166612	0.839844	38698	0.0150005	0.979178	0.982452
case_30	110.0	2304592	0.866941	2259888	0.850124	42810	0.0161043	0.980602	0.981409
case_30	110.0	2231375	0.854906	2186424	0.837684	37295	0.0142888	0.979855	0.983229
case_30	178.0	2109764	0.810816	2017908	0.775514	91503	0.0351661	0.956461	0.956622
case_30	178.0	2074674	0.809902	1984530	0.774712	85045	0.0331995	0.95655	0.958907
case_30	110.0	2340714	0.870605	2302770	0.856492	43932	0.0163401	0.98379	0.981279
case_30	79.0	2355814	0.887478	2342915	0.882619	13181	0.00496552	0.994525	0.994406
case_30	178.0	2146204	0.815325	2068736	0.785896	91332	0.0346963	0.963905	0.957718
case_30	79.0	2394726	0.893852	2382103	0.889141	18843	0.00703331	0.994729	0.992152
case_30	92.0	2306945	0.881215	2291753	0.875412	40379	0.0154241	0.993415	0.982686
case_30	178.0	2173459	0.82323	2084090	0.78938	91612	0.0346994	0.958882	0.957893
case_30	110.0	2214496	0.856513	2168980	0.838909	38514	0.0148963	0.979446	0.982553
case_30	79.0	2356096	0.889494	2342937	0.884526	12786	0.00482708	0.994415	0.994572
case_30	72.0	2381570	0.898546	2373070	0.895339	19825	0.0074798	0.996431	0.991715
case_30	72.0	2381570	0.898546	2373070	0.895339	19825	0.0074798	0.996431	0.991715
case_3	266.0	1906468	0.744228	1730372	0.675486	124620	0.0486479	0.907632	0.932819
case_3	266.0	1889394	0.73367	1706946	0.662823	119938	0.0465731	0.903436	0.934348
case_3	34.0	2486071	0.960852	2480244	0.9586	11165	0.00431521	0.997656	0.995519
case_3	266.0	1919491	0.751053	1720148	0.673055	130181	0.0509369	0.896148	0.929644
case_3	266.0	1937400	0.754158	1736984	0.676143	133241	0.0518658	0.896554	0.928757
case_3	34.0	2492699	0.964301	2485301	0.961439	12789	0.00494742	0.997032	0.99488
case_3	12.0	2543032	0.987594	2542277	0.987301	755	0.000293207	0.999703	0.999703
case_3	78.0	2372569	0.912192	2357058	0.906228	24867	0.00956072	0.993462	0.98956
case_3	266.0	1958600	0.753612	1773808	0.68251	128875	0.0495874	0.905651	0.932267
case_3	8.0	2520512	0.988547	2518981	0.987947	1531	0.00060046	0.999393	0.999393
case_3	78.0	2370204	0.915642	2348283	0.907174	25928	0.0100163	0.990751	0.989079
case_3	78.0	2362695	0.911903	2341405	0.903686	25786	0.00995234	0.990989	0.989107
case_3	42.0	2421316	0.940953	2416366	0.939029	8381	0.00325696	0.997956	0.996544
case_3	266.0	1910034	0.743399	1706403	0.664144	121654	0.0473486	0.893389	0.933452
case_3	224.0	2025600	0.784227	1949703	0.754843	128857	0.049888	0.962531	0.938007
case_3	266.0	1903228	0.740073	1723822	0.670311	126635	0.0492422	0.905736	0.931566
case_3	266.0	1924353	0.753657	1723912	0.675156	129093	0.0505582	0.89584	0.930333
case_3	266.0	1920311	0.748444	1724553	0.672147	129363	0.0504194	0.898059	0.930222
case_3	224.0	2012015	0.783702	1934740	0.753603	124806	0.0486133	0.961593	0.939401
case_3	224.0	1952530	0.768698	1881674	0.740803	122988	0.0484196	0.963711	0.938649
case_3	266.0	1943899	0.746924	1760817	0.676577	120370	0.046251	0.905817	0.936014
case_3	266.0	1921856	0.743485	1717879	0.664575	125246	0.0484524	0.893865	0.932047
case_3	266.0	1952027	0.753986	1774653	0.685474	125867	0.0486171	0.909133	0.933772
case_3	266.0	1935395	0.749763	1738752	0.673585	133744	0.0518118	0.898396	0.928574
case_3	224.0	1965701	0.769158	1895923	0.741854	126390	0.0494551	0.964502	0.937502
case_3	266.0	1932539	0.75157	1733221	0.674054	134329	0.0522409	0.896862	0.928072
case_3	266.0	1962495	0.758726	1784731	0.69	125453	0.0485018	0.909419	0.934324
case_3	266.0	1911880	0.747034	1735067	0.677948	123893	0.0484091	0.907519	0.933354
case_4	55.0	2574104	0.933353	2566800	0.930704	13047	0.00473075	0.997163	0.994943
case_4	59.0	2305569	0.88778	2295568	0.883929	12094	0.0046569	0.995662	0.994759
case_4	28.0	2649276	0.967611	2644062	0.965707	6716	0.00245292	0.998032	0.997466
case_4	4.0	2746932	0.997807	2746589	0.997683	343	0.000124593	0.999875	0.999875
case_4	28.0	2651480	0.969591	2645317	0.967338	6424	0.00234912	0.997676	0.997577
case_4	20.0	2682207	0.978893	2679310	0.977835	2897	0.00105728	0.99892	0.99892
case_4	55.0	2595736	0.934982	2587583	0.932045	13141	0.00473338	0.996859	0.994947
case_4	59.0	2314776	0.890609	2297330	0.883897	10144	0.0039029	0.992463	0.995604
case_4	20.0	2680839	0.978851	2678143	0.977867	2696	0.000984387	0.998994	0.998994
case_4	211.0	2017905	0.758572	1956802	0.735602	113064	0.0425031	0.96972	0.945376
case_4	59.0	2318707	0.88658	2305787	0.88164	13052	0.00499056	0.994428	0.994371
case_4	28.0	2639224	0.969693	2634133	0.967823	5608	0.00206047	0.998071	0.997876
case_4	60.0	2331139	0.884584	2324413	0.882032	14253	0.00540851	0.997115	0.993905
case_4	212.0	2031683	0.757127	1967699	0.733283	115867	0.043179	0.968507	0.94439
case_4	211.0	2015622	0.757134	1954024	0.733996	113117	0.0424905	0.96944	0.945279
case_4	211.0	2005302	0.758113	1943857	0.734884	117841	0.0445503	0.969359	0.942843
case_4	59.0	2316828	0.886296	2303250	0.881102	12527	0.00479217	0.994139	0.994591
case_4	59.0	2319553	0.888031	2306014	0.882847	12489	0.00478136	0.994163	0.994613
case_4	28.0	2648763	0.967877	2642511	0.965592	6513	0.0023799	0.99764	0.997541
case_4	55.0	2596098	0.935544	2586915	0.932235	12544	0.00452042	0.996463	0.995174
case_4	20.0	2683565	0.980576	2680907	0.979605	2658	0.000971235	0.99901	0.99901
case_4	211.0	2017500	0.757475	1956508	0.734575	113694	0.0426867	0.969769	0.945081
case_4	55.0	2585475	0.936767	2577345	0.933822	10635	0.00385327	0.996856	0.995891
case_4	211.0	2002801	0.756571	1941477	0.733405	112412	0.0424644	0.969381	0.945269
case_4	4.0	2745564	0.997775	2745422	0.997723	142	5.16047e-05	0.999948	0.999948
case_4	55.0	2596583	0.936406	2587417	0.933101	12578	0.00453601	0.99647	0.995162
case_4	4.0	2744206	0.99608	2743825	0.995942	381	0.000138294	0.999861	0.999861
case_4	212.0	1913049	0.758393	1855412	0.735544	104626	0.041477	0.969872	0.94662
case_5	770.0	1054132	0.43747	796117	0.330392	374599	0.15546	0.755235	0.680026
case_5	218.0	1860258	0.755789	1789051	0.726859	86430	0.0351149	0.961722	0.953916
case_5	218.0	1763069	0.7343	1706478	0.710731	86300	0.0359431	0.967902	0.951862
case_5	218.0	1859975	0.752687	1802531	0.729441	86640	0.0350611	0.969116	0.954139
case_5	770.0	1090150	0.448951	802522	0.330499	380598	0.15674	0.736157	0.67831
case_5	770.0	1008857	0.427209	749261	0.317281	374253	0.158481	0.742683	0.666891
case_5	72.0	2162765	0.905415	2154318	0.901879	13951	0.00584042	0.996094	0.993566
case_5	4.0	2418104	0.995665	2417809	0.995544	295	0.000121468	0.999878	0.999878
case_5	218.0	1878146	0.771364	1818217	0.746751	63789	0.0261985	0.968091	0.966106
case_5	218.0	1783355	0.751041	1731679	0.729278	67014	0.0282222	0.971023	0.962743
case_5	218.0	1887866	0.772257	1835505	0.750838	64327	0.0263138	0.972264	0.966141
case_5	16.0	2397115	0.977413	2395332	0.976686	1356	0.000552903	0.999256	0.999434
case_5	62.0	2167204	0.905952	2158610	0.90236	19717	0.00824226	0.996035	0.990949
case_5	770.0	1117234	0.457801	832123	0.340973	408494	0.167386	0.744806	0.670733
case_5	770.0	1125486	0.466247	835496	0.346115	397132	0.164517	0.742342	0.677817
case_5	218.0	1889164	0.772252	1837779	0.751247	65451	0.0267551	0.9728	0.965611
case_5	770.0	1105614	0.46002	807395	0.335938	372167	0.15485	0.730268	0.684487
case_5	770.0	1052563	0.435055	805771	0.333049	373313	0.154301	0.765532	0.683387
case_5	770.0	1103886	0.459626	806722	0.335895	370340	0.154199	0.730802	0.685369
case_5	218.0	1784448	0.750964	1733953	0.729714	68138	0.0286751	0.971703	0.962189
case_5	98.0	2195685	0.894941	2182697	0.889647	40006	0.0163061	0.994085	0.982001
case_5	62.0	2151316	0.902998	2138186	0.897487	20008	0.0083982	0.993897	0.990729
case_5	770.0	985908	0.419663	726700	0.309328	360408	0.153412	0.737087	0.668471
case_5	770.0	1074301	0.441808	829316	0.341058	388435	0.159745	0.771959	0.681023
case_5	98.0	2198698	0.895549	2184973	0.889959	41130	0.0167526	0.993758	0.981524
case_5	770.0	1127736	0.466851	836271	0.346192	398959	0.165158	0.741549	0.677016
case_5	770.0	1076296	0.444414	820307	0.338713	389457	0.160811	0.762157	0.678072
case_5	218.0	1879427	0.771352	1819128	0.746604	64918	0.0266436	0.967916	0.965543
case_6	197.0	1892190	0.633681	1649398	0.552372	77977	0.026114	0.871687	0.954858
case_6	110.0	2278592	0.867115	2254210	0.857837	31270	0.0118998	0.9893	0.986318
case_6	197.0	1969875	0.770378	1765082	0.690288	84981	0.0332344	0.896038	0.954066
case_6	110.0	2280603	0.868298	2254665	0.858423	32354	0.0123182	0.988627	0.985853
case_6	51.0	2494848	0.881021	2487157	0.878305	11531	0.00407201	0.996917	0.995385
case_6	197.0	1884281	0.634017	1667193	0.560972	85125	0.0286426	0.88479	0.951421
case_6	110.0	2269680	0.85756	2239868	0.846296	36713	0.0138714	0.986865	0.983874
case_6	197.0	2006268	0.773535	1812823	0.698951	95158	0.0366891	0.90358	0.950126
case_6	197.0	1878365	0.628035	1675495	0.560205	87007	0.029091	0.891996	0.950634
case_6	197.0	2010999	0.777186	1788228	0.691092	86907	0.0335867	0.889224	0.953653
case_6	197.0	1974018	0.766338	1780609	0.691254	86643	0.0336359	0.902023	0.953599
case_6	111.0	2309985	0.814349	2274017	0.801669	39848	0.0140478	0.984429	0.982779
case_6	12.0	2593706	0.98225	2592498	0.981793	1802	0.000682427	0.999534	0.999305
case_6	111.0	2310847	0.820114	2282705	0.810126	34551	0.0122621	0.987822	0.98509
case_6	197.0	1987078	0.773238	1764740	0.686719	79222	0.0308279	0.888108	0.957037
case_6	197.0	2006923	0.775232	1780776	0.687876	86756	0.033512	0.887317	0.953545
case_6	110.0	2276399	0.86051	2244515	0.848457	36933	0.0139612	0.985994	0.983812
case_6	197.0	1998112	0.776042	1792893	0.696338	92059	0.0357546	0.897294	0.951161
case_6	51.0	2505927	0.885328	2498961	0.882867	12052	0.0042579	0.99722	0.9952
case_6	198.0	1917266	0.603681	1664161	0.523987	77840	0.0245091	0.867986	0.955316
case_6	197.0	1889769	0.633139	1651873	0.553435	77689	0.0260285	0.874114	0.955082
case_6	36.0	2384937	0.94714	2379692	0.945057	7344	0.00291655	0.997801	0.996923
case_6	68.0	2403296	0.912893	2391844	0.908543	18552	0.00704698	0.995235	0.992303
case_6	88.0	2149287	0.732797	2127467	0.725358	33845	0.0115394	0.989848	0.984341
case_6	198.0	2012535	0.728913	1780604	0.644911	77300	0.027997	0.884757	0.958394
case_6	197.0	1980049	0.770124	1756501	0.683177	79604	0.0309613	0.8871	0.956645
case_6	88.0	2132320	0.731432	2105774	0.722327	27492	0.00943036	0.987551	0.987113
case_6	198.0	2040937	0.734485	1806610	0.650156	84631	0.0304567	0.885187	0.955251
case_7	360.0	1699913	0.661347	1506292	0.58602	231326	0.0899969	0.886099	0.866872
case_7	99.0	2424126	0.866973	2385362	0.853109	33571	0.0120065	0.984009	0.986122
case_7	99.0	2423685	0.849905	2394036	0.839508	34856	0.0122228	0.987767	0.985649
case_7	42.0	2558114	0.937863	2550332	0.93501	5858	0.00214768	0.996958	0.997708
case_7	26.0	2795388	0.962845	2791603	0.961542	6092	0.00209833	0.998646	0.997822
case_7	361.0	1692202	0.634731	1476992	0.554008	237760	0.0891818	0.872823	0.861344
case_7	99.0	2421504	0.864702	2384756	0.85158	31299	0.0111767	0.984824	0.987045
case_7	360.0	1686196	0.64517	1487017	0.568961	241599	0.0924403	0.881877	0.860236
case_7	361.0	1707467	0.633688	1493883	0.554421	234670	0.0870925	0.874912	0.864239
case_7	360.0	1707861	0.66009	1506308	0.58219	233177	0.0901232	0.881985	0.865951
case_7	40.0	2342886	0.953809	2337930	0.951791	8292	0.00337574	0.997885	0.996466
case_7	99.0	2419816	0.870706	2379728	0.856281	33493	0.0120516	0.983433	0.986121
case_7	360.0	1697557	0.656336	1494057	0.577656	234665	0.0907299	0.880122	0.864255
case_7	360.0	1692263	0.653201	1493667	0.576544	232012	0.0895549	0.882645	0.865553
case_7	360.0	1696317	0.66018	1501155	0.584226	231802	0.0902137	0.88495	0.866239
case_7	360.0	1705765	0.658184	1508331	0.582002	230921	0.0891028	0.884255	0.86723
case_7	360.0	1693918	0.647901	1499428	0.573511	239886	0.0917532	0.885183	0.86208
case_7	42.0	2573790	0.95158	2561024	0.94686	5139	0.00189999	0.99504	0.997997
case_7	22.0	2655035	0.97551	2653132	0.974811	3716	0.00136533	0.999283	0.998601
case_7	99.0	2412591	0.854548	2378912	0.842619	36005	0.0127531	0.98604	0.985091
case_7	42.0	2575182	0.953614	2560759	0.948273	7798	0.00288767	0.994399	0.996964
case_7	361.0	1700500	0.631313	1481757	0.550105	236457	0.0877851	0.871365	0.862382
case_7	361.0	1687383	0.633138	1467303	0.550559	240067	0.0900776	0.869573	0.859394
case_7	20.0	2644252	0.96195	2642627	0.961359	1340	0.000487477	0.999385	0.999493
case_7	22.0	2640753	0.962186	2638491	0.961362	3884	0.00141518	0.999143	0.99853
case_7	99.0	2435116	0.860809	2400982	0.848743	29587	0.010459	0.985983	0.987827
case_7	99.0	2434014	0.861733	2399161	0.849394	31990	0.0113257	0.985681	0.986842
case_7	99.0	2424685	0.863608	2389066	0.850922	32118	0.0114396	0.98531	0.986735
case_8	480.0	1457637	0.557562	1212372	0.463746	264799	0.101289	0.831738	0.820739
case_8	206.0	2024221	0.761401	1963321	0.738493	73905	0.027799	0.969914	0.963723
case_8	36.0	2365462	0.947708	2360274	0.945629	6205	0.00248599	0.997807	0.997378
case_8	106.0	2177629	0.832209	2154155	0.823238	30386	0.0116124	0.98922	0.98609
case_8	480.0	1454814	0.558447	1206918	0.463289	255403	0.0980394	0.829603	0.825344
case_8	480.0	1702247	0.607499	1406097	0.501809	327256	0.116791	0.826024	0.811201
case_8	106.0	2170679	0.832479	2149577	0.824386	29663	0.0113761	0.990279	0.986388
case_8	58.0	2222084	0.870911	2208079	0.865422	11598	0.00454565	0.993697	0.994775
case_8	206.0	2020174	0.762517	1959630	0.739664	74074	0.0279593	0.97003	0.963577
case_8	58.0	2214160	0.878165	2206471	0.875115	14849	0.00588931	0.996527	0.993315
case_8	480.0	1453850	0.551703	1207253	0.458125	258409	0.0980603	0.830383	0.823691
case_8	206.0	2020802	0.754185	1960260	0.73159	74466	0.0277915	0.970041	0.963402
case_8	36.0	2362582	0.938693	2358009	0.936876	4229	0.00168025	0.998064	0.99821
case_8	58.0	2218113	0.876535	2207348	0.872281	14385	0.00568454	0.995147	0.993525
case_8	206.0	2025305	0.754659	1958858	0.7299	79388	0.0295812	0.967192	0.961051
case_8	206.0	2256084	0.804469	2197705	0.783652	98918	0.0352719	0.974124	0.956929
case_8	20.0	2404580	0.976837	2402677	0.976064	3401	0.00138162	0.999209	0.998586
case_8	36.0	2360291	0.949134	2356276	0.947519	5358	0.00215459	0.998299	0.997731
case_8	10.0	2429392	0.974995	2428089	0.974472	2661	0.00106795	0.999464	0.998905
case_8	20.0	2399998	0.966767	2398655	0.966226	1483	0.000597382	0.99944	0.999382
case_8	58.0	2212208	0.865586	2199061	0.860442	15836	0.00619626	0.994057	0.99285
case_8	480.0	1449481	0.549152	1212703	0.459446	263150	0.0996973	0.836646	0.821696
case_8	106.0	2313939	0.864559	2277682	0.851013	37782	0.0141165	0.984331	0.983683
case_8	106.0	2166185	0.819943	2139156	0.809712	30184	0.0114252	0.987522	0.986086
case_8	480.0	1638085	0.593467	1357651	0.491868	304415	0.110288	0.828804	0.816845
case_8	106.0	2175862	0.824944	2152824	0.816209	29123	0.0110415	0.989412	0.986653
case_8	206.0	2157416	0.793664	2072895	0.76257	90506	0.0332951	0.960823	0.958165
case_8	480.0	1585518	0.592926	1309201	0.489594	298964	0.111802	0.825724	0.814096
case_9	479.0	1483077	0.563943	1211104	0.460525	264190	0.100459	0.816616	0.820924
case_9	479.0	1532462	0.574941	1260580	0.472937	269684	0.101179	0.822585	0.823766
case_9	350.0	1831699	0.671427	1734678	0.635863	235316	0.0862574	0.947032	0.88055
case_9	0.0	2652973	1.0	2652973	1.0	0	0.0	1.0	1.0
case_9	12.0	2763538	0.985406	2761858	0.984807	1679	0.000598688	0.999392	0.999392
case_9	350.0	1832584	0.674331	1736131	0.63884	232337	0.0854925	0.947368	0.881971
case_9	22.0	2539893	0.944702	2536328	0.943376	3696	0.00137471	0.998596	0.998545
case_9	479.0	1555098	0.569015	1275505	0.466711	280893	0.10278	0.820209	0.819524
case_9	350.0	1820740	0.669494	1721692	0.633074	236828	0.0870827	0.9456	0.879078
case_9	479.0	1581690	0.571305	1297564	0.468679	291230	0.105192	0.820366	0.816697
case_9	350.0	1815121	0.671935	1707137	0.63196	231899	0.0858461	0.940509	0.880405
case_9	479.0	1532012	0.573094	1278133	0.478123	275683	0.103127	0.834284	0.822577
case_9	44.0	2475894	0.94322	2470525	0.941175	3833	0.00146023	0.997831	0.998451
case_9	479.0	1533497	0.571418	1282813	0.478007	277474	0.103394	0.836528	0.822165
case_9	479.0	1483077	0.563943	1211104	0.460525	264190	0.100459	0.816616	0.820924
case_9	350.0	1827594	0.674432	1723146	0.635888	230392	0.0850209	0.942849	0.882064
case_9	44.0	2474382	0.946407	2471044	0.945131	3673	0.00140486	0.998651	0.998516
case_9	479.0	1555098	0.569015	1275505	0.466711	280893	0.10278	0.820209	0.819524
case_9	350.0	1820816	0.672101	1721718	0.635522	233847	0.0863178	0.945575	0.88042
case_9	479.0	1486502	0.563573	1230920	0.466675	273536	0.103705	0.828065	0.818183
case_9	2.0	2613140	0.992555	2612972	0.992491	168	6.38118e-05	0.999936	0.999936
case_9	479.0	1485214	0.560865	1233046	0.465639	274519	0.103667	0.830214	0.817906
case_9	479.0	1572439	0.569711	1288855	0.466965	286205	0.103695	0.819653	0.818289
case_9	22.0	2539893	0.944702	2536328	0.943376	3696	0.00137471	0.998596	0.998545
case_9	479.0	1486502	0.563573	1230920	0.466675	273536	0.103705	0.828065	0.818183
case_9	479.0	1545318	0.567199	1266397	0.464823	275726	0.101203	0.819506	0.821204
case_9	479.0	1485214	0.560865	1233046	0.465639	274519	0.103667	0.830214	0.817906
case_9	479.0	1545318	0.567199	1266397	0.464823	275726	0.101203	0.819506	0.821204
