case_10	98.0	1124415	0.590721	1109584	0.582929	27373	0.0143806	0.98681	0.975924
case_10	140.0	2196173	0.855316	2065969	0.804607	73271	0.0285359	0.940713	0.965749
case_10	140.0	2193602	0.854812	2121729	0.826805	76948	0.0299854	0.967235	0.965003
case_10	0.0	2516846	1.0	2516846	1.0	0	0.0	1.0	1.0
case_10	98.0	1123707	0.58284	1109931	0.575695	26902	0.0139534	0.987741	0.976336
case_10	73.0	2337171	0.920174	2315979	0.911831	24045	0.00946683	0.990933	0.989724
case_10	140.0	2181967	0.841744	2056340	0.793281	73371	0.0283046	0.942425	0.965549
case_10	73.0	2349141	0.913806	2331745	0.907039	26581	0.0103399	0.992595	0.988729
case_10	98.0	1114625	0.587515	1099637	0.579615	25405	0.0133909	0.986553	0.977419
case_10	73.0	2337171	0.920174	2315979	0.911831	24045	0.00946683	0.990933	0.989724
case_10	140.0	2161464	0.843861	2034432	0.794266	75462	0.0294613	0.941229	0.964234
case_10	140.0	2165616	0.845976	2097407	0.819331	77454	0.0302566	0.968504	0.964387
case_10	140.0	1052673	0.542548	1035287	0.533587	26795	0.0138101	0.983484	0.974771
case_10	73.0	2361503	0.927462	2343846	0.920527	24210	0.00950829	0.992523	0.989776
case_10	46.0	2397994	0.950407	2393320	0.948554	9029	0.0035785	0.998051	0.996242
case_10	140.0	2161464	0.843861	2034432	0.794266	75462	0.0294613	0.941229	0.964234
case_10	50.0	2406271	0.942186	2397315	0.93868	13168	0.00515599	0.996278	0.994537
case_10	140.0	2182076	0.842272	2110049	0.81447	75378	0.0290956	0.966992	0.965509
case_10	50.0	2369851	0.930212	2360086	0.926379	11209	0.00439975	0.995879	0.995273
case_10	139.0	2199454	0.851519	2133719	0.826069	75817	0.0293526	0.970113	0.965686
case_10	140.0	2165616	0.845976	2097407	0.819331	77454	0.0302566	0.968504	0.964387
case_10	98.0	1114625	0.587515	1099637	0.579615	25405	0.0133909	0.986553	0.977419
case_10	139.0	2195430	0.849469	2066634	0.799634	72032	0.027871	0.941334	0.966319
case_10	46.0	2397994	0.950407	2393320	0.948554	9029	0.0035785	0.998051	0.996242
case_10	140.0	1093563	0.563188	1076504	0.554403	22048	0.0113548	0.984401	0.97993
case_10	90.0	2318477	0.890197	2227435	0.855241	56392	0.0216521	0.960732	0.975308
case_10	50.0	2369851	0.930212	2360086	0.926379	11209	0.00439975	0.995879	0.995273
case_10	97.0	1104274	0.575065	1091689	0.568511	22001	0.0114573	0.988603	0.980245
case_11	16.0	2448237	0.972523	2447065	0.972057	3354	0.00133232	0.999521	0.998631
case_11	93.0	2118838	0.864123	2106527	0.859102	17902	0.00730095	0.99419	0.991573
case_11	607.0	1214757	0.486698	893653	0.358046	380141	0.152305	0.735664	0.701568
case_11	607.0	1200976	0.479801	881337	0.352102	373683	0.14929	0.733851	0.702249
case_11	54.0	2227737	0.914904	2219387	0.911475	12372	0.00508103	0.996252	0.994456
case_11	608.0	1211506	0.497546	900717	0.36991	377249	0.15493	0.743469	0.704805
case_11	607.0	1189589	0.489882	877620	0.361411	365776	0.150629	0.737751	0.705825
case_11	2.0	2470802	0.997393	2470792	0.997389	10	4.03672e-06	0.999996	0.999996
case_11	607.0	1207870	0.485753	890085	0.357954	375231	0.150902	0.736905	0.703449
case_11	93.0	2067589	0.866543	2052718	0.86031	19149	0.0080255	0.992808	0.990758
case_11	607.0	1194289	0.491492	879055	0.361762	368229	0.151539	0.736049	0.704775
case_11	607.0	1204303	0.480821	882979	0.352531	376434	0.150292	0.733187	0.701104
case_11	607.0	1211238	0.485601	892011	0.357619	377390	0.151301	0.736446	0.702702
case_11	54.0	2234834	0.911649	2222544	0.906636	14888	0.00607322	0.994501	0.993346
case_11	8.0	2476067	0.990059	2475630	0.989884	437	0.000174735	0.999824	0.999824
case_11	93.0	2106065	0.861624	2092856	0.85622	18268	0.00747373	0.993728	0.991347
case_11	607.0	1211638	0.48629	892723	0.358294	377416	0.151476	0.73679	0.702855
case_11	6.0	2454162	0.990033	2453521	0.989774	1996	0.000805206	0.999739	0.999187
case_11	54.0	2246830	0.919832	2239448	0.91681	12689	0.00519476	0.996714	0.994366
case_11	607.0	1189690	0.490471	878332	0.362108	365802	0.150808	0.738286	0.705979
case_11	608.0	1212208	0.497281	900250	0.369307	377223	0.154747	0.742653	0.704712
case_11	6.0	2453305	0.988606	2452668	0.988349	1992	0.000802714	0.99974	0.999188
case_11	607.0	1211389	0.486853	891727	0.358382	377982	0.15191	0.736119	0.702308
case_11	16.0	2429027	0.967857	2427436	0.967224	3467	0.00138144	0.999345	0.998574
case_11	93.0	2104893	0.855378	2089407	0.849085	19353	0.00786459	0.992643	0.990823
case_11	608.0	1216337	0.498645	902804	0.37011	379960	0.155767	0.742232	0.703796
case_11	607.0	1208270	0.486444	890797	0.358631	375257	0.151077	0.73725	0.703601
case_11	607.0	1201183	0.480404	882049	0.352769	373709	0.149462	0.734317	0.702404
case_12	585.0	1310580	0.516028	1100138	0.433169	311872	0.122797	0.839428	0.779129
case_12	585.0	1315416	0.517534	1098050	0.432014	313018	0.123153	0.834755	0.778169
case_12	49.0	2524876	0.922191	2515834	0.918888	8418	0.00307461	0.996419	0.996665
case_12	20.0	2698656	0.974467	2697256	0.973961	3260	0.00117716	0.999481	0.998793
case_12	584.0	1331158	0.522402	1114486	0.437371	312670	0.122705	0.83723	0.780914
case_12	586.0	1438668	0.529539	1204955	0.443515	349416	0.128612	0.837549	0.775204
case_12	586.0	1402803	0.520949	1178479	0.437643	345956	0.128475	0.840089	0.77306
case_12	585.0	1439512	0.532281	1197360	0.442742	347165	0.128369	0.831782	0.775229
case_12	585.0	1461828	0.536404	1225685	0.449754	343448	0.126025	0.83846	0.781122
case_12	48.0	2539162	0.931631	2531201	0.92871	6961	0.00255402	0.996865	0.997257
case_12	50.0	2469097	0.936596	2459979	0.933137	11328	0.00429702	0.996307	0.995416
case_12	113.0	2016152	0.819854	1997623	0.812319	34497	0.014028	0.99081	0.983024
case_12	585.0	1421321	0.530072	1188449	0.443224	346658	0.129284	0.836158	0.77418
case_12	31.0	2622467	0.949838	2615893	0.947457	4776	0.00172983	0.997493	0.998178
case_12	48.0	2574440	0.937416	2567657	0.934946	5604	0.00204055	0.997365	0.997822
case_12	31.0	2626411	0.950594	2619587	0.948124	4495	0.0016269	0.997402	0.998287
case_12	8.0	2742313	0.988106	2741932	0.987968	381	0.000137281	0.999861	0.999861
case_12	584.0	1317982	0.526291	1105654	0.441505	319322	0.12751	0.838899	0.775911
case_12	586.0	1443991	0.531116	1205505	0.443399	353993	0.130203	0.834842	0.773008
case_12	584.0	1316020	0.520714	1093122	0.432519	316512	0.125235	0.830627	0.775465
case_12	49.0	2532932	0.924473	2524637	0.921446	8410	0.00306949	0.996725	0.99668
case_12	585.0	1386779	0.52187	1161562	0.437117	345573	0.130045	0.837597	0.770709
case_12	31.0	2662062	0.956293	2654581	0.953606	5694	0.00204546	0.99719	0.99786
case_12	585.0	1402672	0.523311	1170408	0.436658	343493	0.128151	0.834413	0.773107
case_12	31.0	2658521	0.955692	2650885	0.952947	5976	0.00214827	0.997128	0.997751
case_12	113.0	2048691	0.825019	2032424	0.818468	28366	0.0114231	0.99206	0.986235
case_12	586.0	1409525	0.523065	1180060	0.437912	349888	0.129841	0.837204	0.771307
case_12	585.0	1424535	0.527373	1196605	0.442991	340678	0.126121	0.839997	0.77839
case_13	156.0	2161570	0.791327	2103277	0.769986	57838	0.0211738	0.973032	0.973237
case_13	156.0	2162472	0.800168	2102411	0.777944	49455	0.0182996	0.972226	0.977018
case_13	230.0	2044727	0.762655	1894247	0.706528	129254	0.04821	0.926406	0.936124
case_13	156.0	2170628	0.785469	2089213	0.756008	73212	0.0264927	0.962492	0.966144
case_13	116.0	2365226	0.870486	2311081	0.850559	50781	0.0186892	0.977108	0.9785
case_13	116.0	2357415	0.871741	2310126	0.854254	36462	0.0134832	0.97994	0.984462
case_13	156.0	2163606	0.788837	2102843	0.766683	57733	0.0210491	0.971916	0.973279
case_13	230.0	1996535	0.753647	1849324	0.698079	118909	0.0448855	0.926267	0.939586
case_13	6.0	2655713	0.989622	2654964	0.989343	749	0.000279107	0.999718	0.999718
case_13	116.0	2363984	0.873631	2306593	0.852422	49610	0.0183338	0.975723	0.978945
case_13	230.0	2002317	0.752647	1854839	0.697212	118493	0.0445401	0.926346	0.939953
case_13	12.0	2705591	0.974079	2704211	0.973582	1380	0.000496834	0.99949	0.99949
case_13	102.0	2428260	0.873708	2396007	0.862103	36232	0.0130366	0.986718	0.985103
case_13	156.0	2177565	0.787504	2078157	0.751554	87050	0.0314811	0.954349	0.959796
case_13	156.0	2185521	0.787333	2118515	0.763195	60556	0.0218153	0.969341	0.97221
case_13	156.0	2183872	0.798172	2096963	0.766408	78834	0.0288126	0.960204	0.963768
case_13	116.0	2360196	0.869169	2314545	0.852357	36294	0.0133657	0.980658	0.984561
case_13	44.0	2581673	0.934799	2575928	0.932719	15632	0.0056602	0.997775	0.993968
case_13	156.0	2166144	0.798218	2102377	0.77472	49350	0.0181853	0.970562	0.977065
case_13	102.0	2419183	0.883613	2386712	0.871753	38122	0.0139242	0.986578	0.984279
case_13	156.0	2175387	0.795556	2107217	0.770626	64484	0.0235823	0.968663	0.970307
case_13	230.0	2019182	0.752658	1860985	0.69369	142522	0.0531257	0.921653	0.928864
case_13	116.0	2374201	0.864702	2329269	0.848337	35462	0.0129155	0.981075	0.985004
case_13	230.0	2052098	0.753757	1898815	0.697455	126558	0.0464861	0.925304	0.937514
case_13	230.0	1982610	0.739966	1860773	0.694493	121525	0.0453565	0.938547	0.938695
case_13	116.0	2375625	0.861704	2332514	0.846067	35294	0.0128021	0.981853	0.985094
case_13	230.0	1983566	0.732381	1842619	0.68034	128535	0.0474582	0.928943	0.934792
case_13	156.0	2184952	0.778975	2103338	0.749878	69290	0.0247031	0.962647	0.968108
case_14	254.0	1381930	0.578636	1312570	0.549594	96418	0.0403717	0.949809	0.931569
case_14	98.0	1974872	0.885247	1949273	0.873772	31830	0.014268	0.987038	0.983933
case_14	254.0	1622614	0.648382	1547703	0.618448	106022	0.0423654	0.953833	0.935889
case_14	487.0	1290644	0.481816	1137040	0.424474	236301	0.0882146	0.880987	0.827937
case_14	254.0	1617809	0.633753	1538578	0.602716	104961	0.041117	0.951026	0.936137
case_14	487.0	1154435	0.496919	1050060	0.451991	181109	0.0779572	0.909588	0.852897
case_14	254.0	1593500	0.627817	1525377	0.600978	95017	0.0374354	0.957249	0.941362
case_14	487.0	1261402	0.47989	1115591	0.424417	228297	0.0868537	0.884406	0.830122
case_14	98.0	1959560	0.884164	1940698	0.875653	26201	0.011822	0.990374	0.986679
case_14	254.0	1386119	0.592847	1320113	0.564616	97442	0.0416762	0.952381	0.931261
case_14	487.0	966659	0.444792	883803	0.406667	145392	0.0668997	0.914286	0.858732
case_14	74.0	2017840	0.918359	2005872	0.912913	19109	0.00869689	0.994069	0.990563
case_14	254.0	1592117	0.639925	1533983	0.616559	95733	0.0384783	0.963486	0.941258
case_14	487.0	1171085	0.500941	1074832	0.459768	172839	0.0739332	0.917809	0.861471
case_14	28.0	1824262	0.891049	1823267	0.890563	1931	0.000943184	0.999455	0.998942
case_14	254.0	1617841	0.646716	1542527	0.61661	108278	0.043283	0.953448	0.934409
case_14	254.0	1613782	0.632407	1533398	0.600906	107217	0.0420161	0.950189	0.934648
case_14	34.0	2684010	0.943912	2679084	0.94218	4025	0.00141551	0.998165	0.9985
case_14	487.0	1163764	0.493783	1061250	0.450286	182367	0.0773779	0.911912	0.853358
case_14	98.0	1972220	0.884428	1946071	0.872702	31134	0.0139618	0.986741	0.984254
case_14	98.0	1684320	0.815105	1661541	0.804081	28273	0.0136824	0.986476	0.983269
case_14	254.0	1642393	0.651324	1565592	0.620867	121882	0.0483347	0.953238	0.927773
case_14	254.0	1638998	0.637295	1554669	0.604505	123207	0.0479068	0.948548	0.92657
case_14	28.0	2161436	0.977638	2157465	0.975842	3203	0.00144875	0.998163	0.998518
case_14	74.0	2016176	0.917992	2002039	0.911555	17400	0.00792245	0.992988	0.991384
case_14	487.0	1166052	0.498987	1072679	0.45903	176958	0.0757254	0.919924	0.858392
case_14	74.0	1704615	0.838582	1692953	0.832845	15639	0.00769357	0.993159	0.990847
case_14	28.0	1826321	0.892461	1824663	0.891651	1450	0.000708566	0.999092	0.999206
case_15	12.0	2744897	0.984201	2743674	0.983763	1224	0.000438873	0.999554	0.999554
case_15	82.0	2540272	0.892409	2513220	0.882905	22512	0.00790857	0.989351	0.991122
case_15	62.0	2606424	0.912051	2595748	0.908315	13721	0.00480131	0.995904	0.994742
case_15	62.0	2595411	0.911436	2582465	0.90689	12614	0.00442969	0.995012	0.995139
case_15	214.0	2048778	0.735795	1986080	0.713278	107784	0.0387094	0.969397	0.948524
case_15	62.0	2587604	0.908856	2573240	0.903811	12673	0.0044512	0.994449	0.995099
case_15	82.0	2497426	0.887084	2468811	0.87692	20480	0.00727448	0.988542	0.991773
case_15	82.0	2494061	0.904138	2470366	0.895548	20962	0.00759907	0.990499	0.991586
case_15	214.0	2039252	0.750929	1969526	0.725254	108498	0.039953	0.965808	0.947788
case_15	24.0	2659143	0.967923	2656262	0.966874	3925	0.00142869	0.998917	0.998525
case_15	214.0	2024553	0.753975	1969376	0.733426	101028	0.0376244	0.972746	0.951204
case_15	82.0	2523702	0.889921	2493760	0.879363	20886	0.00736493	0.988136	0.991694
case_15	214.0	2033452	0.748431	1964928	0.72321	108231	0.0398354	0.966302	0.947794
case_15	62.0	2615589	0.915096	2604973	0.911382	13662	0.00477982	0.995941	0.994783
case_15	82.0	2503124	0.907257	2479490	0.898691	20903	0.00757629	0.990558	0.99164
case_15	12.0	2754062	0.987308	2752898	0.986891	1165	0.000417643	0.999577	0.999577
case_15	82.0	2498112	0.906039	2473691	0.897182	21540	0.00781233	0.990224	0.991368
case_15	16.0	2865899	0.983295	2864842	0.982933	1057	0.000362659	0.999631	0.999631
case_15	214.0	2031394	0.750776	1971747	0.728731	104698	0.038695	0.970637	0.949578
case_15	62.0	2592367	0.91095	2578432	0.906053	13603	0.00478005	0.994625	0.994752
case_15	214.0	2033804	0.733225	1972716	0.711202	104451	0.0376566	0.969964	0.949715
case_15	82.0	2515604	0.89017	2488787	0.880681	22537	0.00797493	0.98934	0.991026
case_15	62.0	2612545	0.914614	2600940	0.910551	14651	0.0051291	0.995558	0.994399
case_15	214.0	2041885	0.751395	1972923	0.726018	107372	0.0395119	0.966226	0.948386
case_15	82.0	2530961	0.910564	2505716	0.901482	24004	0.00863592	0.990026	0.990511
case_15	82.0	2525914	0.909344	2500095	0.900049	25210	0.00907575	0.989778	0.990017
case_15	82.0	2521456	0.90731	2496491	0.898326	24063	0.00865872	0.990099	0.990453
case_15	4.0	2779060	0.9958	2778995	0.995777	65	2.3291e-05	0.999977	0.999977
case_16	530.0	1327889	0.463108	1075155	0.374965	290042	0.101154	0.809672	0.787546
case_16	529.0	1328041	0.465894	1073896	0.376736	286775	0.100604	0.808632	0.78924
case_16	31.0	2909772	0.949655	2898155	0.945863	11211	0.0036589	0.996008	0.996147
case_16	530.0	1323097	0.465379	1076004	0.378468	282497	0.0993639	0.813246	0.792052
case_16	14.0	2571801	0.975198	2570456	0.974688	1727	0.000654859	0.999477	0.999329
case_16	2.0	3041436	0.998105	3041138	0.998007	298	9.77943e-05	0.999902	0.999902
case_16	529.0	1381931	0.498657	1105221	0.398808	295464	0.106615	0.799766	0.789057
case_16	530.0	1321755	0.466926	1086789	0.383921	275362	0.0972749	0.822232	0.797848
case_16	31.0	2909093	0.948907	2897537	0.945138	11150	0.00363698	0.996028	0.996167
case_16	328.0	1663472	0.646104	1590300	0.617683	226708	0.0880549	0.956012	0.87523
case_16	31.0	2911111	0.95632	2904527	0.954157	5386	0.00176934	0.997738	0.998149
case_16	529.0	1329555	0.466703	1074909	0.377317	287032	0.100755	0.808473	0.789248
case_16	30.0	2934785	0.958799	2932352	0.958004	8747	0.00285766	0.999171	0.997026
case_16	32.0	2909632	0.953498	2904060	0.951672	5309	0.00173978	0.998085	0.998175
case_16	31.0	2911790	0.957077	2905145	0.954893	5447	0.00179038	0.997718	0.998129
case_16	530.0	1390268	0.502233	1118921	0.404209	288397	0.104183	0.804824	0.795073
case_16	5.0	3034465	0.993386	3033501	0.99307	964	0.000315583	0.999682	0.999682
case_16	530.0	1331596	0.467934	1087584	0.382186	280980	0.0987388	0.816752	0.79469
case_16	529.0	1379511	0.497478	1104861	0.398434	295840	0.106686	0.800908	0.788791
case_16	529.0	1316772	0.464372	1073102	0.37844	280997	0.0990963	0.814949	0.792484
case_16	530.0	1387479	0.497335	1105264	0.396176	295507	0.105923	0.796599	0.78904
case_16	529.0	1318141	0.465134	1074115	0.379024	281254	0.0992464	0.814871	0.792489
case_16	328.0	1643543	0.642086	1573263	0.614629	220892	0.0862963	0.957239	0.876882
case_16	530.0	1316995	0.461712	1074163	0.37658	284462	0.0997267	0.815617	0.790625
case_16	530.0	1383342	0.497522	1108887	0.398814	293311	0.10549	0.8016	0.790821
case_16	5.0	3035145	0.993056	3034347	0.992795	798	0.000261094	0.999737	0.999737
case_16	32.0	2909936	0.946879	2898801	0.943255	11075	0.00360375	0.996173	0.996194
case_16	530.0	1335261	0.467204	1076798	0.376769	288275	0.100867	0.806433	0.788821
case_17	165.0	2034337	0.776361	1964511	0.749714	77574	0.0296045	0.965676	0.962012
case_17	253.0	1886301	0.664857	1764345	0.621871	131075	0.0461995	0.935346	0.930846
case_17	165.0	2113248	0.796096	2045837	0.770701	78431	0.0295463	0.968101	0.963079
case_17	252.0	1875995	0.666033	1777617	0.631106	122267	0.0434084	0.94756	0.935645
case_17	165.0	2049684	0.783568	1978289	0.756275	74174	0.0283558	0.965168	0.963861
case_17	252.0	1937637	0.678213	1851460	0.648049	124738	0.0436609	0.955525	0.93688
case_17	252.0	1935006	0.677677	1840987	0.64475	118586	0.0415311	0.951412	0.939484
case_17	252.0	1941846	0.683116	1851235	0.65124	117196	0.041228	0.953338	0.940462
case_17	62.0	2387222	0.909694	2376836	0.905737	15261	0.00581548	0.995649	0.99362
case_17	110.0	2208325	0.841931	2174690	0.829107	75161	0.0286554	0.984769	0.966593
case_17	252.0	1941566	0.683407	1847729	0.650378	113755	0.0400404	0.951669	0.942006
case_17	252.0	1868012	0.662137	1782204	0.631722	117065	0.041495	0.954065	0.938363
case_17	252.0	1885159	0.672712	1785285	0.637072	117024	0.0417596	0.947021	0.938483
case_17	165.0	2096370	0.789255	2030811	0.764573	80940	0.0304728	0.968727	0.961672
case_17	62.0	2471927	0.929299	2463586	0.926163	12468	0.00468723	0.996626	0.994965
case_17	253.0	1887363	0.661885	1766697	0.619568	137690	0.0482869	0.936066	0.927699
case_17	165.0	2121385	0.807598	2057597	0.783314	78921	0.0300447	0.969931	0.963061
case_17	165.0	2061273	0.796442	1992854	0.770006	76180	0.0294347	0.966807	0.963181
case_17	62.0	2397731	0.915274	2385485	0.910599	16704	0.00637633	0.994893	0.993046
case_17	46.0	2876163	0.946732	2869768	0.944627	12878	0.00423899	0.997777	0.995533
case_17	44.0	2411484	0.932688	2401595	0.928863	17529	0.00677968	0.995899	0.992754
case_17	253.0	1899308	0.676049	1787168	0.636133	133670	0.0475792	0.940957	0.930411
case_17	252.0	1873948	0.667636	1786422	0.636453	111093	0.0395793	0.953293	0.941453
case_17	165.0	2105792	0.801167	2043114	0.77732	78554	0.0298865	0.970235	0.962975
case_17	52.0	2435271	0.929028	2422331	0.924092	16830	0.00642045	0.994686	0.9931
case_17	253.0	1893624	0.670602	1785859	0.632439	142002	0.0502882	0.943091	0.926342
case_17	52.0	2426825	0.924214	2414812	0.919639	12925	0.00492226	0.99505	0.994676
case_17	165.0	2042026	0.787631	1973668	0.761265	83050	0.0320333	0.966524	0.95962
case_18	106.0	2144126	0.883984	2115993	0.872385	32506	0.0134016	0.986879	0.98487
case_18	548.0	1364229	0.518073	1152189	0.437549	316071	0.120029	0.844572	0.784731
case_18	547.0	1358364	0.517232	1134538	0.432005	300162	0.114295	0.835224	0.790784
case_18	547.0	1361541	0.514222	1125520	0.425082	307492	0.116132	0.826652	0.785423
case_18	548.0	1357973	0.51578	1145940	0.435246	312919	0.118852	0.843861	0.785504
case_18	548.0	1359927	0.512673	1145543	0.431853	313086	0.118029	0.842356	0.785356
case_18	66.0	2255922	0.923616	2249110	0.920827	23835	0.00975849	0.99698	0.989514
case_18	547.0	1338130	0.508639	1110324	0.422047	305161	0.115995	0.829758	0.784412
case_18	547.0	1361769	0.518177	1129014	0.429609	308557	0.117411	0.829079	0.785362
case_18	72.0	2259283	0.922357	2235482	0.912641	20957	0.00855574	0.989465	0.990712
case_18	72.0	2245724	0.924961	2231511	0.919107	15418	0.00635031	0.993671	0.993138
case_18	548.0	1364698	0.514389	1150276	0.433568	316173	0.119174	0.84288	0.784396
case_18	547.0	1371491	0.524787	1146700	0.438773	301252	0.115271	0.836097	0.791946
case_18	161.0	2035782	0.830133	1988859	0.810999	48161	0.0196387	0.976951	0.976357
case_18	547.0	1345085	0.515153	1115361	0.427171	305557	0.117025	0.829212	0.784958
case_18	161.0	2041810	0.831782	1995210	0.812798	47854	0.0194945	0.977177	0.976577
case_18	161.0	2057794	0.833488	2004991	0.812101	51381	0.0208113	0.97434	0.975014
case_18	161.0	2040585	0.833652	1989151	0.81264	51720	0.0211295	0.974794	0.974658
case_18	547.0	1367966	0.519509	1144968	0.434821	300413	0.114087	0.836986	0.792157
case_18	16.0	2751565	0.978603	2750155	0.978101	664	0.000236154	0.999488	0.999759
case_18	106.0	2158414	0.887322	2132338	0.876602	29631	0.0121813	0.987919	0.986294
case_18	14.0	2425514	0.980334	2424793	0.980043	720	0.000291007	0.999703	0.999703
case_18	106.0	2151712	0.879298	2125079	0.868414	35813	0.014635	0.987622	0.983427
case_18	161.0	2051008	0.830597	1997654	0.80899	53916	0.0218344	0.973986	0.97372
case_18	547.0	1361031	0.522178	1137004	0.436227	300486	0.115286	0.835399	0.790965
case_18	161.0	2045857	0.833575	1999250	0.814585	45892	0.0186985	0.977219	0.97756
case_18	161.0	2040205	0.832081	1995120	0.813693	45500	0.0185568	0.977902	0.977703
case_18	161.0	2046309	0.836136	1995951	0.815559	49308	0.0201476	0.975391	0.975892
case_19	25.0	2568012	0.956419	2562796	0.954476	5213	0.00194151	0.997969	0.99797
case_19	149.0	2139497	0.835549	2058703	0.803996	68232	0.026647	0.962237	0.96792
case_19	94.0	2379402	0.896052	2313002	0.871047	38634	0.0145491	0.972094	0.983571
case_19	93.0	2359564	0.897305	2295306	0.872869	38074	0.0144789	0.972767	0.983683
case_19	25.0	2567274	0.95765	2561836	0.955622	5854	0.00218367	0.997882	0.99772
case_19	94.0	2359896	0.895064	2305978	0.874614	38949	0.0147726	0.977152	0.98339
case_19	148.0	2148272	0.827027	2079991	0.800741	71620	0.0275718	0.968216	0.966713
case_19	149.0	2154281	0.837523	2073794	0.806232	67485	0.0262362	0.962639	0.968484
case_19	149.0	2152919	0.826603	2094577	0.804203	70976	0.0272509	0.972901	0.967225
case_19	93.0	2357516	0.895089	2303441	0.874558	39785	0.0151054	0.977063	0.983021
case_19	94.0	2365695	0.894805	2299162	0.86964	39474	0.0149307	0.971876	0.983121
case_19	149.0	2171080	0.827583	2104095	0.802049	71823	0.0273778	0.969147	0.966992
case_19	10.0	2562751	0.988481	2562026	0.988201	1642	0.000633337	0.999717	0.99936
case_19	94.0	2344830	0.893286	2290753	0.872685	39815	0.0151679	0.976938	0.982916
case_19	93.0	2342450	0.893309	2288216	0.872627	40651	0.0155025	0.976847	0.982545
case_19	4.0	2659044	0.995738	2658516	0.995541	528	0.000197721	0.999801	0.999801
case_19	5.0	2652921	0.995032	2651758	0.994595	1163	0.000436207	0.999562	0.999562
case_19	26.0	2570735	0.955917	2564922	0.953756	5810	0.00216042	0.997739	0.99774
case_19	26.0	2572199	0.957005	2566954	0.955053	6156	0.00229038	0.997961	0.997608
case_19	93.0	2345856	0.896051	2281603	0.871508	38776	0.0148113	0.97261	0.983289
case_19	149.0	2154718	0.826809	2096348	0.804412	71888	0.0275849	0.972911	0.966845
case_19	148.0	2148424	0.825743	2090211	0.803369	71611	0.0275236	0.972904	0.966875
case_19	13.0	2624758	0.98603	2622817	0.985301	1941	0.000729166	0.999261	0.999261
case_19	94.0	2344760	0.892741	2289670	0.871766	39386	0.0149958	0.976505	0.983089
case_19	13.0	2623739	0.985083	2621586	0.984275	2153	0.000808344	0.999179	0.999179
case_19	94.0	2359826	0.89452	2304895	0.873698	38520	0.0146015	0.976722	0.983562
case_19	12.0	2621016	0.985636	2619460	0.985051	1556	0.000585136	0.999406	0.999406
case_19	5.0	2651902	0.994081	2650527	0.993565	1375	0.000515427	0.999482	0.999482
case_1	130.0	2232613	0.841772	2184536	0.823645	62507	0.0235673	0.978466	0.972183
case_1	130.0	2188658	0.857749	2132482	0.835733	63279	0.0247994	0.974333	0.971181
case_1	130.0	2222875	0.841464	2174138	0.823015	63084	0.0238803	0.978075	0.971803
case_1	54.0	2382694	0.938533	2371155	0.933988	15530	0.0061172	0.995157	0.993493
case_1	130.0	2200394	0.861005	2146148	0.839779	64619	0.0252852	0.975347	0.970771
case_1	10.0	2749603	0.990913	2748348	0.99046	1255	0.000452282	0.999544	0.999544
case_1	130.0	2248017	0.844711	2201263	0.827143	58669	0.0220454	0.979202	0.974039
case_1	130.0	2239587	0.844102	2189947	0.825392	63114	0.0237877	0.977835	0.971987
case_1	54.0	2371655	0.935652	2359544	0.930874	12640	0.00498666	0.994893	0.994672
case_1	20.0	2691904	0.972161	2688241	0.970838	6702	0.00242038	0.998639	0.997513
case_1	82.0	2372499	0.888117	2351664	0.880318	26661	0.00998023	0.991218	0.98879
case_1	130.0	2228765	0.843393	2177961	0.824168	63810	0.0241465	0.977205	0.971536
case_1	34.0	2407922	0.955496	2405161	0.9544	7018	0.00278484	0.998853	0.997091
case_1	130.0	2219868	0.838224	2170015	0.8194	61272	0.0231364	0.977542	0.97254
case_1	130.0	2191540	0.861113	2137297	0.8398	64639	0.0253983	0.975249	0.970644
case_1	130.0	2242668	0.843	2197541	0.826037	57990	0.0217979	0.979878	0.97429
case_1	130.0	2226842	0.840559	2175315	0.821109	61879	0.0233573	0.976861	0.972341
case_1	130.0	2213799	0.863526	2164609	0.844338	59015	0.0230197	0.97778	0.97346
case_1	82.0	2391299	0.893206	2371439	0.885787	28986	0.0108269	0.991695	0.987925
case_1	34.0	2399013	0.953466	2395614	0.952115	3026	0.00120266	0.998583	0.998738
case_1	130.0	2210123	0.838487	2158849	0.819034	59612	0.0226159	0.9768	0.973129
case_1	8.0	2496025	0.98786	2495153	0.987515	872	0.000345114	0.999651	0.999651
case_1	130.0	2233231	0.841296	2181832	0.821933	55429	0.020881	0.976984	0.975225
case_1	82.0	2397279	0.895125	2377130	0.887601	29732	0.0111017	0.991595	0.987647
case_1	20.0	2691234	0.97225	2688512	0.971266	5761	0.00208125	0.998989	0.997862
case_1	130.0	2209820	0.836271	2156203	0.815981	57681	0.0218285	0.975737	0.973946
case_1	130.0	2223243	0.840085	2171604	0.820573	58916	0.0222623	0.976773	0.973586
case_1	54.0	2375047	0.939444	2364503	0.935273	13448	0.00531932	0.995561	0.994345
case_20	21.0	2368089	0.933743	2365175	0.932594	3924	0.00154724	0.998769	0.998344
case_20	20.0	2475455	0.964187	2474026	0.963631	2365	0.000921165	0.999423	0.999045
case_20	29.0	2487620	0.96617	2480451	0.963385	3787	0.00147084	0.997118	0.998476
case_20	29.0	2470450	0.961969	2467324	0.960752	2788	0.00108562	0.998735	0.998871
case_20	401.0	1599001	0.618229	1388065	0.536674	248027	0.0958958	0.868083	0.848403
case_20	21.0	2389150	0.939674	2385635	0.938291	4678	0.0018399	0.998529	0.998043
case_20	58.0	2359866	0.918177	2348885	0.913904	12505	0.00486545	0.995347	0.994704
case_20	400.0	1671868	0.638005	1448204	0.552652	257724	0.0983506	0.866219	0.848924
case_20	57.0	2283090	0.896984	2270360	0.891983	14299	0.00561781	0.994424	0.993741
case_20	400.0	1661598	0.63524	1428074	0.545962	262112	0.100207	0.859458	0.844921
case_20	57.0	2394836	0.929135	2381403	0.923924	11995	0.00465375	0.994391	0.994988
case_20	57.0	2397830	0.93037	2384343	0.925137	12049	0.00467507	0.994375	0.994972
case_20	28.0	2394198	0.941394	2390946	0.940115	2901	0.00114067	0.998642	0.998788
case_20	29.0	2490613	0.967408	2483391	0.964603	3841	0.00149193	0.9971	0.998456
case_20	57.0	2388036	0.928211	2373232	0.922457	10795	0.00419593	0.993801	0.995472
case_20	402.0	1655195	0.633861	1455787	0.557497	249752	0.0956431	0.879526	0.853564
case_20	28.0	2393493	0.941042	2390360	0.93981	3550	0.00139574	0.998691	0.998517
case_20	48.0	2422510	0.940935	2415228	0.938107	13137	0.00510259	0.996994	0.99459
case_20	402.0	1666941	0.636797	1459201	0.557437	258686	0.098822	0.875377	0.849416
case_20	58.0	2375647	0.923725	2356667	0.916345	13007	0.00505752	0.992011	0.994511
case_20	57.0	2392388	0.929975	2377622	0.924236	10757	0.00418149	0.993828	0.995496
case_20	6.0	2559278	0.993724	2558998	0.993616	280	0.000108719	0.999891	0.999891
case_20	58.0	2356717	0.918653	2339583	0.911974	11840	0.00461525	0.99273	0.994965
case_20	57.0	2281330	0.897972	2264813	0.89147	13169	0.00518355	0.99276	0.994219
case_20	401.0	1671182	0.638193	1460871	0.557879	261662	0.0999238	0.874154	0.848095
case_20	58.0	2384403	0.925417	2367276	0.91877	14229	0.00552246	0.992817	0.994025
case_20	29.0	2467454	0.960727	2462873	0.958944	2887	0.00112408	0.998143	0.998829
case_20	401.0	1677836	0.640783	1465304	0.559615	259195	0.0989893	0.87333	0.849698
case_21	176.0	2055306	0.783142	2013529	0.767223	56550	0.0215475	0.979674	0.972682
case_21	90.0	2257587	0.854387	2244909	0.849589	21194	0.0080209	0.994384	0.990647
case_21	646.0	1153276	0.46266	901989	0.361851	279514	0.112133	0.78211	0.763425
case_21	180.0	1865565	0.776858	1810615	0.753976	50287	0.0209405	0.970545	0.972977
case_21	22.0	2462435	0.975924	2461158	0.975418	3710	0.00147037	0.999481	0.998495
case_21	176.0	2076073	0.817527	2040565	0.803545	60333	0.0237583	0.982897	0.971282
case_21	91.0	2239403	0.857788	2225730	0.852551	21776	0.00834115	0.993894	0.990311
case_21	177.0	2078519	0.828288	2045493	0.815127	62853	0.0250469	0.984111	0.970188
case_21	177.0	2068245	0.824733	2035587	0.81171	60816	0.024251	0.98421	0.97099
case_21	647.0	1155186	0.469391	901765	0.366418	276892	0.112511	0.780623	0.765078
case_21	4.0	2488576	0.996804	2488378	0.996724	198	7.93093e-05	0.99992	0.99992
case_21	646.0	1136125	0.458774	900075	0.363456	281721	0.113761	0.792232	0.761616
case_21	180.0	1835024	0.769353	1781058	0.746727	61168	0.0256453	0.970591	0.966797
case_21	180.0	1832147	0.736866	1777037	0.714701	51441	0.0206889	0.969921	0.971867
case_21	646.0	1029852	0.440717	816610	0.349462	254190	0.108779	0.792939	0.762617
case_21	176.0	2062266	0.785303	2020467	0.769386	57886	0.0220428	0.979732	0.972148
case_21	646.0	1134548	0.458441	894167	0.361309	274283	0.110831	0.788126	0.765259
case_21	181.0	1839365	0.776187	1788530	0.754735	48565	0.0204938	0.972363	0.973564
case_21	176.0	2087609	0.821539	2050826	0.807064	62370	0.0245445	0.98238	0.970485
case_21	181.0	1846774	0.778477	1796395	0.757241	47281	0.0199305	0.972721	0.974355
case_21	177.0	2072345	0.82553	2039487	0.81244	60780	0.024212	0.984145	0.971061
case_21	180.0	1828367	0.76709	1772961	0.743844	54515	0.0228717	0.969696	0.970169
case_21	31.0	2418196	0.957441	2414676	0.956047	2934	0.00116166	0.998544	0.998786
case_21	647.0	1157322	0.469773	905939	0.367733	276116	0.112079	0.782789	0.76641
case_21	646.0	1182401	0.458705	889950	0.345251	253229	0.0982387	0.752663	0.778487
case_21	31.0	2427362	0.960102	2424020	0.95878	2756	0.00109009	0.998623	0.998864
case_21	177.0	2082619	0.82908	2049393	0.815853	62817	0.0250071	0.984046	0.97026
case_21	91.0	2246125	0.859525	2233033	0.854515	21598	0.00826491	0.994171	0.990421
case_22	228.0	1973555	0.760344	1909547	0.735683	150203	0.0578681	0.967567	0.927077
case_22	54.0	2327837	0.930579	2325006	0.929448	9156	0.00366021	0.998784	0.996077
case_22	37.0	2539986	0.960591	2526526	0.955501	9392	0.00355194	0.994701	0.996296
case_22	37.0	2552774	0.959323	2542190	0.955345	6520	0.00245019	0.995854	0.997442
case_22	37.0	2533169	0.959793	2520135	0.954855	9510	0.00360325	0.994855	0.996241
case_22	227.0	1963452	0.759363	1891989	0.731725	157095	0.0607563	0.963603	0.923334
case_22	34.0	2536379	0.95674	2527911	0.953546	11425	0.00430959	0.996661	0.995501
case_22	243.0	1978273	0.761106	1883145	0.724507	133212	0.051251	0.951914	0.933934
case_22	37.0	2521116	0.957106	2508815	0.952436	9836	0.0037341	0.995121	0.996095
case_22	244.0	1931847	0.755101	1817376	0.710358	126251	0.0493477	0.940745	0.935044
case_22	244.0	1939095	0.756484	1826061	0.712387	126036	0.0491694	0.941708	0.935436
case_22	6.0	2634643	0.994491	2634287	0.994356	356	0.000134378	0.999865	0.999865
case_22	244.0	1885626	0.744188	1780981	0.702889	118826	0.0468963	0.944504	0.937454
case_22	243.0	1925827	0.754236	1813571	0.710272	127832	0.0500645	0.94171	0.934155
case_22	244.0	1986016	0.76611	1885314	0.727264	127002	0.0489913	0.949294	0.936888
case_22	37.0	2532755	0.955422	2523982	0.952112	7057	0.00266209	0.996536	0.997212
case_22	244.0	1925746	0.754244	1813048	0.710105	126343	0.0494839	0.941478	0.934854
case_22	228.0	1956461	0.756699	1892800	0.732077	150353	0.0581519	0.967461	0.926411
case_22	244.0	1839247	0.734299	1725802	0.689007	119258	0.0476124	0.93832	0.935364
case_22	37.0	2544453	0.957962	2536239	0.954869	6624	0.00249387	0.996772	0.997395
case_22	243.0	1966499	0.761505	1863251	0.721524	129996	0.0503395	0.947497	0.934782
case_22	228.0	1964927	0.758453	1900983	0.733771	149105	0.0575539	0.967457	0.927269
case_22	244.0	1979688	0.765117	1876888	0.725387	127163	0.0491464	0.948073	0.936547
case_22	243.0	1934007	0.752481	1829526	0.71183	131316	0.0510923	0.945977	0.933031
case_22	227.0	1967290	0.755928	1902921	0.731195	154044	0.0591912	0.96728	0.925111
case_22	244.0	1972350	0.763811	1872646	0.7252	126423	0.0489585	0.949449	0.936759
case_22	6.0	2616317	0.991348	2615790	0.991148	527	0.000199685	0.999799	0.999799
case_22	4.0	2628696	0.994191	2628405	0.994081	291	0.000110058	0.999889	0.999889
case_23	48.0	2419506	0.942144	2408126	0.937713	17458	0.00679806	0.995297	0.992803
case_23	285.0	1756334	0.68909	1614803	0.633561	179072	0.0702581	0.919417	0.900176
case_23	128.0	1752271	0.769532	1722565	0.756486	29090	0.0127752	0.983047	0.983393
case_23	75.0	2337104	0.902412	2316305	0.894381	28639	0.0110582	0.991101	0.987787
case_23	129.0	1731763	0.753328	1703980	0.741242	39659	0.0172519	0.983957	0.977255
case_23	75.0	2320556	0.901271	2295512	0.891544	29084	0.0112958	0.989208	0.987489
case_23	46.0	2374724	0.946321	2367840	0.943578	12511	0.0049856	0.997101	0.994744
case_23	128.0	1767912	0.771722	1738635	0.758942	36303	0.0158468	0.98344	0.979547
case_23	285.0	1754673	0.688714	1611271	0.632429	183148	0.0718861	0.918274	0.897935
case_23	10.0	2527255	0.989915	2525540	0.989243	3074	0.00120407	0.999321	0.998784
case_23	129.0	1725657	0.750338	1698379	0.738477	37131	0.016145	0.984193	0.978605
case_23	284.0	1786532	0.707617	1641948	0.650349	181281	0.0718025	0.91907	0.900571
case_23	75.0	2321787	0.901302	2298718	0.892347	27850	0.0108112	0.990064	0.98803
case_23	75.0	2333253	0.900569	2312776	0.892665	28504	0.0110017	0.991224	0.987825
case_23	284.0	1804021	0.710301	1652359	0.650586	172564	0.0679439	0.915931	0.90544
case_23	285.0	1790010	0.699088	1644990	0.64245	181945	0.0710586	0.918984	0.90041
case_23	8.0	2575385	0.990984	2574822	0.990767	563	0.000216637	0.999781	0.999781
case_23	75.0	2318615	0.900159	2292533	0.890033	29007	0.0112614	0.988751	0.987505
case_23	285.0	1788349	0.698718	1641458	0.641327	186021	0.0726795	0.917862	0.898209
case_23	75.0	2319863	0.900198	2295357	0.890688	28155	0.0109252	0.989436	0.987883
case_23	128.0	1750967	0.769391	1721558	0.756468	31475	0.0138304	0.983204	0.982045
case_23	48.0	2421382	0.943343	2407992	0.938127	18477	0.00719843	0.99447	0.992385
case_23	284.0	1422874	0.632733	1350128	0.600384	124130	0.055199	0.948874	0.915802
case_23	284.0	1781802	0.705387	1639149	0.648913	177148	0.07013	0.919939	0.902467
case_23	284.0	1819927	0.717513	1669917	0.658371	185552	0.0731546	0.917574	0.899997
case_23	284.0	1447535	0.640362	1374862	0.608213	122936	0.0543846	0.949795	0.917922
case_23	284.0	1837514	0.720165	1680589	0.658662	176180	0.0690491	0.914599	0.905115
case_23	284.0	1816113	0.715649	1667950	0.657265	181936	0.0716929	0.918418	0.90165
case_24	26.0	2421443	0.959736	2417212	0.958059	4681	0.00185531	0.998253	0.998067
case_24	282.0	1819409	0.699917	1690640	0.65038	180051	0.0692647	0.929225	0.903752
case_24	122.0	1860672	0.762656	1827718	0.749148	39614	0.0162371	0.982289	0.978786
case_24	282.0	1491613	0.623204	1410917	0.589489	153357	0.0640734	0.9459	0.901963
case_24	122.0	1875416	0.75857	1845225	0.746359	44970	0.0181895	0.983902	0.976209
case_24	282.0	1478358	0.634689	1399000	0.600619	150291	0.064523	0.94632	0.902994
case_24	282.0	1488465	0.623118	1398101	0.585289	144494	0.0604897	0.93929	0.906331
case_24	26.0	2406500	0.956517	2403759	0.955428	4475	0.00177869	0.998861	0.998142
case_24	282.0	1480435	0.636872	1394585	0.59994	141051	0.0606791	0.94201	0.908148
case_24	282.0	1793742	0.6988	1665968	0.649022	173402	0.0675534	0.928767	0.905728
case_24	282.0	1832486	0.703018	1699948	0.652171	176477	0.067704	0.927673	0.90595
case_24	282.0	1815832	0.699812	1677888	0.646649	171904	0.0662509	0.924033	0.907068
case_24	6.0	2501260	0.989519	2500453	0.9892	807	0.000319256	0.999677	0.999677
case_24	282.0	1491600	0.638419	1408560	0.602877	146991	0.0629136	0.944328	0.905506
case_24	282.0	1807174	0.702082	1676692	0.65139	169394	0.0658091	0.927798	0.908242
case_24	12.0	2118378	0.991307	2117964	0.991113	414	0.000193734	0.999805	0.999805
case_24	122.0	1835509	0.772673	1800766	0.758047	22172	0.00933349	0.981072	0.987837
case_24	122.0	1852647	0.769641	1821009	0.756498	27734	0.0115215	0.982923	0.984998
case_24	122.0	1851518	0.768868	1819351	0.755511	27525	0.0114301	0.982627	0.985096
case_24	22.0	2555417	0.965863	2553040	0.964965	3731	0.00141019	0.99907	0.998541
case_24	282.0	1501429	0.625441	1417999	0.590687	150277	0.0626	0.944433	0.904177
case_24	282.0	1481025	0.637387	1394183	0.600013	141574	0.060929	0.941364	0.907815
case_24	282.0	1794255	0.700288	1658079	0.647139	164650	0.064262	0.924104	0.909668
case_24	110.0	1904524	0.864866	1883440	0.855292	34113	0.0154911	0.98893	0.98221
case_24	282.0	1491516	0.638643	1407224	0.602551	147090	0.0629816	0.943486	0.905367
case_24	110.0	1901470	0.863853	1881489	0.854775	34527	0.0156859	0.989492	0.98198
case_24	282.0	1478380	0.634958	1397664	0.600291	150390	0.0645919	0.945402	0.902852
case_24	122.0	1836092	0.773228	1801878	0.75882	22435	0.00944798	0.981366	0.987702
case_25	199.0	1977461	0.772133	1869529	0.729989	100675	0.0393103	0.945419	0.948901
case_25	198.0	2008929	0.789472	1961809	0.770955	96969	0.038107	0.976545	0.9529
case_25	272.0	1875568	0.731016	1748301	0.681413	154112	0.0600663	0.932145	0.918991
case_25	199.0	2022894	0.790397	1935743	0.756345	64636	0.025255	0.956918	0.967688
case_25	199.0	1985827	0.774677	1879189	0.733077	101767	0.0396996	0.9463	0.948627
case_25	199.0	1994558	0.780751	1897455	0.742741	71669	0.0280542	0.951316	0.963604
case_25	110.0	2268523	0.87442	2242707	0.864469	36559	0.014092	0.98862	0.98396
case_25	199.0	2038258	0.785989	1949863	0.751903	78125	0.0301264	0.956632	0.961477
case_25	271.0	1893114	0.726626	1768616	0.67884	157277	0.060367	0.934236	0.918336
case_25	110.0	2276765	0.876789	2247489	0.865515	38604	0.0148665	0.987141	0.983114
case_25	198.0	2058406	0.797575	2010272	0.778924	100014	0.0387526	0.976616	0.952606
case_25	26.0	2496283	0.970016	2494005	0.969131	4032	0.00156677	0.999087	0.998386
case_25	272.0	1920686	0.738191	1803789	0.693263	153321	0.058927	0.939138	0.921659
case_25	199.0	2069367	0.797284	1984190	0.764467	67129	0.0258634	0.958839	0.967275
case_25	199.0	2029586	0.791043	1914026	0.746003	96613	0.0376555	0.943062	0.951949
case_25	199.0	1997101	0.781015	1902201	0.743902	75462	0.0295113	0.952481	0.961843
case_25	271.0	1867285	0.721863	1751186	0.676981	154162	0.0595966	0.937825	0.91909
case_25	271.0	1849140	0.716142	1725363	0.668205	148085	0.0573509	0.933062	0.920956
case_25	199.0	2057363	0.798068	1958968	0.7599	73307	0.0284364	0.952174	0.963929
case_25	66.0	2401858	0.924151	2393797	0.921049	14911	0.00573723	0.996644	0.99381
case_25	34.0	2463727	0.956987	2460632	0.955785	4454	0.00173007	0.998744	0.998193
case_25	199.0	2101022	0.803723	2007773	0.768052	75959	0.0290573	0.955617	0.963547
case_25	110.0	2231273	0.865466	2197623	0.852414	42465	0.0164713	0.984919	0.981043
case_25	110.0	2226216	0.864306	2196541	0.852785	40554	0.0157447	0.98667	0.981872
case_25	199.0	2036817	0.786158	1948336	0.752007	74408	0.0287196	0.956559	0.963214
case_25	271.0	1857845	0.718848	1728254	0.668706	148837	0.0575888	0.930247	0.920709
case_25	272.0	1850671	0.719526	1732257	0.673488	158890	0.0617752	0.936016	0.915982
case_25	199.0	2067305	0.799948	1948518	0.753983	102061	0.0394927	0.94254	0.950228
case_26	52.0	2038623	0.880094	2029947	0.876348	8993	0.00388237	0.995744	0.995589
case_26	268.0	1987355	0.756664	1879126	0.715457	132745	0.0505412	0.945541	0.934019
case_26	268.0	2008928	0.757729	1895188	0.714829	126906	0.0478665	0.943383	0.93724
case_26	295.0	1695063	0.683616	1608354	0.648647	122477	0.0493948	0.948846	0.929238
case_26	78.0	2415703	0.923193	2396323	0.915787	21633	0.00826734	0.991977	0.991053
case_26	0.0	2639504	1.0	2639504	1.0	0	0.0	1.0	1.0
case_26	295.0	1715008	0.683734	1618175	0.645129	137464	0.0548037	0.943538	0.921701
case_26	268.0	2008928	0.757729	1895188	0.714829	126906	0.0478665	0.943383	0.93724
case_26	295.0	1556825	0.638621	1444658	0.59261	128464	0.0526969	0.927951	0.918338
case_26	295.0	1592982	0.656966	1499637	0.618469	108128	0.0445934	0.941402	0.932746
case_26	268.0	1987355	0.756664	1879126	0.715457	132745	0.0505412	0.945541	0.934019
case_26	295.0	1749648	0.691608	1660034	0.656185	136074	0.0537879	0.948782	0.92424
case_26	50.0	2477352	0.937872	2468975	0.934701	19400	0.00734442	0.996619	0.992204
case_26	52.0	2009891	0.878593	1996621	0.872792	9157	0.00400284	0.993398	0.995435
case_26	295.0	1662543	0.667865	1556821	0.625395	141415	0.0568083	0.936409	0.916728
case_26	295.0	1725291	0.688725	1632437	0.651659	134257	0.0535946	0.946181	0.924007
case_26	268.0	1992830	0.757811	1871366	0.711622	124968	0.0475214	0.939049	0.937401
case_26	295.0	1556825	0.638621	1444658	0.59261	128464	0.0526969	0.927951	0.918338
case_26	295.0	1610074	0.657298	1516087	0.618929	107517	0.0438928	0.941626	0.933779
case_26	268.0	1992830	0.757811	1871366	0.711622	124968	0.0475214	0.939049	0.937401
case_26	78.0	2444670	0.926639	2432258	0.921934	19667	0.00745467	0.994923	0.991979
case_26	22.0	2277180	0.96168	2274700	0.960633	3657	0.00154439	0.998911	0.998395
case_26	295.0	1696493	0.673724	1583529	0.628863	150318	0.0596954	0.933413	0.913304
case_26	295.0	1600119	0.659026	1494331	0.615456	107168	0.0441383	0.933887	0.933083
case_26	295.0	1696493	0.673724	1583529	0.628863	150318	0.0596954	0.933413	0.913304
case_26	295.0	1662543	0.667865	1556821	0.625395	141415	0.0568083	0.936409	0.916728
case_26	295.0	1721458	0.688285	1640267	0.655823	123701	0.049459	0.952836	0.929873
case_26	295.0	1702649	0.687577	1618020	0.653401	125050	0.0504987	0.950296	0.928259
case_27	182.0	2113451	0.822136	2067365	0.804208	77358	0.0300924	0.978194	0.963931
case_27	296.0	1912310	0.720255	1774752	0.668445	158149	0.0595654	0.928067	0.91818
case_27	182.0	2110264	0.822787	2069971	0.807077	73189	0.0285362	0.980906	0.96585
case_27	6.0	2553643	0.992936	2553109	0.992728	534	0.000207636	0.999791	0.999791
case_27	18.0	2518697	0.982593	2517023	0.98194	2142	0.000835636	0.999335	0.99915
case_27	78.0	2305719	0.890217	2293196	0.885382	17260	0.00666393	0.994569	0.99253
case_27	296.0	1913662	0.722372	1777263	0.670884	161368	0.0609134	0.928724	0.916762
case_27	78.0	2303698	0.890894	2291294	0.886097	17096	0.00661142	0.994616	0.992594
case_27	182.0	2114864	0.823221	2072557	0.806753	74022	0.0288134	0.979995	0.965516
case_27	78.0	2305726	0.893149	2291640	0.887692	17403	0.00674125	0.993891	0.992463
case_27	296.0	1917294	0.722587	1777595	0.669938	161292	0.0607875	0.927137	0.916812
case_27	12.0	2533090	0.985698	2532587	0.985503	503	0.000195732	0.999801	0.999801
case_27	78.0	2310791	0.8916	2295095	0.885543	21587	0.00832916	0.993208	0.990682
case_27	296.0	1909892	0.721484	1775254	0.670623	162680	0.0614543	0.929505	0.916055
case_27	52.0	2418900	0.94149	2410789	0.938333	9266	0.00360653	0.996647	0.996171
case_27	296.0	1912550	0.723114	1778355	0.672376	162449	0.0614202	0.929835	0.916298
case_27	12.0	2531298	0.986627	2530058	0.986144	359	0.000139928	0.99951	0.999858
case_27	52.0	2412361	0.938108	2406911	0.935989	8724	0.00339255	0.997741	0.996389
case_27	78.0	2301561	0.890745	2288987	0.885879	17001	0.00657969	0.994537	0.992627
case_27	182.0	2108462	0.822716	2067250	0.806635	73272	0.0285905	0.980454	0.965769
case_27	18.0	2514398	0.981669	2511110	0.980385	1823	0.000711734	0.998692	0.999275
case_27	182.0	2113579	0.82545	2069011	0.808044	73639	0.0287594	0.978913	0.965632
case_27	52.0	2413758	0.937934	2406973	0.935297	10049	0.00390482	0.997189	0.995842
case_27	18.0	2520718	0.981759	2518924	0.98106	2262	0.000880994	0.999288	0.999103
case_27	296.0	1885768	0.706971	1739447	0.652116	165774	0.0621484	0.922408	0.91299
case_27	52.0	2418701	0.93831	2411952	0.935692	10193	0.00395427	0.99721	0.995792
case_27	296.0	1905198	0.719938	1771389	0.669374	168214	0.0635648	0.929766	0.913274
case_27	182.0	2066067	0.799863	2023288	0.783301	77424	0.0299741	0.979294	0.963144
case_28	191.0	1981492	0.773039	1900495	0.741439	74525	0.0290744	0.959123	0.962266
case_28	150.0	2093147	0.746347	2031302	0.724295	64168	0.0228802	0.970454	0.969378
case_28	149.0	2040100	0.799068	1975746	0.773862	62382	0.0244338	0.968455	0.969393
case_28	191.0	2107141	0.794028	2030692	0.765219	89752	0.033821	0.963719	0.957673
case_28	150.0	2234318	0.77296	2164275	0.748729	72287	0.0250076	0.968651	0.967679
case_28	190.0	1955908	0.761768	1871562	0.728917	84899	0.0330656	0.956876	0.956606
case_28	58.0	2329437	0.911431	2319273	0.907454	17077	0.00668166	0.995637	0.992691
case_28	125.0	2145496	0.841804	2108458	0.827272	53170	0.0208617	0.982737	0.975403
case_28	150.0	2234318	0.77296	2164275	0.748729	72287	0.0250076	0.968651	0.967679
case_28	150.0	2093147	0.746347	2031302	0.724295	64168	0.0228802	0.970454	0.969378
case_28	34.0	2579627	0.966793	2576254	0.965529	3373	0.00126413	0.998692	0.998692
case_28	191.0	2104389	0.723282	2017664	0.693474	99652	0.0342505	0.958789	0.952935
case_28	150.0	2240151	0.846526	2178953	0.8234	66858	0.0252648	0.972681	0.97023
case_28	191.0	1996612	0.775472	1917027	0.744562	79218	0.0307678	0.96014	0.960316
case_28	149.0	2051642	0.733408	1984245	0.709315	70380	0.025159	0.96715	0.965746
case_28	0.0	3139320	1.0	3139320	1.0	0	0.0	1.0	1.0
case_28	191.0	2093271	0.722304	2009124	0.693268	95730	0.0330326	0.959801	0.954519
case_28	191.0	2093271	0.722304	2009124	0.693268	95730	0.0330326	0.959801	0.954519
case_28	191.0	2125058	0.797338	2045076	0.767328	93055	0.0349149	0.962362	0.956478
case_28	191.0	2135834	0.80618	2042701	0.771026	82403	0.0311034	0.956395	0.961224
case_28	191.0	2145288	0.806263	2052376	0.771343	88025	0.0330824	0.95669	0.958875
case_28	125.0	2056861	0.835236	2025164	0.822365	51114	0.020756	0.98459	0.975382
case_28	149.0	2051642	0.733408	1984245	0.709315	70380	0.025159	0.96715	0.965746
case_28	190.0	1949764	0.762777	1868442	0.730963	80538	0.0315077	0.958291	0.958677
case_28	82.0	2404676	0.830628	2396292	0.827732	30918	0.0106798	0.996513	0.987262
case_28	191.0	2104389	0.723282	2017664	0.693474	99652	0.0342505	0.958789	0.952935
case_28	82.0	2404676	0.830628	2396292	0.827732	30918	0.0106798	0.996513	0.987262
case_28	150.0	2097657	0.81933	2042655	0.797846	56968	0.0222513	0.973779	0.972868
case_29	462.0	1506138	0.610005	1335790	0.541012	255079	0.10331	0.886897	0.839661
case_29	463.0	1490922	0.605871	1308034	0.53155	242728	0.0986381	0.877332	0.843478
case_29	113.0	1897522	0.82408	1880855	0.816842	19509	0.00847262	0.991216	0.989734
case_29	24.0	2503715	0.96398	2501499	0.963127	5240	0.0020175	0.999115	0.99791
case_29	40.0	2482142	0.944765	2476916	0.942776	6508	0.00247711	0.997895	0.997379
case_29	463.0	1440301	0.596664	1267033	0.524885	231736	0.0959997	0.8797	0.845382
case_29	463.0	1458160	0.591346	1284061	0.520742	246394	0.0999233	0.880604	0.839006
case_29	462.0	1484800	0.608757	1308400	0.536434	248912	0.102052	0.881196	0.840166
case_29	78.0	2394136	0.909524	2382362	0.905051	27112	0.0102998	0.995082	0.988748
case_29	463.0	1449830	0.591176	1273874	0.519429	244046	0.0995111	0.878637	0.839223
case_29	462.0	1503162	0.606702	1322483	0.533777	267274	0.107876	0.879801	0.831877
case_29	56.0	2133634	0.905185	2126343	0.902092	13033	0.0055292	0.996583	0.993908
case_29	56.0	2163807	0.912805	2157109	0.909979	12441	0.00524825	0.996905	0.994266
case_29	113.0	1867845	0.815933	1850555	0.80838	20311	0.00887247	0.990743	0.989144
case_29	463.0	1575731	0.621108	1405579	0.554039	262017	0.10328	0.892017	0.842877
case_29	463.0	1476892	0.604314	1306651	0.534655	242520	0.0992342	0.88473	0.843452
case_29	463.0	1452713	0.598488	1279242	0.527022	235771	0.0971329	0.880588	0.844377
case_29	78.0	2400439	0.910708	2384360	0.904608	24249	0.00919988	0.993302	0.989932
case_29	40.0	2422109	0.933818	2417540	0.932057	6206	0.00239266	0.998114	0.99744
case_29	78.0	2340362	0.899342	2327199	0.894284	23097	0.00887559	0.994376	0.990173
case_29	6.0	2244316	0.985451	2242758	0.984767	884	0.000388154	0.999306	0.999606
case_29	463.0	1485769	0.604636	1317367	0.536105	243357	0.0990345	0.886657	0.844074
case_29	463.0	1482263	0.605645	1298499	0.53056	240494	0.0982646	0.876025	0.843733
case_29	463.0	1560698	0.613119	1380991	0.542522	268488	0.105475	0.884855	0.837229
case_29	463.0	1585911	0.62426	1405210	0.553131	259329	0.102079	0.886059	0.844204
case_29	463.0	1545910	0.616643	1377642	0.549523	252034	0.100533	0.891153	0.845347
case_29	462.0	1519744	0.614644	1333076	0.539148	256080	0.103569	0.877171	0.838858
case_29	113.0	2031238	0.852649	2016352	0.8464	23289	0.00977598	0.992671	0.988582
case_2	286.0	1628180	0.679159	1526497	0.636744	157656	0.0657627	0.937548	0.906389
case_2	388.0	1486184	0.617055	1323962	0.549701	209166	0.0868445	0.890847	0.863569
case_2	65.0	2153433	0.934762	2144724	0.930982	14300	0.00620734	0.995956	0.993377
case_2	21.0	2250474	0.978883	2248465	0.978009	2832	0.00123183	0.999107	0.998742
case_2	286.0	1645987	0.685244	1542599	0.642202	151593	0.06311	0.937188	0.910522
case_2	387.0	1484938	0.61758	1319430	0.548746	211788	0.0880818	0.888542	0.861687
case_2	285.0	1631629	0.681076	1527019	0.63741	151182	0.0631065	0.935886	0.909914
case_2	388.0	1479716	0.613173	1313429	0.544266	207625	0.0860368	0.887622	0.863499
case_2	21.0	2254029	0.978765	2251637	0.977727	2390	0.00103781	0.998939	0.99894
case_2	388.0	1630441	0.652474	1480531	0.592482	238842	0.0955803	0.908056	0.861088
case_2	65.0	2148912	0.934795	2139269	0.930601	13090	0.00569426	0.995513	0.993918
case_2	66.0	2148857	0.933121	2138339	0.928554	14056	0.00610369	0.995105	0.99347
case_2	388.0	1633483	0.65205	1485742	0.593075	241299	0.0963211	0.909555	0.860282
case_2	10.0	2463920	0.987945	2463012	0.987581	908	0.000364076	0.999631	0.999631
case_2	4.0	2286519	0.990878	2286106	0.990699	413	0.000178976	0.999819	0.999819
case_2	286.0	1636686	0.682092	1538918	0.641347	149214	0.0621852	0.940265	0.91161
case_2	65.0	2156576	0.934541	2147136	0.930451	13037	0.00564952	0.995623	0.993965
case_2	286.0	1633181	0.679463	1531882	0.637318	154267	0.0641807	0.937974	0.908509
case_2	388.0	1471082	0.611833	1307697	0.54388	208259	0.0866163	0.888935	0.862622
case_2	387.0	1482032	0.617375	1317910	0.549006	213026	0.0887409	0.889259	0.860852
case_2	286.0	1633148	0.682406	1531274	0.639838	150359	0.0628271	0.937621	0.910588
case_2	10.0	2267292	0.987945	2266511	0.987605	1099	0.000478876	0.999656	0.999515
case_2	286.0	1649525	0.684923	1550243	0.643699	150448	0.0624697	0.939812	0.911537
case_2	285.0	1630761	0.681392	1526749	0.637931	153778	0.0642541	0.936219	0.908494
case_2	285.0	1636748	0.6821	1532134	0.638503	150389	0.0626733	0.936084	0.910617
case_2	65.0	2145769	0.935018	2136857	0.931134	14353	0.00625431	0.995847	0.993328
case_2	285.0	1625970	0.680501	1521634	0.636834	154571	0.064691	0.935832	0.907785
case_2	66.0	2156820	0.933003	2146206	0.928412	14003	0.00605746	0.995079	0.993518
case_30	287.0	1928431	0.711395	1782785	0.657667	166763	0.0615186	0.924474	0.914461
case_30	287.0	1949696	0.717965	1828191	0.673222	129216	0.0475831	0.93768	0.933986
case_30	62.0	2530890	0.904457	2510087	0.897023	18172	0.00649408	0.99178	0.992812
case_30	287.0	1931073	0.711371	1791219	0.659851	156727	0.0577353	0.927577	0.919542
case_30	178.0	2041386	0.802476	1981299	0.778855	78061	0.030686	0.970566	0.962095
case_30	287.0	1902188	0.721409	1769726	0.671173	166350	0.0630886	0.930363	0.914079
case_30	178.0	2098796	0.801587	2021206	0.771953	83112	0.0317427	0.963031	0.960504
case_30	287.0	1917989	0.727125	1799419	0.682174	140862	0.0534019	0.93818	0.927401
case_30	287.0	1873832	0.716581	1755557	0.671351	141897	0.0542635	0.936881	0.925217
case_30	54.0	2554908	0.940994	2544824	0.93728	16977	0.00625277	0.996053	0.993373
case_30	36.0	2635577	0.940589	2630849	0.938902	6390	0.00228047	0.998206	0.997577
case_30	287.0	1967825	0.725542	1841395	0.678927	133361	0.0491705	0.935751	0.932467
case_30	178.0	2091986	0.799119	2018070	0.770884	88078	0.033645	0.964667	0.958181
case_30	146.0	2277353	0.841013	2248233	0.830259	69652	0.0257221	0.987213	0.96995
case_30	114.0	2264995	0.856498	2230403	0.843417	47383	0.0179177	0.984728	0.979198
case_30	178.0	2103279	0.802266	2041876	0.778845	86362	0.0329416	0.970806	0.959421
case_30	62.0	2527356	0.929542	2509591	0.923009	11557	0.00425058	0.992971	0.995416
case_30	62.0	2509725	0.923206	2494375	0.917559	18074	0.00664855	0.993884	0.992806
case_30	62.0	2548775	0.910707	2528367	0.903415	11861	0.00423807	0.991993	0.995331
case_30	287.0	1954077	0.6993	1801432	0.644673	158644	0.0567735	0.921884	0.919062
case_30	287.0	1946097	0.717797	1804451	0.665552	160679	0.0592647	0.927215	0.918235
case_30	287.0	1844520	0.705643	1723804	0.659461	165498	0.0633132	0.934554	0.912403
case_30	287.0	1969598	0.704601	1841213	0.658673	133092	0.0476121	0.934817	0.932588
case_30	287.0	1944874	0.717195	1815636	0.669537	143137	0.0527835	0.933549	0.926925
case_30	114.0	2285464	0.865342	2247462	0.850953	48845	0.0184941	0.983372	0.978729
case_30	114.0	2294824	0.842373	2258628	0.829087	44994	0.0165162	0.984227	0.980468
case_30	178.0	2120544	0.784972	2051707	0.75949	84634	0.0313294	0.967538	0.960384
case_30	114.0	2256343	0.854457	2222997	0.841829	54885	0.0207845	0.985221	0.975905
case_3	37.0	2565833	0.961873	2559861	0.959634	8423	0.00315759	0.997672	0.99672
case_3	12.0	2627858	0.98771	2625302	0.986749	2555	0.000960325	0.999027	0.999028
case_3	57.0	2456289	0.933911	2433920	0.925407	22545	0.00857189	0.990893	0.990822
case_3	174.0	2039926	0.79692	1941710	0.758551	101906	0.0398107	0.951853	0.950134
case_3	57.0	2417947	0.921063	2397573	0.913302	25323	0.00964624	0.991574	0.989548
case_3	175.0	2038348	0.796858	1939195	0.758096	100400	0.0392497	0.951356	0.950775
case_3	36.0	2546089	0.955046	2542383	0.953656	5058	0.00189727	0.998544	0.998014
case_3	56.0	2438896	0.928476	2420005	0.921284	25548	0.009726	0.992254	0.989553
case_3	147.0	2035792	0.795752	1977077	0.772801	89308	0.0349088	0.971159	0.956781
case_3	176.0	2121328	0.797222	1998277	0.750978	109373	0.0411038	0.941993	0.948107
case_3	176.0	2145841	0.80494	2010336	0.75411	105607	0.0396149	0.936852	0.95009
case_3	175.0	2144531	0.805532	2016748	0.757534	109266	0.0410427	0.940414	0.948605
case_3	146.0	2053923	0.802335	1994768	0.779227	86630	0.0338408	0.971199	0.958379
case_3	19.0	2603155	0.977863	2598836	0.97624	4742	0.00178131	0.998341	0.998179
case_3	175.0	2123810	0.797696	2006589	0.753668	111831	0.0420034	0.944806	0.94721
case_3	176.0	2143758	0.804234	2011174	0.754495	109074	0.0409193	0.938153	0.948556
case_3	175.0	2099534	0.799799	1982979	0.755398	106563	0.0405942	0.944485	0.949002
case_3	175.0	2146254	0.806103	2015410	0.75696	105985	0.0398065	0.939036	0.95004
case_3	37.0	2530194	0.950273	2522809	0.947499	10197	0.00382972	0.997081	0.995974
case_3	146.0	2007384	0.795791	1952674	0.774102	79443	0.0314937	0.972746	0.960906
case_3	176.0	2121019	0.797181	2000868	0.752023	112674	0.0423483	0.943352	0.946689
case_3	147.0	2065399	0.805769	2000848	0.780586	84677	0.0330348	0.968746	0.959398
case_3	175.0	2039533	0.797243	1938622	0.757797	97677	0.0381814	0.950522	0.952032
case_3	19.0	2606265	0.978938	2603176	0.977778	2604	0.000978087	0.998815	0.999001
case_3	175.0	2098095	0.799327	1984437	0.756026	109643	0.0417715	0.945828	0.947641
case_3	174.0	2105094	0.80145	1994962	0.759521	110832	0.0421959	0.947683	0.947368
case_3	174.0	2147111	0.805962	2021464	0.758798	109384	0.0410595	0.941481	0.948666
case_3	175.0	2145043	0.804179	2016223	0.755884	108998	0.0408635	0.939945	0.948712
case_4	468.0	1564842	0.595986	1283197	0.488719	268729	0.102348	0.820017	0.826842
case_4	468.0	1546440	0.571262	1254171	0.463296	287996	0.106387	0.811005	0.813252
case_4	468.0	1618708	0.604206	1342073	0.500948	262960	0.0981536	0.829101	0.836165
case_4	468.0	1501962	0.551788	1195456	0.439184	297674	0.109359	0.79593	0.800638
case_4	468.0	1642285	0.618261	1367572	0.514841	258539	0.0973305	0.832725	0.841008
case_4	94.0	2453319	0.903915	2443044	0.90013	27117	0.00999115	0.995812	0.989022
case_4	92.0	2227426	0.867434	2205623	0.858943	37753	0.0147023	0.990212	0.983171
case_4	468.0	1545948	0.557802	1257804	0.453835	291318	0.105112	0.813613	0.811946
case_4	420.0	1781807	0.633992	1644716	0.585213	292884	0.104212	0.923061	0.848842
case_4	102.0	2271134	0.866428	2241411	0.855088	29687	0.0113255	0.986913	0.986928
case_4	102.0	2216030	0.857124	2183657	0.844602	39311	0.0152048	0.985391	0.982316
case_4	468.0	1545156	0.571615	1256453	0.464812	287996	0.106541	0.813156	0.813528
case_4	468.0	1609041	0.616324	1334443	0.511143	253927	0.0972638	0.829341	0.840134
case_4	468.0	1546586	0.557244	1258206	0.453339	290715	0.104746	0.813538	0.812311
case_4	420.0	1772141	0.630271	1648882	0.586433	288443	0.102586	0.930446	0.851113
case_4	468.0	1582890	0.573962	1274580	0.462168	294744	0.106875	0.805223	0.812184
case_4	22.0	2465446	0.965743	2464475	0.965363	2851	0.00111677	0.999606	0.998844
case_4	4.0	2888644	0.993321	2888226	0.993177	630	0.000216639	0.999855	0.999782
case_4	468.0	1581998	0.574456	1276862	0.463654	294425	0.106912	0.80712	0.812622
case_4	420.0	1778051	0.631493	1651277	0.586468	287709	0.102183	0.928701	0.851619
case_4	102.0	2254456	0.877051	2228193	0.866834	26879	0.0104567	0.988351	0.988081
case_4	468.0	1656365	0.619458	1371732	0.513009	263595	0.098581	0.828158	0.838812
case_4	92.0	2212990	0.879195	2190381	0.870213	35707	0.014186	0.989784	0.98396
case_4	420.0	1775588	0.632661	1642811	0.585351	293707	0.104651	0.925221	0.848332
case_4	468.0	1501064	0.552253	1197631	0.440618	299167	0.110066	0.797855	0.800129
case_4	468.0	1632897	0.626704	1355591	0.520274	253537	0.0973072	0.830175	0.842438
case_4	468.0	1594471	0.608469	1308284	0.499257	265434	0.101293	0.820513	0.831333
case_4	468.0	1626520	0.611135	1344638	0.505223	260306	0.0978053	0.826696	0.83781
case_5	146.0	2208286	0.764665	2168496	0.750887	56109	0.0194289	0.981982	0.974778
case_5	146.0	2214104	0.740517	2170370	0.72589	56277	0.0188221	0.980248	0.974726
case_5	380.0	1722746	0.597471	1443201	0.500521	212351	0.0736461	0.837733	0.871734
case_5	9.0	2682155	0.993494	2681418	0.993221	737	0.000272991	0.999725	0.999725
case_5	380.0	1718590	0.651028	1469359	0.556615	199287	0.0754929	0.854979	0.88057
case_5	146.0	2236691	0.844736	2192686	0.828117	56336	0.0212765	0.980326	0.974951
case_5	4.0	2693166	0.961979	2692547	0.961758	619	0.000221102	0.99977	0.99977
case_5	380.0	1734998	0.654883	1473090	0.556024	196715	0.0742509	0.849044	0.882193
case_5	146.0	2242180	0.815389	2196263	0.798691	56499	0.0205464	0.979521	0.97492
case_5	147.0	2236353	0.843926	2195445	0.828489	56103	0.0211714	0.981708	0.975082
case_5	147.0	2220377	0.840917	2184119	0.827185	51850	0.019637	0.98367	0.976811
case_5	22.0	2634226	0.977597	2629864	0.975978	7079	0.00262711	0.998344	0.997315
case_5	380.0	1759282	0.653264	1500429	0.557145	206520	0.0766858	0.852864	0.879012
case_5	147.0	2206251	0.763395	2169531	0.750689	55902	0.0193429	0.983356	0.97488
case_5	380.0	1762211	0.652887	1511393	0.55996	209846	0.0777465	0.857669	0.878084
case_5	34.0	2453023	0.867217	2444731	0.864285	10445	0.00369262	0.99662	0.995746
case_5	146.0	2224194	0.811657	2183393	0.796768	52180	0.0190416	0.981656	0.976659
case_5	46.0	2454404	0.864796	2429259	0.855936	9442	0.00332684	0.989755	0.996128
case_5	380.0	1727388	0.6535	1466077	0.554642	197628	0.074766	0.848725	0.881212
case_5	380.0	1731189	0.599143	1448643	0.501358	211960	0.0733568	0.836791	0.87236
case_5	9.0	2686572	0.958891	2685995	0.958685	577	0.000205943	0.999785	0.999785
case_5	381.0	1757934	0.652245	1500713	0.556808	206797	0.0767277	0.85368	0.87889
case_5	380.0	1712423	0.650179	1461142	0.554772	199441	0.0757245	0.85326	0.879897
case_5	380.0	1785071	0.637267	1531864	0.546872	234260	0.0836303	0.858153	0.867359
case_5	146.0	2219911	0.841423	2181519	0.826871	52012	0.0197143	0.982706	0.976713
case_5	380.0	1781027	0.637197	1519526	0.54364	231159	0.0827016	0.853174	0.867961
case_5	46.0	2438700	0.942128	2429493	0.938571	9550	0.00368939	0.996225	0.996085
case_5	381.0	1761663	0.652167	1511677	0.559622	210253	0.0778355	0.858097	0.877897
case_6	40.0	2454771	0.964732	2449666	0.962726	8630	0.00339162	0.99792	0.996489
case_6	287.0	1912533	0.740098	1827268	0.707103	131142	0.0507484	0.955418	0.933036
case_6	126.0	1639471	0.736722	1623266	0.72944	26723	0.0120084	0.990116	0.983804
case_6	170.0	2040729	0.813714	2004774	0.799378	65521	0.0261257	0.982381	0.968352
case_6	401.0	1634038	0.590464	1429825	0.516671	215711	0.0779477	0.875026	0.868911
case_6	402.0	1678779	0.594411	1473858	0.521854	239442	0.08478	0.877934	0.860245
case_6	20.0	2927945	0.974265	2926597	0.973816	5683	0.001891	0.99954	0.998062
case_6	401.0	1166436	0.477054	1055497	0.431682	159538	0.0652485	0.904891	0.868697
case_6	170.0	2049160	0.816052	2010024	0.800466	62633	0.0249428	0.980901	0.969781
case_6	126.0	1633837	0.734501	1618482	0.727598	25891	0.0116394	0.990602	0.984255
case_6	170.0	2043964	0.814698	2005252	0.799268	64234	0.0256029	0.98106	0.968961
case_6	287.0	1400592	0.618617	1354298	0.59817	92183	0.0407156	0.966947	0.936271
case_6	401.0	1628639	0.589183	1419565	0.513548	212590	0.0769074	0.871627	0.869749
case_6	16.0	2509022	0.984835	2506623	0.983893	2301	0.000903183	0.999044	0.999083
case_6	287.0	1915722	0.7407	1831757	0.708236	130712	0.0505388	0.956171	0.933394
case_6	401.0	1640918	0.589079	1449333	0.520301	213361	0.0765953	0.883245	0.871678
case_6	401.0	1634784	0.591205	1428568	0.516629	214342	0.0775148	0.873857	0.869535
case_6	170.0	1591938	0.727321	1566405	0.715656	51774	0.0236544	0.983961	0.968005
case_6	126.0	1641838	0.737055	1626673	0.730247	26570	0.0119278	0.990763	0.983929
case_6	402.0	1665006	0.593821	1441490	0.514105	238869	0.0851922	0.865757	0.857846
case_6	40.0	2457483	0.964962	2453420	0.963366	7101	0.0027883	0.998347	0.997114
case_6	287.0	1819905	0.714369	1735030	0.681053	145434	0.0570874	0.953363	0.922661
case_6	287.0	1912377	0.740308	1829039	0.708046	133896	0.051833	0.956422	0.931788
case_6	401.0	1169685	0.474426	1064201	0.431642	160874	0.0652508	0.909818	0.868682
case_6	401.0	1567521	0.570221	1360940	0.495072	211195	0.0768269	0.868212	0.865664
case_6	401.0	1638912	0.587893	1450456	0.520292	214862	0.0770731	0.885012	0.870978
case_6	401.0	1558596	0.571211	1339675	0.490978	211698	0.0775853	0.85954	0.863542
case_6	401.0	1635762	0.587427	1441361	0.517615	212192	0.0762014	0.881156	0.871675
case_7	76.0	2368013	0.913887	2332401	0.900143	27637	0.0106659	0.984961	0.98829
case_7	120.0	2252489	0.862135	2181169	0.834838	57010	0.0218205	0.968337	0.974528
case_7	76.0	2384032	0.905461	2333891	0.886418	30496	0.0115825	0.978968	0.987102
case_7	76.0	2387347	0.901112	2344239	0.884841	35392	0.0133588	0.981943	0.985127
case_7	76.0	2348209	0.906952	2321115	0.896487	36520	0.0141052	0.988462	0.98451
case_7	76.0	2369742	0.89515	2328832	0.879697	43502	0.0164325	0.982737	0.981663
case_7	120.0	2237640	0.857115	2167421	0.830218	71756	0.0274857	0.968619	0.967954
case_7	76.0	2358521	0.910311	2325087	0.897407	29098	0.0112309	0.985824	0.98764
case_7	120.0	2245627	0.859591	2176299	0.833053	58457	0.0223764	0.969128	0.973842
case_7	76.0	2375325	0.902239	2327238	0.883974	31821	0.0120868	0.979756	0.986511
case_7	2.0	2567228	0.999074	2566587	0.998824	641	0.000249454	0.99975	0.99975
case_7	120.0	2276000	0.850624	2186700	0.817249	65609	0.0245205	0.960764	0.97087
case_7	120.0	2278699	0.846449	2194407	0.815137	72431	0.0269053	0.963009	0.968048
case_7	72.0	2350346	0.91527	2335067	0.90932	28138	0.0109575	0.993499	0.988093
case_7	76.0	2364456	0.898717	2326351	0.884233	38552	0.0146534	0.983884	0.983698
case_7	12.0	2542260	0.989321	2539483	0.98824	2777	0.00108067	0.998908	0.998908
case_7	72.0	2343036	0.912511	2329712	0.907322	28576	0.0111291	0.994313	0.987883
case_7	76.0	2384897	0.905907	2335248	0.887048	30487	0.0115805	0.979182	0.987113
case_7	62.0	2444557	0.921035	2421440	0.912325	21184	0.00798149	0.990543	0.991327
case_7	76.0	2388212	0.901555	2345596	0.885467	35383	0.0133572	0.982156	0.985139
case_7	28.0	2642914	0.974407	2637190	0.972296	9834	0.00362566	0.997834	0.996285
case_7	62.0	2448627	0.916907	2429777	0.909849	26312	0.00985273	0.992302	0.989287
case_7	76.0	2379001	0.898046	2337586	0.882412	37364	0.0141045	0.982591	0.984267
case_7	120.0	2250866	0.861627	2180039	0.834514	57009	0.0218229	0.968533	0.974516
case_7	120.0	2263833	0.859505	2180384	0.827822	63857	0.0242445	0.963138	0.971546
case_7	72.0	2348325	0.914604	2333628	0.90888	28138	0.0109589	0.993741	0.988086
case_7	12.0	2541580	0.989188	2539444	0.988356	2136	0.000831335	0.99916	0.99916
case_7	76.0	2366389	0.913381	2331269	0.899825	27637	0.0106674	0.985159	0.988284
case_8	409.0	1199289	0.536595	1108625	0.496029	181022	0.0809942	0.924402	0.859634
case_8	409.0	1166023	0.524947	1072207	0.482711	174844	0.0787153	0.919542	0.859794
case_8	408.0	1179029	0.52723	1085034	0.485198	175522	0.0784888	0.920278	0.860758
case_8	97.0	2221117	0.873634	2202212	0.866198	23743	0.00933886	0.991489	0.989334
case_8	409.0	1174714	0.527671	1083662	0.486771	174714	0.0784799	0.92249	0.861159
case_8	75.0	2385078	0.906442	2374442	0.9024	16826	0.00639467	0.995541	0.992964
case_8	35.0	2482075	0.948271	2476236	0.946041	6529	0.00249439	0.997648	0.99737
case_8	76.0	2383380	0.914524	2368319	0.908744	17677	0.00678282	0.993681	0.992591
case_8	408.0	1056866	0.506793	974001	0.467057	149198	0.0715441	0.921594	0.867167
case_8	96.0	2192084	0.858389	2172501	0.850721	20965	0.0082096	0.991066	0.990442
case_8	409.0	1150307	0.531827	1056832	0.48861	172772	0.0798785	0.918739	0.85949
case_8	97.0	2188163	0.863652	2164328	0.854245	20922	0.00825776	0.989107	0.990426
case_8	409.0	1118111	0.520256	1018619	0.473962	169242	0.0787481	0.911018	0.857524
case_8	408.0	1138782	0.52619	1041055	0.481034	169721	0.0784219	0.914183	0.859825
case_8	408.0	1103283	0.511379	1018903	0.472269	158500	0.0734659	0.923519	0.865382
case_8	22.0	2526305	0.972639	2523654	0.971619	2651	0.00102065	0.998951	0.998951
case_8	408.0	1180082	0.525338	1086036	0.483472	177111	0.0788447	0.920306	0.859786
case_8	14.0	2570330	0.976376	2569463	0.976046	867	0.000329342	0.999663	0.999663
case_8	160.0	1461945	0.822236	1440430	0.810136	60699	0.0341387	0.985283	0.959564
case_8	408.0	1135306	0.522157	1041208	0.478878	169785	0.0780885	0.917117	0.859797
case_8	96.0	2199720	0.864786	2178577	0.856474	21319	0.00838124	0.990388	0.990309
case_8	97.0	2189047	0.865712	2163073	0.85544	21067	0.00833146	0.988135	0.990355
case_8	75.0	2381938	0.908723	2369442	0.903956	16402	0.00625746	0.994754	0.993125
case_8	35.0	2495491	0.955241	2488231	0.952462	6426	0.00245979	0.997091	0.997424
case_8	76.0	2391170	0.915754	2379479	0.911276	15602	0.00597515	0.995111	0.993486
case_8	409.0	1131743	0.525375	1036055	0.480955	171424	0.0795781	0.915451	0.858031
case_8	35.0	2488364	0.954342	2480460	0.95131	6576	0.00252204	0.996824	0.997356
case_8	35.0	2486854	0.948284	2482081	0.946464	5799	0.00221127	0.998081	0.997669
case_9	105.0	2271307	0.879649	2194028	0.849719	35369	0.013698	0.965976	0.984135
case_9	105.0	2181876	0.858901	2113689	0.832059	38111	0.0150025	0.968748	0.982289
case_9	62.0	2422601	0.916928	2411216	0.912619	22792	0.00862652	0.995301	0.990636
case_9	105.0	2170895	0.86126	2097726	0.832232	37397	0.0148365	0.966295	0.982485
case_9	15.0	2538373	0.979622	2536819	0.979023	2949	0.00113809	0.999388	0.998839
case_9	8.0	2559257	0.990862	2557794	0.990296	1463	0.000566427	0.999428	0.999428
case_9	104.0	2266001	0.882002	2182276	0.849414	35969	0.0140003	0.963052	0.983785
case_9	61.0	2420325	0.918959	2407737	0.91418	24682	0.00937136	0.994799	0.989853
case_9	91.0	2217467	0.875569	2183422	0.862126	33924	0.0133949	0.984647	0.984701
case_9	12.0	2442173	0.983142	2440520	0.982477	3277	0.00131922	0.999323	0.998659
case_9	61.0	2414407	0.918312	2401602	0.913442	23545	0.00895527	0.994696	0.990291
case_9	15.0	2542255	0.979386	2541404	0.979058	2210	0.000851387	0.999665	0.999131
case_9	91.0	2220717	0.875266	2188617	0.862614	33169	0.0130731	0.985545	0.985071
case_9	104.0	2278587	0.878592	2199853	0.848233	39411	0.0151963	0.965446	0.9824
case_9	105.0	2277761	0.875466	2203032	0.846744	37386	0.0143695	0.967192	0.983313
case_9	104.0	2273563	0.878209	2192825	0.847022	37863	0.0146253	0.964488	0.983026
case_9	92.0	2233171	0.878294	2205200	0.867294	30636	0.012049	0.987475	0.986298
case_9	105.0	2295318	0.869514	2221258	0.841458	34931	0.0132326	0.967734	0.984518
case_9	105.0	2285720	0.872391	2210452	0.843663	32599	0.0124421	0.96707	0.985467
case_9	24.0	2497802	0.968234	2495153	0.967207	3773	0.00146254	0.998939	0.99849
case_9	91.0	2218957	0.877156	2186217	0.864214	32268	0.0127556	0.985245	0.985455
case_9	104.0	2271890	0.882717	2190144	0.850956	37420	0.0145391	0.964019	0.983201
case_9	92.0	2240647	0.867288	2211478	0.855997	29995	0.0116102	0.986982	0.986618
case_9	91.0	2221976	0.876759	2191228	0.864626	31406	0.0123923	0.986162	0.98587
case_9	92.0	2231678	0.876712	2202405	0.865213	32292	0.0126859	0.986883	0.98555
case_9	105.0	2181880	0.857928	2109931	0.829638	39013	0.0153401	0.967024	0.981846
case_9	105.0	2173471	0.861296	2095657	0.83046	38209	0.0151413	0.964198	0.982094
case_9	92.0	2238092	0.867267	2213772	0.857843	27946	0.0108292	0.989134	0.987534
