case_10	194.0	1824746	0.785341	1763843	0.75913	68950	0.029675	0.966624	0.96238
case_10	194.0	1834915	0.785817	1771636	0.758717	69445	0.0297404	0.965514	0.96228
case_10	194.0	1834915	0.785817	1771636	0.758717	69445	0.0297404	0.965514	0.96228
case_10	423.0	1413343	0.582333	1284556	0.52927	277309	0.114258	0.908878	0.82245
case_10	113.0	2032316	0.86246	2006699	0.851588	35613	0.0151132	0.987395	0.982562
case_10	61.0	2201982	0.918406	2193355	0.914808	23528	0.00981309	0.996082	0.989387
case_10	6.0	2382320	0.989846	2381974	0.989702	346	0.000143762	0.999855	0.999855
case_10	424.0	1455954	0.598868	1308173	0.538082	268262	0.110342	0.898499	0.82983
case_10	424.0	1394047	0.576555	1250728	0.517281	271828	0.112424	0.897192	0.821466
case_10	195.0	1913463	0.797486	1857513	0.774168	68796	0.0286726	0.97076	0.964286
case_10	423.0	1388968	0.5826	1261108	0.528969	257906	0.108178	0.907946	0.830215
case_10	195.0	1927115	0.799334	1870070	0.775672	68825	0.0285474	0.970399	0.964503
case_10	195.0	1927115	0.799334	1870070	0.775672	68825	0.0285474	0.970399	0.964503
case_10	423.0	1390668	0.590438	1249058	0.530314	264755	0.112407	0.898171	0.825107
case_10	106.0	1957427	0.85831	1943394	0.852157	33295	0.0145995	0.992831	0.983156
case_10	194.0	1837765	0.777459	1784399	0.754883	64354	0.0272247	0.970961	0.965191
case_10	195.0	1797978	0.776878	1742569	0.752937	66286	0.0286412	0.969183	0.963355
case_10	113.0	2027440	0.871024	1998625	0.858645	36573	0.0157124	0.985787	0.98203
case_10	196.0	1887468	0.789662	1828880	0.765151	64915	0.0271586	0.968959	0.965722
case_10	423.0	1419563	0.58213	1289834	0.528931	276713	0.113474	0.908613	0.823361
case_10	423.0	1419563	0.58213	1289834	0.528931	276713	0.113474	0.908613	0.823361
case_10	6.0	2382320	0.989846	2381974	0.989702	346	0.000143762	0.999855	0.999855
case_10	194.0	1837765	0.777459	1784399	0.754883	64354	0.0272247	0.970961	0.965191
case_10	194.0	1827288	0.776817	1775287	0.75471	62883	0.0267328	0.971542	0.96579
case_10	0.0	2418293	1.0	2418293	1.0	0	0.0	1.0	1.0
case_10	61.0	2201982	0.918406	2193355	0.914808	23528	0.00981309	0.996082	0.989387
case_10	195.0	1804898	0.770293	1757038	0.749868	56721	0.0242074	0.973483	0.968727
case_10	61.0	2195870	0.920284	2189253	0.917511	23555	0.00987184	0.996987	0.989355
case_11	65.0	2173694	0.917579	2164677	0.913773	12798	0.00540241	0.995852	0.994123
case_11	425.0	1391930	0.600858	1247627	0.538566	254365	0.109802	0.896329	0.830648
case_11	425.0	1391930	0.600704	1247626	0.538428	254194	0.1097	0.896328	0.830743
case_11	100.0	2008574	0.885556	1998056	0.880919	25161	0.0110932	0.994763	0.987564
case_11	424.0	1413295	0.600206	1262432	0.536137	258556	0.109805	0.893254	0.830008
case_11	12.0	2302646	0.987292	2302227	0.987112	419	0.000179652	0.999818	0.999818
case_11	2.0	2330659	0.99967	2330655	0.999668	4	1.71569e-06	0.999998	0.999998
case_11	65.0	2177159	0.91871	2167561	0.91466	13247	0.00558992	0.995592	0.993926
case_11	104.0	2094008	0.90871	2076885	0.901279	22545	0.00978356	0.991823	0.989261
case_11	425.0	1397908	0.603771	1246591	0.538416	255847	0.110503	0.891755	0.829712
case_11	425.0	1397908	0.603616	1246590	0.538277	255676	0.110401	0.891754	0.829806
case_11	100.0	2024200	0.892948	2009741	0.88657	25403	0.0112062	0.992857	0.987518
case_11	104.0	2079332	0.901841	2061932	0.894294	21458	0.00930669	0.991632	0.9897
case_11	425.0	1323814	0.579856	1193449	0.522753	251082	0.109979	0.901523	0.826184
case_11	425.0	1395836	0.602321	1256019	0.541988	253422	0.109355	0.899833	0.832109
case_11	42.0	2230241	0.969235	2227374	0.967989	5960	0.00259014	0.998714	0.997331
case_11	425.0	1403803	0.606093	1256972	0.542699	255084	0.110133	0.895405	0.8313
case_11	104.0	1998415	0.87978	1976992	0.870349	17249	0.00759368	0.98928	0.991351
case_11	425.0	1323814	0.580006	1193450	0.52289	251253	0.110082	0.901524	0.826087
case_11	424.0	1407722	0.596992	1246058	0.528433	255810	0.108485	0.885159	0.829672
case_11	424.0	1344997	0.57961	1212033	0.52231	250955	0.108146	0.901142	0.828464
case_11	424.0	1416385	0.601845	1260469	0.535594	261625	0.111169	0.88992	0.828115
case_11	425.0	1384080	0.596455	1229079	0.529659	253665	0.109314	0.888012	0.828922
case_11	65.0	2175052	0.917922	2166037	0.914118	12796	0.00540021	0.995855	0.994127
case_11	425.0	1332133	0.583432	1205455	0.527951	250304	0.109625	0.904906	0.828059
case_11	425.0	1391398	0.599541	1239532	0.534103	252748	0.108907	0.890854	0.83063
case_11	12.0	2301288	0.986961	2300867	0.986781	421	0.000180556	0.999817	0.999817
case_11	425.0	1384080	0.596608	1229080	0.529795	253836	0.109416	0.888012	0.828826
case_12	110.0	2319696	0.878845	2294529	0.869311	40772	0.015447	0.989151	0.982541
case_12	139.0	2188580	0.832336	2150101	0.817702	47409	0.01803	0.982418	0.978426
case_12	139.0	2198864	0.835929	2153048	0.818511	44857	0.017053	0.979164	0.979591
case_12	139.0	2225697	0.826433	2181546	0.810039	49119	0.0182386	0.980163	0.97798
case_12	110.0	2332937	0.870845	2305217	0.860498	42668	0.0159272	0.988118	0.981827
case_12	456.0	1589907	0.603234	1380005	0.523594	262087	0.0994397	0.867978	0.840394
case_12	22.0	2577935	0.974775	2573756	0.973195	2280	0.000862119	0.998379	0.999115
case_12	139.0	2227333	0.838266	2183069	0.821607	46822	0.0176217	0.980127	0.979003
case_12	52.0	2472972	0.941478	2463020	0.937689	20197	0.00768914	0.995976	0.991867
case_12	139.0	2210758	0.83309	2169999	0.817731	46693	0.0175955	0.981563	0.978936
case_12	139.0	2234405	0.828931	2190778	0.812746	52757	0.0195721	0.980475	0.976485
case_12	457.0	1571293	0.599948	1372313	0.523974	260047	0.0992907	0.873365	0.840693
case_12	139.0	2180027	0.829837	2141442	0.815149	45923	0.0174808	0.982301	0.979005
case_12	456.0	1586619	0.602533	1379792	0.523988	257224	0.0976831	0.869643	0.84287
case_12	139.0	2222061	0.840327	2170116	0.820683	50873	0.0192389	0.976623	0.977094
case_12	110.0	2349341	0.872462	2313920	0.859308	49157	0.0182552	0.984923	0.979198
case_12	139.0	2244010	0.832186	2195046	0.814028	49718	0.0184378	0.97818	0.977852
case_12	6.0	2614419	0.988944	2614052	0.988806	367	0.000138823	0.99986	0.99986
case_12	50.0	2560413	0.946352	2555521	0.944543	10334	0.00381954	0.998089	0.995972
case_12	139.0	2207274	0.835051	2163458	0.818475	54080	0.0204594	0.980149	0.975613
case_12	139.0	2221660	0.836446	2182232	0.821601	49914	0.0187924	0.982253	0.977639
case_12	22.0	2586397	0.977092	2582934	0.975784	2257	0.000852652	0.998661	0.999127
case_12	456.0	1592936	0.604154	1386324	0.525793	256965	0.0974594	0.870295	0.843628
case_12	457.0	1586088	0.602415	1389027	0.527569	247305	0.0939293	0.875757	0.848866
case_12	457.0	1599700	0.595763	1383279	0.515163	268283	0.0999144	0.864712	0.837558
case_12	139.0	2197488	0.832101	2153268	0.815356	54875	0.020779	0.979877	0.975149
case_12	457.0	1595775	0.603164	1387451	0.524422	270751	0.102337	0.869453	0.83672
case_12	110.0	2338475	0.88134	2305256	0.86882	47146	0.0177687	0.985795	0.979958
case_13	348.0	1769310	0.677886	1548080	0.593125	154646	0.0592505	0.874963	0.909177
case_13	247.0	1961145	0.740933	1844943	0.697031	137233	0.0518475	0.940748	0.930766
case_13	31.0	2309126	0.908808	2304732	0.907078	5234	0.00205996	0.998097	0.997734
case_13	146.0	2294259	0.819798	2241822	0.801061	63519	0.022697	0.977144	0.972447
case_13	348.0	1791045	0.656723	1563512	0.573294	161973	0.0593907	0.872961	0.906129
case_13	349.0	1792052	0.692873	1576816	0.609655	156415	0.0604758	0.879894	0.909755
case_13	146.0	2288865	0.820286	2238426	0.802209	63052	0.0225966	0.977963	0.972604
case_13	24.0	2803996	0.962533	2798320	0.960585	9944	0.0034135	0.997976	0.996459
case_13	247.0	1975920	0.71486	1874398	0.678131	125145	0.0452757	0.94862	0.937413
case_13	68.0	2428364	0.858187	2406237	0.850367	26404	0.00933121	0.990888	0.989146
case_13	348.0	1780008	0.681298	1553960	0.594779	152961	0.0585459	0.873007	0.910388
case_13	68.0	2442691	0.860743	2423159	0.853861	20212	0.0071222	0.992004	0.991728
case_13	247.0	1973804	0.744975	1861498	0.702587	134162	0.0506369	0.943102	0.932773
case_13	31.0	2315641	0.910429	2313190	0.909465	3415	0.00134266	0.998942	0.998526
case_13	248.0	1773796	0.70467	1700252	0.675454	121104	0.0481106	0.958539	0.933509
case_13	146.0	2276599	0.814253	2220016	0.794015	65978	0.0235978	0.975146	0.971138
case_13	247.0	1992909	0.718863	1888024	0.68103	128593	0.0463849	0.947371	0.936233
case_13	147.0	2051876	0.771952	2017828	0.759142	47317	0.0178015	0.983406	0.977088
case_13	16.0	2633027	0.985001	2631573	0.984457	3241	0.00121244	0.999448	0.99877
case_13	147.0	1893548	0.733143	1845244	0.714441	47851	0.0185269	0.97449	0.974723
case_13	349.0	1590710	0.641317	1483146	0.597951	148975	0.0600614	0.93238	0.908723
case_13	147.0	2062402	0.773514	2027571	0.76045	49332	0.0185022	0.983111	0.976247
case_13	348.0	1807365	0.660711	1577295	0.576605	161264	0.0589526	0.872704	0.907243
case_13	146.0	2271441	0.81481	2217273	0.795378	65228	0.0233985	0.976153	0.971423
case_13	247.0	1816760	0.675675	1700835	0.632561	128085	0.0476363	0.936191	0.929967
case_13	146.0	2096519	0.772927	2023423	0.745979	65274	0.0240647	0.965135	0.968749
case_13	146.0	2110620	0.777372	2040990	0.751726	62824	0.023139	0.96701	0.970138
case_13	348.0	1670741	0.629996	1455566	0.548858	155700	0.0587107	0.87121	0.903368
case_14	10.0	2762492	0.98317	2761652	0.982871	840	0.000298956	0.999696	0.999696
case_14	670.0	1287174	0.49453	998118	0.383476	421215	0.16183	0.775434	0.70323
case_14	49.0	2659074	0.933833	2646679	0.92948	12258	0.00430485	0.995339	0.99539
case_14	33.0	2695039	0.949118	2687905	0.946606	5688	0.00200316	0.997353	0.997888
case_14	126.0	2075293	0.796469	2042275	0.783797	39549	0.0151784	0.98409	0.981003
case_14	48.0	2667990	0.943234	2652792	0.937861	11387	0.00402573	0.994304	0.995726
case_14	33.0	2688733	0.951886	2683149	0.949909	6176	0.00218648	0.997923	0.997704
case_14	33.0	2701147	0.949907	2694218	0.94747	5483	0.0019282	0.997435	0.997969
case_14	14.0	2750435	0.979177	2749129	0.978712	1305	0.00046459	0.999525	0.999526
case_14	33.0	2696129	0.953419	2693545	0.952505	5670	0.00200505	0.999042	0.997899
case_14	125.0	2069346	0.804627	2046829	0.795872	37354	0.0145244	0.989119	0.982077
case_14	33.0	2694841	0.952675	2689462	0.950773	5971	0.00211086	0.998004	0.997785
case_14	670.0	1067119	0.454884	824246	0.351353	350405	0.149368	0.772403	0.701694
case_14	125.0	2068566	0.804592	2049741	0.79727	37470	0.0145744	0.990899	0.982048
case_14	669.0	1279013	0.494995	990474	0.383326	424974	0.16447	0.774405	0.69976
case_14	125.0	2065490	0.797308	2040186	0.78754	40557	0.0156556	0.987749	0.980508
case_14	33.0	2690021	0.952631	2687232	0.951643	5875	0.00208054	0.998963	0.997819
case_14	2.0	2851656	0.997624	2851447	0.997551	209	7.31166e-05	0.999927	0.999927
case_14	48.0	2661165	0.946086	2654578	0.943744	11703	0.0041606	0.997525	0.995611
case_14	14.0	2747864	0.983472	2746071	0.98283	1793	0.000641722	0.999347	0.999347
case_14	48.0	2659617	0.945247	2648609	0.941335	12318	0.00437791	0.995861	0.995371
case_14	125.0	2070508	0.800447	2046597	0.791204	37024	0.0143133	0.988452	0.982231
case_14	669.0	1283097	0.499618	989321	0.385227	422910	0.164675	0.771041	0.700538
case_14	126.0	2072782	0.796751	2039364	0.783905	39754	0.0152809	0.983878	0.980879
case_14	670.0	1284948	0.494449	997130	0.383696	417171	0.160528	0.776008	0.705034
case_14	669.0	1279936	0.498221	991079	0.385782	428483	0.166789	0.774319	0.698158
case_14	669.0	1272700	0.491811	980393	0.378854	424419	0.164009	0.770325	0.697882
case_14	49.0	2654231	0.933467	2641725	0.929069	12463	0.00438312	0.995288	0.995304
case_15	163.0	2060738	0.807632	1963317	0.769452	85088	0.0333472	0.952725	0.958461
case_15	46.0	2380978	0.942844	2371201	0.938973	14767	0.00584759	0.995894	0.993811
case_15	163.0	2015018	0.795618	1927949	0.761239	84603	0.033405	0.95679	0.957962
case_15	20.0	2528050	0.961256	2523366	0.959475	4683	0.00178065	0.998147	0.998148
case_15	163.0	2015911	0.794719	1928961	0.760441	84605	0.0333532	0.956868	0.957983
case_15	34.0	2442170	0.9263	2436919	0.924309	8285	0.00314245	0.99785	0.996612
case_15	154.0	2091383	0.801607	1999588	0.766422	87597	0.0335751	0.956108	0.958031
case_15	163.0	2132772	0.813939	2032972	0.775852	71631	0.0273368	0.953206	0.965965
case_15	102.0	2249360	0.859278	2228286	0.851228	31239	0.0119336	0.990631	0.986175
case_15	163.0	2080035	0.811148	1996671	0.778639	71669	0.0279486	0.959922	0.96535
case_15	34.0	2442508	0.927833	2437159	0.925801	8384	0.00318482	0.99781	0.996572
case_15	2.0	2554833	0.996853	2554318	0.996652	515	0.000200944	0.999798	0.999798
case_15	163.0	2080691	0.789966	1991152	0.755971	71247	0.02705	0.956967	0.965454
case_15	154.0	2047357	0.790468	1961259	0.757226	82996	0.0320441	0.957947	0.9594
case_15	163.0	2059705	0.784603	1961701	0.74727	82530	0.0314381	0.952418	0.959628
case_15	102.0	2239640	0.87012	2224668	0.864303	30916	0.0120111	0.993315	0.986294
case_15	154.0	2032118	0.795976	1963652	0.769158	87651	0.0343327	0.966308	0.957271
case_15	163.0	2126938	0.826787	2029964	0.789091	71295	0.0277139	0.954407	0.96607
case_15	163.0	2080040	0.812414	1996277	0.779698	70933	0.0277047	0.95973	0.965687
case_15	163.0	2017833	0.774236	1927811	0.739695	83508	0.0320418	0.955387	0.958481
case_15	163.0	2134279	0.815756	2034081	0.777459	70576	0.0269753	0.953053	0.966467
case_15	163.0	2125431	0.824922	2028855	0.787439	72350	0.0280805	0.954562	0.965567
case_15	163.0	2126214	0.790444	2026839	0.7535	71664	0.0266419	0.953262	0.96585
case_15	163.0	2060732	0.806369	1964284	0.768629	85090	0.0332959	0.953197	0.95848
case_15	154.0	1997167	0.78813	1935385	0.76375	86212	0.0340213	0.969065	0.957355
case_15	163.0	2124760	0.802974	2022226	0.764225	72051	0.027229	0.951743	0.965596
case_15	154.0	2033166	0.798488	1962574	0.770764	84251	0.033088	0.96528	0.958838
case_15	154.0	2079198	0.810539	1998449	0.779061	88301	0.0344226	0.961163	0.957685
case_16	192.0	2182870	0.77823	2025024	0.721956	89131	0.0317767	0.927689	0.957841
case_16	54.0	2792982	0.926845	2775579	0.92107	14469	0.00480151	0.993769	0.994814
case_16	134.0	2537566	0.857018	2398732	0.810129	56099	0.0189464	0.945289	0.977148
case_16	135.0	2523230	0.851004	2385830	0.804663	51960	0.0175244	0.945546	0.978686
case_16	192.0	2177339	0.777176	2019907	0.720982	90299	0.0322312	0.927695	0.957208
case_16	192.0	2205153	0.765503	2072395	0.719417	94153	0.0326845	0.939796	0.956542
case_16	134.0	2529471	0.855019	2391696	0.808448	56755	0.0191845	0.945532	0.97682
case_16	54.0	2785571	0.925402	2768577	0.919757	14755	0.0049018	0.993899	0.994699
case_16	192.0	2137149	0.755465	1965783	0.694889	92743	0.0327839	0.919816	0.954947
case_16	16.0	2885478	0.972217	2884333	0.971831	1717	0.000578516	0.999603	0.999405
case_16	4.0	2978214	0.997751	2977722	0.997586	492	0.000164828	0.999835	0.999835
case_16	49.0	2769439	0.941666	2761612	0.939005	9045	0.00307549	0.997174	0.996735
case_16	55.0	2772786	0.919132	2760159	0.914947	13385	0.0044369	0.995446	0.995174
case_16	134.0	2530489	0.855584	2393199	0.809165	56270	0.0190255	0.945746	0.977028
case_16	134.0	2536548	0.856453	2397229	0.809413	56584	0.0191053	0.945075	0.97694
case_16	135.0	2518376	0.842869	2381413	0.797029	51205	0.0171377	0.945615	0.978951
case_16	192.0	2135448	0.755068	1965937	0.695131	92244	0.0326163	0.92062	0.955182
case_16	135.0	2525601	0.852024	2387333	0.805378	51475	0.0173653	0.945253	0.978893
case_16	134.0	2546662	0.838426	2406365	0.792236	58908	0.019394	0.944909	0.976105
case_16	193.0	2173258	0.773889	2021676	0.719912	78436	0.0279308	0.930251	0.962652
case_16	4.0	2924271	0.996556	2923879	0.996423	392	0.000133589	0.999866	0.999866
case_16	55.0	2772096	0.911763	2759174	0.907513	13255	0.00435967	0.995339	0.995219
case_16	134.0	2548041	0.839091	2409229	0.793379	57062	0.018791	0.945522	0.976863
case_16	49.0	2769915	0.934323	2760509	0.93115	8712	0.00293865	0.996604	0.996854
case_16	49.0	2764148	0.933419	2754926	0.930305	8976	0.00303109	0.996664	0.996752
case_16	49.0	2763672	0.940764	2756029	0.938162	9309	0.00316882	0.997234	0.996634
case_16	135.0	2516005	0.84186	2379910	0.796322	51690	0.0172956	0.945908	0.978742
case_16	193.0	2168967	0.765918	2014848	0.711495	83482	0.0294796	0.928944	0.960215
case_17	608.0	1325045	0.480369	1004479	0.364154	311618	0.112971	0.758072	0.763226
case_17	330.0	1790405	0.617089	1566436	0.539895	193307	0.0666261	0.874906	0.89015
case_17	330.0	1789819	0.614142	1568042	0.538044	193457	0.0663811	0.87609	0.890175
case_17	313.0	1953818	0.665582	1870257	0.637116	164588	0.056068	0.957232	0.919115
case_17	330.0	1792682	0.616487	1574643	0.541505	185016	0.0636253	0.878373	0.894857
case_17	607.0	1418491	0.50796	1123496	0.402322	328655	0.117691	0.792036	0.773677
case_17	28.0	2774442	0.975365	2770792	0.974082	4884	0.00171699	0.998684	0.99824
case_17	608.0	1346990	0.497055	1014768	0.374461	319182	0.117782	0.75336	0.760724
case_17	608.0	1340737	0.49868	1012335	0.376533	311483	0.115855	0.755059	0.764709
case_17	329.0	1948994	0.648513	1775596	0.590816	198390	0.0660128	0.911032	0.899498
case_17	608.0	1331966	0.481738	1014150	0.366792	304332	0.110069	0.761393	0.76918
case_17	329.0	1943704	0.644163	1776089	0.588613	194490	0.0644559	0.913765	0.901303
case_17	182.0	2029201	0.794521	1997788	0.782221	92468	0.0362053	0.98452	0.955762
case_17	608.0	1344066	0.484641	1023577	0.36908	295575	0.106578	0.761553	0.775936
case_17	330.0	1784669	0.612561	1572049	0.539582	189573	0.0650681	0.880863	0.892387
case_17	608.0	1350337	0.485929	1029686	0.37054	298919	0.107568	0.76254	0.775013
case_17	608.0	1342253	0.485129	1011225	0.365486	304835	0.110176	0.753379	0.768373
case_17	608.0	1336030	0.482238	1019215	0.367884	308606	0.111391	0.762868	0.767585
case_17	608.0	1338906	0.495609	1015098	0.375748	309701	0.114639	0.758155	0.766228
case_17	66.0	2739864	0.918407	2726990	0.914092	18357	0.0061533	0.995301	0.993313
case_17	32.0	2882457	0.964095	2880536	0.963452	5419	0.00181249	0.999334	0.998122
case_17	313.0	1949886	0.661321	1873542	0.635428	161058	0.0546242	0.960847	0.92084
case_17	66.0	2743472	0.921332	2729841	0.916755	20444	0.00686565	0.995031	0.992567
case_17	608.0	1349537	0.50039	1013812	0.375907	321009	0.119026	0.751229	0.759512
case_17	329.0	1961915	0.651397	1784306	0.592427	192006	0.0637501	0.909472	0.902846
case_17	607.0	1442274	0.514927	1137809	0.406226	335600	0.119817	0.788899	0.772229
case_17	330.0	1783073	0.609301	1578530	0.539406	189615	0.0647941	0.885286	0.89276
case_17	330.0	1790539	0.613016	1581081	0.541305	185102	0.0633723	0.88302	0.895197
case_18	72.0	2531527	0.906895	2519618	0.902629	16448	0.00589234	0.995296	0.993514
case_18	281.0	1800505	0.682548	1677977	0.636099	126385	0.0479109	0.931948	0.929956
case_18	281.0	1831964	0.679566	1721520	0.638597	138223	0.0512738	0.939713	0.925676
case_18	13.0	2753212	0.985172	2751639	0.984609	975	0.000348881	0.999429	0.999646
case_18	72.0	2509050	0.904507	2500100	0.901281	15988	0.00576364	0.996433	0.993646
case_18	13.0	2739889	0.983874	2738865	0.983507	1269	0.000455689	0.999626	0.999537
case_18	282.0	1849945	0.687053	1718808	0.63835	136648	0.0507499	0.929113	0.926353
case_18	6.0	2772127	0.993484	2771418	0.99323	709	0.000254094	0.999744	0.999744
case_18	281.0	1810409	0.684324	1684675	0.636797	129189	0.0488327	0.930549	0.928777
case_18	281.0	1843120	0.681775	1732164	0.640733	143702	0.0531558	0.9398	0.923394
case_18	281.0	1854781	0.683597	1742634	0.642264	143684	0.0529561	0.939536	0.923828
case_18	281.0	1835182	0.693396	1710942	0.646454	124168	0.046915	0.932301	0.932338
case_18	143.0	2334306	0.827808	2292963	0.813147	69026	0.0244785	0.982289	0.970776
case_18	282.0	1882656	0.684491	1771642	0.644129	148253	0.0539014	0.941033	0.922781
case_18	143.0	2338868	0.827189	2298321	0.812848	69221	0.0244814	0.982664	0.970763
case_18	20.0	2727316	0.980103	2725549	0.979468	1767	0.000634999	0.999352	0.999352
case_18	282.0	1837397	0.678569	1724982	0.637053	139970	0.0516923	0.938818	0.924947
case_18	73.0	2512880	0.901996	2501773	0.898009	16767	0.0060185	0.99558	0.993343
case_18	281.0	1880146	0.695185	1766434	0.65314	141587	0.0523519	0.93952	0.925794
case_18	72.0	2517088	0.904917	2505860	0.90088	16740	0.00601819	0.995539	0.993364
case_18	282.0	1802379	0.680173	1678765	0.633524	128859	0.0486282	0.931416	0.928714
case_18	20.0	2714232	0.978868	2711787	0.977986	2062	0.000743645	0.999099	0.99924
case_18	281.0	1822078	0.686179	1695815	0.638629	129302	0.048694	0.930704	0.929154
case_18	140.0	2158603	0.840414	2133572	0.830668	65540	0.0255168	0.988404	0.970197
case_18	21.0	2710679	0.976059	2708520	0.975281	1776	0.0006395	0.999204	0.999345
case_18	144.0	2339067	0.825991	2297328	0.811252	68521	0.0241967	0.982156	0.971037
case_18	143.0	2343236	0.828407	2301754	0.813742	75693	0.0267598	0.982297	0.968162
case_18	143.0	2353240	0.829381	2313595	0.815409	68719	0.0242195	0.983153	0.971155
case_19	271.0	1875137	0.7334	1792551	0.701099	147824	0.0578167	0.955957	0.923817
case_19	561.0	1447741	0.527491	1206825	0.439712	327733	0.119411	0.833592	0.786432
case_19	112.0	2248786	0.876615	2230459	0.869471	36581	0.0142599	0.99185	0.983864
case_19	561.0	1446432	0.557581	1214830	0.468302	326158	0.12573	0.83988	0.788345
case_19	18.0	2478056	0.919634	2475743	0.918776	5747	0.00213278	0.999067	0.997684
case_19	131.0	2153933	0.848056	2116108	0.833163	35582	0.0140095	0.982439	0.983463
case_19	560.0	1471261	0.56027	1235299	0.470413	328891	0.125245	0.839619	0.789737
case_19	271.0	1893174	0.746633	1800657	0.710146	132075	0.052088	0.951131	0.931664
case_19	271.0	1893297	0.704856	1794799	0.668186	135399	0.0504077	0.947975	0.929852
case_19	76.0	2412605	0.907409	2400869	0.902995	18101	0.006808	0.995136	0.992517
case_19	561.0	1454303	0.552973	1232721	0.46872	336934	0.128113	0.847637	0.785345
case_19	561.0	1432497	0.547742	1209826	0.4626	329865	0.12613	0.844557	0.785759
case_19	561.0	1493494	0.537083	1252002	0.450239	351521	0.126412	0.838304	0.780782
case_19	131.0	2159922	0.802852	2119022	0.787649	39129	0.0145444	0.981064	0.981869
case_19	561.0	1471679	0.564118	1239555	0.475141	335796	0.128716	0.842273	0.786844
case_19	108.0	2389736	0.886745	2367573	0.878521	35783	0.0132778	0.990726	0.985111
case_19	561.0	1476496	0.556865	1254370	0.473089	352886	0.133092	0.849559	0.780442
case_19	270.0	1845119	0.728917	1756135	0.693764	136904	0.0540841	0.951773	0.92768
case_19	560.0	1493457	0.574345	1251132	0.481153	334347	0.128581	0.837742	0.789119
case_19	561.0	1473025	0.533844	1230979	0.446124	337953	0.122479	0.835681	0.784597
case_19	560.0	1415710	0.546644	1178453	0.455033	306969	0.118529	0.832411	0.793346
case_19	112.0	2249002	0.828127	2226288	0.819764	40239	0.0148168	0.9899	0.982246
case_19	561.0	1488705	0.565986	1258450	0.478446	350270	0.133168	0.845332	0.782268
case_19	108.0	2350104	0.87682	2327039	0.868215	38757	0.0144602	0.990186	0.983618
case_19	131.0	2173616	0.848735	2143091	0.836816	47234	0.0184435	0.985957	0.978435
case_19	560.0	1441907	0.553618	1206815	0.463355	314123	0.120607	0.836958	0.793468
case_19	560.0	1517771	0.578915	1283151	0.489425	346347	0.132105	0.845418	0.787452
case_19	560.0	1465521	0.566805	1224795	0.473701	324029	0.125321	0.83574	0.79079
case_1	128.0	1526217	0.802424	1499712	0.788489	32593	0.0171361	0.982634	0.978729
case_1	1396.0	485396	0.208582	232066	0.0997223	261563	0.112398	0.478096	0.470122
case_1	1396.0	479834	0.207339	234304	0.101244	255936	0.110591	0.488302	0.477937
case_1	128.0	1531427	0.804525	1506056	0.791196	32623	0.0171383	0.983433	0.978798
case_1	1396.0	483795	0.20915	234150	0.101225	256726	0.110985	0.483986	0.477004
case_1	10.0	1770033	0.984841	1769802	0.984713	231	0.000128528	0.999869	0.999869
case_1	1396.0	544169	0.222861	279884	0.114625	278641	0.114116	0.514333	0.501113
case_1	14.0	1765597	0.981549	1765448	0.981466	149	8.28336e-05	0.999916	0.999916
case_1	1396.0	538039	0.222432	273202	0.112945	279320	0.115474	0.507774	0.494464
case_1	1396.0	553376	0.225583	283378	0.115518	283598	0.115608	0.512089	0.499806
case_1	1396.0	486319	0.209114	234083	0.100654	261017	0.112236	0.481336	0.472799
case_1	1396.0	478417	0.206592	232287	0.100307	256481	0.110754	0.485532	0.47525
case_1	96.0	1622060	0.842694	1609372	0.836102	18184	0.00944697	0.992178	0.988827
case_1	1396.0	483420	0.208843	234957	0.101504	257627	0.111298	0.486031	0.476989
case_1	96.0	1627186	0.844695	1613197	0.837433	19556	0.0101518	0.991403	0.988023
case_1	1396.0	557703	0.228499	287476	0.117783	287252	0.117691	0.515464	0.500195
case_1	14.0	1772339	0.985248	1771025	0.984517	192	0.000106733	0.999259	0.999892
case_1	1396.0	479127	0.207041	230239	0.0994912	253090	0.109366	0.480539	0.476361
case_1	38.0	2712801	0.954372	2708531	0.95287	3692	0.00129886	0.998426	0.998639
case_1	1396.0	549731	0.226203	274456	0.112933	285297	0.117394	0.499255	0.490316
case_1	96.0	1623078	0.843262	1609342	0.836126	18094	0.00940065	0.991537	0.988882
case_1	128.0	1729836	0.852349	1696365	0.835857	35361	0.0174236	0.980651	0.97958
case_1	1396.0	485833	0.208913	230698	0.0992026	258636	0.111216	0.47485	0.471453
case_1	128.0	1525140	0.801895	1494931	0.786012	32537	0.0171075	0.980193	0.978699
case_1	80.0	2562167	0.901699	2544809	0.89559	22890	0.00805564	0.993225	0.991085
case_1	80.0	2559348	0.904322	2534077	0.895393	17486	0.00617852	0.990126	0.993147
case_1	1396.0	547095	0.22627	276292	0.11427	286896	0.118656	0.505016	0.490586
case_1	1396.0	487217	0.210621	238215	0.102979	258779	0.111869	0.48893	0.479312
case_20	715.0	971162	0.321768	688705	0.228183	321843	0.106634	0.709156	0.681516
case_20	6.0	3567465	0.991922	3567032	0.991802	433	0.000120394	0.999879	0.999879
case_20	44.0	3407062	0.947998	3397425	0.945317	11807	0.00328524	0.997171	0.996537
case_20	715.0	1004132	0.32934	682243	0.223766	331020	0.10857	0.679436	0.673313
case_20	140.0	2054893	0.823437	2020537	0.809669	54104	0.0216806	0.983281	0.973921
case_20	44.0	3353475	0.937893	3344707	0.93544	13650	0.0038176	0.997385	0.995936
case_20	44.0	3356516	0.939774	3348497	0.937529	13747	0.00384895	0.997611	0.995911
case_20	715.0	985772	0.322807	671888	0.22002	332051	0.108735	0.681586	0.669252
case_20	715.0	1008726	0.328441	690258	0.224748	331750	0.108018	0.684287	0.675394
case_20	715.0	965873	0.3196	683156	0.226051	325098	0.107572	0.707294	0.677563
case_20	44.0	3402863	0.945798	3393128	0.943092	11510	0.00319911	0.997139	0.996619
case_20	715.0	997770	0.32701	680483	0.223022	333177	0.109196	0.682004	0.671313
case_20	715.0	976391	0.323354	693989	0.22983	325572	0.107821	0.71077	0.680674
case_20	42.0	2419664	0.950747	2415787	0.949224	8440	0.00331629	0.998398	0.996518
case_20	60.0	2390619	0.946798	2381047	0.943007	12309	0.00487495	0.995996	0.994857
case_20	140.0	2065741	0.834492	2020203	0.816097	57230	0.0231191	0.977956	0.972452
case_20	715.0	999989	0.325972	683219	0.222713	326046	0.106283	0.683227	0.676947
case_20	715.0	991792	0.325196	677440	0.222124	328667	0.107766	0.683046	0.673328
case_20	715.0	998282	0.32477	682317	0.221977	331607	0.107881	0.683491	0.672947
case_20	16.0	3476506	0.972999	3474707	0.972496	4136	0.00115758	0.999483	0.998811
case_20	60.0	2360916	0.934229	2343017	0.927146	17763	0.00702893	0.992419	0.992476
case_20	715.0	1003389	0.326848	687869	0.224069	328223	0.106917	0.685546	0.676975
case_20	715.0	991369	0.327308	671223	0.221609	332165	0.109667	0.677067	0.668957
case_20	715.0	1009065	0.328785	688652	0.224384	330270	0.107612	0.682465	0.675863
case_20	715.0	1002301	0.328975	677579	0.222395	329213	0.108054	0.676023	0.673008
case_20	715.0	994465	0.323757	677667	0.220621	329430	0.107249	0.681439	0.672891
case_20	715.0	969310	0.323401	686747	0.229127	324354	0.108218	0.708491	0.679207
case_20	140.0	2081453	0.834808	2047150	0.82105	54285	0.0217721	0.98352	0.974168
case_21	722.0	1119012	0.45153	766636	0.309344	272351	0.109896	0.685101	0.737869
case_21	722.0	1093176	0.446165	747354	0.305022	278761	0.113772	0.683654	0.728334
case_21	722.0	1119012	0.45153	766636	0.309344	272351	0.109896	0.685101	0.737869
case_21	168.0	1909821	0.823804	1860706	0.802618	44830	0.0193375	0.974283	0.976474
case_21	722.0	1070021	0.419757	700692	0.274874	263331	0.103302	0.654839	0.726842
case_21	722.0	1083486	0.425529	728029	0.285927	273893	0.107569	0.671932	0.726632
case_21	76.0	2092749	0.913676	2070090	0.903783	18161	0.00792894	0.989173	0.991303
case_21	168.0	1909821	0.823804	1860706	0.802618	44830	0.0193375	0.974283	0.976474
case_21	76.0	2073888	0.917879	2061332	0.912321	12920	0.00571824	0.993946	0.993771
case_21	210.0	2028216	0.748665	1987981	0.733813	97227	0.0358889	0.980162	0.953373
case_21	168.0	1910183	0.835039	1872842	0.818715	48512	0.0212071	0.980452	0.974751
case_21	722.0	1096209	0.441806	734893	0.296185	261233	0.105285	0.670395	0.737751
case_21	74.0	2078929	0.907753	2066097	0.90215	18934	0.00826742	0.993828	0.990919
case_21	722.0	1098211	0.448169	736823	0.30069	262130	0.106973	0.67093	0.737595
case_21	16.0	2741879	0.982166	2740883	0.981809	868	0.000310926	0.999637	0.999683
case_21	722.0	1061889	0.419269	712945	0.281494	273171	0.107857	0.671393	0.722983
case_21	168.0	1902378	0.831728	1866575	0.816075	51320	0.0224373	0.98118	0.973241
case_21	722.0	1083927	0.423274	729114	0.284719	268916	0.105012	0.67266	0.730553
case_21	168.0	1902378	0.831728	1866575	0.816075	51320	0.0224373	0.98118	0.973241
case_21	722.0	1073449	0.426245	706984	0.280729	268908	0.106778	0.65861	0.724449
case_21	0.0	2315362	1.0	2315362	1.0	0	0.0	1.0	1.0
case_21	168.0	1910183	0.835039	1872842	0.818715	48512	0.0212071	0.980452	0.974751
case_21	722.0	1061221	0.421436	711638	0.282608	278278	0.110511	0.670584	0.718887
case_21	722.0	1083486	0.425529	728029	0.285927	273893	0.107569	0.671932	0.726632
case_21	210.0	2031871	0.745991	1994378	0.732225	95284	0.034983	0.981548	0.954402
case_21	722.0	1072654	0.418392	699281	0.272757	257971	0.100622	0.651917	0.730509
case_21	722.0	1074529	0.424213	707168	0.279183	262421	0.103601	0.658119	0.729348
case_21	722.0	1083927	0.423274	729114	0.284719	268916	0.105012	0.67266	0.730553
case_22	10.0	2438257	0.989893	2436961	0.989366	1296	0.000526155	0.999468	0.999468
case_22	252.0	1863985	0.724718	1752639	0.681427	121469	0.0472272	0.940265	0.935186
case_22	72.0	2248977	0.90008	2231051	0.892905	24573	0.00983454	0.992029	0.989106
case_22	72.0	2248977	0.90008	2231051	0.892905	24573	0.00983454	0.992029	0.989106
case_22	252.0	1877762	0.734316	1761190	0.68873	127761	0.0499621	0.93792	0.932364
case_22	72.0	2214569	0.892188	2198071	0.885542	17590	0.00708652	0.99255	0.992061
case_22	0.0	2464763	1.0	2464763	1.0	0	0.0	1.0	1.0
case_22	72.0	2249098	0.900709	2232793	0.894179	23163	0.00927621	0.99275	0.989733
case_22	252.0	1865853	0.724991	1755332	0.682047	121478	0.0472012	0.940767	0.935274
case_22	8.0	2446079	0.985088	2444903	0.984614	1176	0.0004736	0.999519	0.999519
case_22	8.0	2446079	0.985088	2444903	0.984614	1176	0.0004736	0.999519	0.999519
case_22	72.0	2249098	0.900709	2232793	0.894179	23163	0.00927621	0.99275	0.989733
case_22	252.0	1874633	0.723247	1759734	0.678918	122221	0.0471538	0.938709	0.935056
case_22	0.0	2461543	1.0	2461543	1.0	0	0.0	1.0	1.0
case_22	252.0	1863985	0.724718	1752639	0.681427	121469	0.0472272	0.940265	0.935186
case_22	50.0	2305425	0.942264	2298951	0.939618	15672	0.00640539	0.997192	0.993229
case_22	10.0	2445731	0.985587	2444003	0.98489	1728	0.000696354	0.999293	0.999293
case_22	50.0	2305296	0.941591	2299847	0.939366	15120	0.00617572	0.997636	0.993469
case_22	10.0	2438257	0.989893	2436961	0.989366	1296	0.000526155	0.999468	0.999468
case_22	72.0	2255874	0.89626	2237507	0.888963	24233	0.00962778	0.991858	0.989286
case_22	10.0	2445731	0.985587	2444003	0.98489	1728	0.000696354	0.999293	0.999293
case_22	10.0	2438257	0.989893	2436961	0.989366	1296	0.000526155	0.999468	0.999468
case_22	252.0	1820525	0.698188	1705229	0.65397	120590	0.0462473	0.936669	0.933953
case_22	10.0	2438257	0.989893	2436961	0.989366	1296	0.000526155	0.999468	0.999468
case_22	252.0	1865853	0.724991	1755332	0.682047	121478	0.0472012	0.940767	0.935274
case_22	50.0	2313325	0.937844	2306888	0.935234	15552	0.00630493	0.997217	0.993304
case_22	50.0	2305425	0.942264	2298951	0.939618	15672	0.00640539	0.997192	0.993229
case_22	50.0	2305296	0.941591	2299847	0.939366	15120	0.00617572	0.997636	0.993469
case_23	540.0	1283140	0.532796	1053229	0.43733	293667	0.121939	0.820822	0.781968
case_23	540.0	1297924	0.53521	1069237	0.440909	292544	0.120633	0.823806	0.785175
case_23	12.0	2473727	0.98276	2471777	0.981986	1947	0.000773503	0.999212	0.999213
case_23	540.0	1219445	0.519623	999877	0.426062	269439	0.114812	0.819944	0.787729
case_23	540.0	1227862	0.517778	1013716	0.427475	271690	0.114569	0.825594	0.788635
case_23	266.0	1889836	0.738807	1822327	0.712415	132847	0.0519348	0.964278	0.932054
case_23	30.0	2410857	0.956909	2406300	0.9551	2550	0.00101214	0.99811	0.998941
case_23	266.0	1924827	0.745782	1856090	0.71915	127149	0.0492644	0.964289	0.935888
case_23	266.0	1890927	0.741396	1819202	0.713274	130223	0.0510579	0.962069	0.933199
case_23	540.0	1226980	0.521177	1002992	0.426035	275029	0.116822	0.817448	0.784801
case_23	266.0	1896731	0.739365	1826897	0.712143	127532	0.0497133	0.963182	0.934747
case_23	30.0	2419550	0.957523	2413572	0.955158	5025	0.00198862	0.997529	0.997922
case_23	540.0	1256888	0.530108	1023744	0.431776	281110	0.118562	0.814507	0.784566
case_23	90.0	1989107	0.897804	1974292	0.891117	24337	0.0109848	0.992552	0.987823
case_23	16.0	2535807	0.970821	2533247	0.96984	2455	0.000939884	0.99899	0.999032
case_23	266.0	1915448	0.744966	1847810	0.71866	125698	0.0488871	0.964688	0.936307
case_23	30.0	2422917	0.956058	2417121	0.953771	3026	0.00119403	0.997608	0.99875
case_23	540.0	1248847	0.528379	1019006	0.431135	275109	0.116397	0.815957	0.787415
case_23	18.0	2443580	0.976547	2438644	0.974574	2713	0.00108422	0.99798	0.998889
case_23	266.0	1906843	0.740489	1835841	0.712917	128843	0.0500339	0.962765	0.93442
case_23	540.0	1275760	0.52734	1044113	0.431588	288612	0.119299	0.818424	0.783442
case_23	540.0	1257563	0.528743	1025731	0.431269	277911	0.116848	0.81565	0.78682
case_23	540.0	1226224	0.519225	1005165	0.425621	272821	0.115522	0.819724	0.786523
case_23	266.0	1909497	0.746967	1840452	0.719958	128694	0.0503432	0.963841	0.934645
case_23	266.0	1907034	0.743833	1842196	0.718543	130672	0.0509682	0.966001	0.933765
case_23	540.0	1260596	0.527852	1034802	0.433305	277952	0.116387	0.820883	0.788268
case_23	18.0	2445710	0.974518	2443601	0.973678	1636	0.000651881	0.999138	0.999331
case_23	540.0	1259807	0.524378	1028202	0.427976	289979	0.1207	0.816158	0.780016
case_24	31.0	2470811	0.961272	2464554	0.958838	5308	0.00206508	0.997468	0.997851
case_24	421.0	1536879	0.623132	1308565	0.530562	232992	0.0944673	0.851443	0.848859
case_24	60.0	2278512	0.938598	2269870	0.935038	15485	0.00637881	0.996207	0.993224
case_24	421.0	1617657	0.636955	1395488	0.549476	249073	0.0980729	0.86266	0.848547
case_24	99.0	2182079	0.87644	2161964	0.868361	20846	0.00837287	0.990782	0.99045
case_24	421.0	1521156	0.619807	1297877	0.52883	230821	0.0940498	0.853218	0.849008
case_24	99.0	2196416	0.878334	2180988	0.872164	20067	0.00802467	0.992976	0.990883
case_24	28.0	2452569	0.964047	2449326	0.962772	4260	0.00167451	0.998678	0.998264
case_24	420.0	1602099	0.63865	1366946	0.544911	237910	0.0948389	0.853222	0.851756
case_24	32.0	2391113	0.94171	2386117	0.939742	2848	0.00112165	0.997911	0.998808
case_24	421.0	1611310	0.635653	1379928	0.544374	238149	0.0939484	0.856401	0.85282
case_24	334.0	1779772	0.699624	1629842	0.640687	184446	0.0725052	0.915759	0.898337
case_24	31.0	2372351	0.944108	2366284	0.941693	3874	0.00154171	0.997443	0.998366
case_24	334.0	1754760	0.693098	1602921	0.633124	179722	0.0709869	0.91347	0.899182
case_24	31.0	2357481	0.942298	2354457	0.941089	3023	0.00120831	0.998717	0.998718
case_24	99.0	2159462	0.870085	2139260	0.861946	17650	0.0071115	0.990645	0.991817
case_24	100.0	2166463	0.863746	2141429	0.853765	20433	0.00814642	0.988445	0.990548
case_24	31.0	2482407	0.961685	2473069	0.958067	5312	0.00205787	0.996238	0.997857
case_24	100.0	2205317	0.872707	2185210	0.86475	21943	0.00868348	0.990882	0.990058
case_24	421.0	1488294	0.611089	1270761	0.521771	220252	0.0904349	0.853837	0.85228
case_24	100.0	2153218	0.875837	2139129	0.870106	21503	0.0087465	0.993457	0.990048
case_24	420.0	1591298	0.637127	1361265	0.545026	237403	0.0950519	0.855443	0.851499
case_24	333.0	1838746	0.711014	1680700	0.6499	184195	0.0712252	0.914047	0.90123
case_24	100.0	2124019	0.870605	2103353	0.862134	17709	0.00725867	0.99027	0.991651
case_24	334.0	1729896	0.688379	1568166	0.624022	172797	0.0687613	0.906509	0.900746
case_24	334.0	1857262	0.710937	1700535	0.650944	186271	0.0713023	0.915614	0.901277
case_24	333.0	1837795	0.713669	1676796	0.651148	180603	0.0701334	0.912396	0.902766
case_24	99.0	2142614	0.867124	2117225	0.856849	19581	0.00792451	0.98815	0.990836
case_25	313.0	1636930	0.591909	1503574	0.543688	148607	0.0537358	0.918533	0.910054
case_25	313.0	1656819	0.594344	1532910	0.549895	162583	0.0583228	0.925213	0.904109
case_25	313.0	1698792	0.609833	1590579	0.570987	148620	0.0533517	0.9363	0.914547
case_25	313.0	1649003	0.593597	1522189	0.547947	160523	0.0577839	0.923097	0.904605
case_25	114.0	1896548	0.828017	1880803	0.821143	38826	0.0169511	0.991698	0.979774
case_25	313.0	1756892	0.609673	1633314	0.56679	159478	0.0553418	0.929661	0.911045
case_25	150.0	1837175	0.798435	1790814	0.778286	51618	0.0224331	0.974765	0.971984
case_25	312.0	1645363	0.60077	1531126	0.559058	126825	0.0463075	0.93057	0.923505
case_25	130.0	1954163	0.803947	1910303	0.785903	49941	0.0205458	0.977556	0.974523
case_25	16.0	3196256	0.97964	3193676	0.978849	2580	0.00079076	0.999193	0.999193
case_25	130.0	1909298	0.789541	1877282	0.776302	33926	0.0140292	0.983232	0.982249
case_25	150.0	1943151	0.808071	1912320	0.79525	45391	0.0188761	0.984134	0.976814
case_25	312.0	1588800	0.58235	1452564	0.532415	129600	0.0475029	0.914252	0.918087
case_25	150.0	1792373	0.78321	1746924	0.76335	46420	0.0202841	0.974643	0.974115
case_25	130.0	1966533	0.817124	1932445	0.80296	53851	0.0223759	0.982666	0.972889
case_25	312.0	1706432	0.599918	1583268	0.556619	141928	0.0498966	0.927824	0.917732
case_25	37.0	3054118	0.946887	3046968	0.94467	7133	0.00221149	0.997659	0.997664
case_25	28.0	2388318	0.942353	2386457	0.941619	3080	0.00121527	0.999221	0.998711
case_25	313.0	1766005	0.610789	1647545	0.569819	158594	0.0548512	0.932922	0.912192
case_25	130.0	1930488	0.806326	1900012	0.793597	35253	0.0147245	0.984213	0.981784
case_25	313.0	1689256	0.608519	1577858	0.56839	149646	0.0539068	0.934055	0.913374
case_25	313.0	1648435	0.593995	1524472	0.549326	148405	0.0534761	0.9248	0.911288
case_25	312.0	1605621	0.585837	1475151	0.538232	142970	0.0521649	0.918742	0.911644
case_25	150.0	1933817	0.796223	1898820	0.781813	42407	0.0174605	0.981903	0.978155
case_25	37.0	3046292	0.947297	3037495	0.944561	9494	0.00295232	0.997112	0.996884
case_25	312.0	1709549	0.595973	1570054	0.547343	137536	0.047947	0.918402	0.919456
case_25	313.0	1762899	0.606693	1624557	0.559083	156473	0.0538494	0.921526	0.912145
case_25	313.0	1767420	0.606234	1636591	0.561359	156268	0.0536007	0.925977	0.912839
case_26	34.0	2558823	0.961137	2556878	0.960406	3255	0.00122263	0.99924	0.998729
case_26	100.0	2353424	0.888784	2335530	0.882027	27456	0.0103689	0.992397	0.988381
case_26	6.0	2652533	0.995063	2652020	0.994871	513	0.000192445	0.999807	0.999807
case_26	14.0	2596642	0.984005	2595787	0.983681	855	0.000324005	0.999671	0.999671
case_26	34.0	2532146	0.958328	2529283	0.957244	3764	0.00142454	0.998869	0.998514
case_26	34.0	2532825	0.956896	2529872	0.95578	3854	0.00145603	0.998834	0.998479
case_26	100.0	2379651	0.897535	2358949	0.889727	24003	0.00905323	0.9913	0.989927
case_26	944.0	958905	0.398285	727895	0.302334	418305	0.173745	0.75909	0.635051
case_26	58.0	2052174	0.932373	2041825	0.927672	11622	0.00528028	0.994957	0.99434
case_26	100.0	2327878	0.88427	2308225	0.876804	27419	0.0104154	0.991558	0.988261
case_26	100.0	2377836	0.895276	2357857	0.887754	24121	0.00908177	0.991598	0.989874
case_26	944.0	972845	0.400949	741554	0.305624	428665	0.17667	0.762253	0.633688
case_26	944.0	979090	0.400457	745372	0.304864	431712	0.176574	0.761291	0.633236
case_26	944.0	974388	0.399089	740234	0.303184	425854	0.174421	0.759691	0.634801
case_26	34.0	2558144	0.962567	2556289	0.961869	3165	0.00119091	0.999275	0.998763
case_26	944.0	976454	0.400128	745742	0.305587	431071	0.176643	0.763725	0.633696
case_26	944.0	972243	0.399932	741547	0.305035	429448	0.176653	0.762718	0.633262
case_26	944.0	964755	0.397647	732659	0.301983	421162	0.173592	0.759425	0.634985
case_26	58.0	2055602	0.926114	2048966	0.923125	10509	0.00473464	0.996772	0.994897
case_26	944.0	972260	0.39973	739144	0.303888	424498	0.174526	0.760233	0.635199
case_26	944.0	965382	0.396425	726655	0.298394	421291	0.172999	0.752712	0.633005
case_26	944.0	978339	0.399388	745365	0.304281	432495	0.176558	0.761868	0.632813
case_26	944.0	962474	0.398223	732054	0.302887	421564	0.174422	0.760596	0.634572
case_26	944.0	958791	0.396745	720232	0.29803	419010	0.173385	0.751188	0.632203
case_26	944.0	977392	0.401279	746035	0.306293	430878	0.176901	0.763291	0.633891
case_26	944.0	967851	0.399451	735470	0.303543	422997	0.174579	0.7599	0.634865
case_26	36.0	2128211	0.962878	2124580	0.961235	5915	0.00267615	0.998294	0.997224
case_26	944.0	967665	0.398876	730915	0.301286	422147	0.174011	0.755339	0.63389
case_27	88.0	2446957	0.882883	2424713	0.874857	26236	0.00946617	0.99091	0.989296
case_27	114.0	2416823	0.864468	2377370	0.850356	30699	0.0109807	0.983676	0.987252
case_27	46.0	2725936	0.946765	2718530	0.944193	7134	0.00247776	0.997283	0.997383
case_27	666.0	1266567	0.471025	1009549	0.375443	371845	0.138286	0.797075	0.730819
case_27	114.0	2417496	0.865705	2376166	0.850905	29595	0.010598	0.982904	0.987698
case_27	666.0	1261766	0.473301	999490	0.374919	373701	0.140179	0.792136	0.727859
case_27	666.0	1273351	0.475291	1014416	0.378641	373146	0.13928	0.796651	0.731078
case_27	226.0	1936357	0.770332	1892793	0.753001	133781	0.0532215	0.977502	0.933987
case_27	666.0	1292372	0.473918	1032840	0.378747	371578	0.136259	0.799182	0.735422
case_27	114.0	2365751	0.881145	2340159	0.871613	31421	0.011703	0.989182	0.986751
case_27	666.0	1289534	0.490862	1034239	0.393683	380855	0.144973	0.802025	0.730862
case_27	666.0	1289467	0.499327	1031380	0.399387	376751	0.145891	0.79985	0.732446
case_27	114.0	2412211	0.86792	2370313	0.852845	24495	0.00881337	0.982631	0.989772
case_27	666.0	1287871	0.470567	1027900	0.375578	376483	0.137561	0.798139	0.731923
case_27	14.0	2842323	0.97934	2839965	0.978528	3286	0.00113221	0.99917	0.998844
case_27	666.0	1282416	0.472558	1012256	0.373006	370738	0.136613	0.789335	0.731931
case_27	88.0	2454932	0.878447	2432484	0.870414	34405	0.0123111	0.990856	0.986053
case_27	666.0	1269842	0.484795	1012472	0.386538	366598	0.139958	0.797321	0.73417
case_27	18.0	2656235	0.985315	2655088	0.984889	1147	0.000425473	0.999568	0.999568
case_27	666.0	1253668	0.487535	1002537	0.389873	360705	0.140273	0.799683	0.735406
case_27	666.0	1282990	0.497439	1030364	0.399491	375718	0.145673	0.803096	0.732791
case_27	88.0	2455909	0.881907	2424331	0.870567	33355	0.0119776	0.987142	0.986428
case_27	666.0	1301306	0.494737	1038176	0.394699	382427	0.145393	0.797795	0.7308
case_27	114.0	2410625	0.860208	2375179	0.84756	29983	0.0106991	0.985296	0.987534
case_27	114.0	2410043	0.859014	2375961	0.846866	31757	0.0113192	0.985858	0.98681
case_27	114.0	2368622	0.881158	2343154	0.871684	31564	0.0117422	0.989248	0.986708
case_27	114.0	2413734	0.867464	2372195	0.852536	25485	0.00915897	0.982791	0.989371
case_27	46.0	2726507	0.943733	2719159	0.941189	8067	0.00279225	0.997305	0.997042
case_28	1693.0	439259	0.180392	169838	0.0697478	206343	0.0847394	0.386647	0.451479
case_28	70.0	2819716	0.916528	2808699	0.912947	9555	0.00310578	0.996093	0.99661
case_28	1694.0	440425	0.177478	173727	0.0700067	206938	0.0833898	0.394453	0.456378
case_28	70.0	2830290	0.918495	2818650	0.914718	9099	0.00295284	0.995887	0.996782
case_28	2.0	3169932	0.998234	3169931	0.998234	1	3.14907e-07	1.0	1.0
case_28	1694.0	442517	0.177426	173999	0.0697645	207789	0.0833126	0.393203	0.455748
case_28	71.0	2839785	0.909295	2818178	0.902376	8569	0.00274378	0.992391	0.996969
case_28	8.0	3065735	0.992063	3065147	0.991873	999	0.000323274	0.999808	0.999674
case_28	63.0	2907461	0.92774	2899946	0.925342	6143	0.00196017	0.997415	0.997886
case_28	75.0	2850084	0.918389	2834650	0.913416	8213	0.00264649	0.994585	0.997111
case_28	75.0	2837335	0.915734	2823704	0.911335	8611	0.00277915	0.995196	0.99696
case_28	32.0	1738377	0.965698	1735240	0.963955	1087	0.000603847	0.998195	0.999374
case_28	76.0	2866750	0.911535	2843775	0.904229	9184	0.00292022	0.991986	0.996781
case_28	1694.0	433232	0.175859	168304	0.0683185	197383	0.0801223	0.388485	0.460241
case_28	63.0	2906101	0.926452	2898585	0.924056	6144	0.00195868	0.997414	0.997885
case_28	1693.0	440895	0.179925	170941	0.0697595	207576	0.0847099	0.387714	0.451607
case_28	71.0	2840908	0.910496	2819539	0.903648	8568	0.002746	0.992478	0.99697
case_28	75.0	2832256	0.916705	2813280	0.910563	10928	0.00353702	0.9933	0.996131
case_28	1693.0	430998	0.177642	169531	0.0698748	196298	0.0809072	0.393345	0.463416
case_28	1694.0	432603	0.176708	167940	0.0685996	196353	0.0802057	0.388208	0.461003
case_28	1694.0	442517	0.177221	173999	0.0696838	207788	0.0832158	0.393203	0.455749
case_28	1693.0	440540	0.180553	170442	0.0698546	207260	0.0849442	0.386893	0.451261
case_28	1693.0	442176	0.180086	171751	0.0699495	208429	0.0848874	0.388422	0.451762
case_28	63.0	2895724	0.925449	2889834	0.923566	6707	0.0021435	0.997966	0.997684
case_28	76.0	2868110	0.912806	2845136	0.905494	9183	0.00292258	0.99199	0.996783
case_28	1694.0	440425	0.177685	173727	0.0700883	206939	0.0834873	0.394453	0.456376
case_28	1693.0	432565	0.177164	170486	0.0698251	197468	0.080876	0.394128	0.463335
case_28	63.0	2894364	0.924161	2888473	0.92228	6708	0.00214184	0.997965	0.997683
case_29	191.0	1477912	0.655754	1418103	0.629216	81158	0.03601	0.959531	0.945868
case_29	143.0	2034657	0.802588	1985835	0.783329	81170	0.0320182	0.976005	0.960731
case_29	17.0	2495729	0.961398	2489282	0.958915	6447	0.0024835	0.997417	0.997417
case_29	143.0	2034657	0.802588	1985835	0.783329	81170	0.0320182	0.976005	0.960731
case_29	191.0	1495570	0.657621	1427025	0.627481	86610	0.0380835	0.954168	0.94278
case_29	190.0	1481023	0.650223	1416174	0.621752	69336	0.030441	0.956213	0.953325
case_29	143.0	2042883	0.80368	1993768	0.784357	82583	0.0324885	0.975958	0.960227
case_29	144.0	2007759	0.780627	1952638	0.759195	82831	0.0322051	0.972546	0.959306
case_29	111.0	2245969	0.756494	2181348	0.734728	46401	0.0156289	0.971228	0.979171
case_29	190.0	1482085	0.648755	1416548	0.620068	69642	0.0304845	0.955781	0.953141
case_29	191.0	1586390	0.587287	1523113	0.563861	74731	0.0276657	0.960113	0.95323
case_29	17.0	2501162	0.960977	2494582	0.958449	6580	0.00252812	0.997369	0.997369
case_29	190.0	1504161	0.652577	1433877	0.622084	71097	0.0308453	0.953274	0.952759
case_29	144.0	2117572	0.72071	2057610	0.700302	87420	0.0297532	0.971684	0.959245
case_29	42.0	1879201	0.931772	1874665	0.929522	9772	0.00484529	0.997586	0.994814
case_29	144.0	2117572	0.72071	2057610	0.700302	87420	0.0297532	0.971684	0.959245
case_29	0.0	2511168	1.0	2511168	1.0	0	0.0	1.0	1.0
case_29	190.0	1500928	0.653099	1431153	0.622737	70793	0.0308041	0.953512	0.952866
case_29	143.0	2042883	0.80368	1993768	0.784357	82583	0.0324885	0.975958	0.960227
case_29	111.0	2242984	0.75722	2175719	0.734512	46304	0.015632	0.970011	0.979161
case_29	191.0	1495570	0.657621	1427025	0.627481	86610	0.0380835	0.954168	0.94278
case_29	191.0	1508674	0.646106	1436393	0.615151	67604	0.0289521	0.95209	0.95505
case_29	191.0	1477912	0.655754	1418103	0.629216	81158	0.03601	0.959531	0.945868
case_29	112.0	2247883	0.749546	2225689	0.742146	45958	0.0153245	0.990127	0.979769
case_29	4.0	2550247	0.993913	2550058	0.993839	189	7.36593e-05	0.999926	0.999926
case_29	191.0	1565857	0.584107	1511584	0.563862	71627	0.0267188	0.96534	0.954758
case_29	144.0	2007759	0.780627	1952638	0.759195	82831	0.0322051	0.972546	0.959306
case_29	191.0	1486701	0.642321	1418305	0.612771	68746	0.0297013	0.953995	0.95377
case_2	398.0	1429019	0.562225	1259688	0.495604	195775	0.0770246	0.881505	0.86549
case_2	212.0	1813577	0.712986	1758081	0.691168	87930	0.0345686	0.9694	0.952368
case_2	398.0	1726941	0.629918	1523647	0.555765	247724	0.0903597	0.882281	0.860151
case_2	398.0	1699585	0.62376	1497488	0.549589	243239	0.0892704	0.88109	0.860266
case_2	398.0	1729756	0.623168	1523169	0.548742	251569	0.0906312	0.880569	0.85825
case_2	398.0	1722770	0.629464	1516429	0.554071	248633	0.0908452	0.880227	0.859136
case_2	14.0	2665402	0.983552	2665125	0.98345	277	0.000102215	0.999896	0.999896
case_2	398.0	1745049	0.632673	1562422	0.566461	254990	0.0924474	0.895346	0.859696
case_2	128.0	2373069	0.860953	2332158	0.84611	56946	0.0206601	0.98276	0.976164
case_2	16.0	2297981	0.893008	2295531	0.892056	2450	0.000952083	0.998934	0.998934
case_2	26.0	2629143	0.968625	2626530	0.967662	3558	0.00131083	0.999006	0.998647
case_2	10.0	2711204	0.983638	2710297	0.983309	907	0.000329064	0.999665	0.999665
case_2	26.0	2629857	0.967232	2627437	0.966341	2473	0.000909541	0.99908	0.99906
case_2	128.0	2001454	0.792043	1960766	0.775941	44131	0.0174641	0.979671	0.977988
case_2	128.0	2377505	0.86111	2334059	0.845375	60970	0.0220828	0.981726	0.974543
case_2	212.0	2119281	0.777244	2047269	0.750834	98498	0.036124	0.966021	0.954097
case_2	398.0	1453899	0.569294	1278146	0.500476	200731	0.078599	0.879116	0.864268
case_2	212.0	2126722	0.777413	2057987	0.752288	97880	0.0357796	0.96768	0.954598
case_2	398.0	1724676	0.628051	1549330	0.564197	245821	0.0895171	0.898331	0.863064
case_2	212.0	2119384	0.775959	2046744	0.749364	97262	0.03561	0.965726	0.954635
case_2	398.0	1754099	0.629186	1543098	0.553501	256406	0.0919715	0.87971	0.857513
case_2	398.0	1704157	0.624372	1505094	0.551439	243301	0.0891411	0.88319	0.860843
case_2	128.0	1999736	0.792821	1959608	0.776912	38687	0.015338	0.979933	0.98064
case_2	128.0	2383988	0.862106	2345251	0.848098	55559	0.0200914	0.983751	0.976858
case_2	212.0	2151172	0.774454	2084211	0.750347	112200	0.0403937	0.968872	0.948917
case_2	128.0	2003697	0.791574	1967794	0.77739	38530	0.0152215	0.982082	0.980796
case_2	398.0	1736440	0.632384	1542739	0.561841	242767	0.0884119	0.888449	0.864035
case_2	398.0	1717524	0.628273	1523661	0.557358	237513	0.0868826	0.887126	0.865139
case_30	426.0	1009254	0.389637	749223	0.289248	143283	0.0553165	0.742353	0.83946
case_30	125.0	3104992	0.863286	3045215	0.846666	50446	0.0140256	0.980748	0.983704
case_30	426.0	1001343	0.387938	735246	0.284847	140776	0.0545391	0.73426	0.839301
case_30	125.0	3125350	0.869526	3064468	0.852587	47911	0.0133297	0.98052	0.984606
case_30	425.0	1015451	0.394206	764118	0.296636	133664	0.0518894	0.752491	0.851118
case_30	36.0	3405568	0.938071	3395240	0.935226	13478	0.00371255	0.996967	0.996046
case_30	125.0	3158207	0.870855	3087001	0.85122	60784	0.0167608	0.977454	0.98069
case_30	125.0	3131713	0.869109	3076477	0.85378	49314	0.0136856	0.982362	0.984224
case_30	36.0	3388639	0.935624	3378656	0.932868	14779	0.00408057	0.997054	0.995645
case_30	426.0	1011885	0.39072	751284	0.290094	142738	0.0551156	0.74246	0.840342
case_30	125.0	3070654	0.850517	3001990	0.831498	55589	0.0153972	0.977639	0.981819
case_30	36.0	3406734	0.938277	3395917	0.935298	14072	0.00387569	0.996825	0.995873
case_30	125.0	3103093	0.862651	3044535	0.846372	50540	0.01405	0.981129	0.983671
case_30	40.0	3420854	0.954783	3413030	0.952599	9035	0.00252173	0.997713	0.99736
case_30	20.0	3503390	0.970841	3498829	0.969577	7010	0.00194257	0.998698	0.998
case_30	10.0	3589946	0.992462	3588725	0.992124	1221	0.000337553	0.99966	0.99966
case_30	125.0	3155054	0.869878	3084602	0.850454	60993	0.0168164	0.97767	0.98061
case_30	20.0	3504282	0.971209	3500208	0.970079	6419	0.00177902	0.998837	0.998169
case_30	125.0	3126837	0.858977	3045488	0.83663	68273	0.0187554	0.973984	0.978074
case_30	125.0	3095994	0.856065	3032024	0.838376	53739	0.0148592	0.979338	0.982585
case_30	425.0	1029773	0.39613	760828	0.292673	129331	0.0497506	0.738831	0.85471
case_30	108.0	3200796	0.887506	3163301	0.87711	43893	0.0121705	0.988286	0.986314
case_30	125.0	3133608	0.869742	3077300	0.854114	48940	0.0135834	0.982031	0.984345
case_30	425.0	1016544	0.395582	767290	0.298587	138013	0.053707	0.754803	0.84755
case_30	108.0	3234479	0.895306	3198386	0.885315	39921	0.0110502	0.988841	0.987672
case_30	125.0	3140729	0.868094	3062979	0.846604	60021	0.0165897	0.975245	0.980781
case_30	125.0	3095934	0.862831	3032976	0.845284	48707	0.0135745	0.979664	0.984195
case_30	426.0	1019778	0.391707	741105	0.284666	137835	0.0529438	0.726732	0.84318
case_3	316.0	1557929	0.637093	1362757	0.55728	138923	0.0568106	0.874723	0.907488
case_3	150.0	2008895	0.829247	1957416	0.807998	57163	0.0235962	0.974374	0.971625
case_3	150.0	2016412	0.83165	1964864	0.81039	62563	0.0258035	0.974436	0.969142
case_3	150.0	2013058	0.828862	1956133	0.805423	61079	0.0251488	0.971722	0.969721
case_3	316.0	1532396	0.646918	1342309	0.566671	142330	0.0600862	0.875954	0.904132
case_3	66.0	2286230	0.921862	2275224	0.917424	16355	0.00659472	0.995186	0.992863
case_3	34.0	2394317	0.957267	2387422	0.954511	6649	0.00265832	0.99712	0.997223
case_3	208.0	1870127	0.766465	1799292	0.737434	96919	0.0397219	0.962123	0.948888
case_3	316.0	1538651	0.634709	1361321	0.561559	137781	0.0568361	0.88475	0.908091
case_3	208.0	1885934	0.764379	1810989	0.734004	105603	0.0428015	0.960261	0.944901
case_3	112.0	2104888	0.881974	2072123	0.868245	57739	0.0241933	0.984434	0.972891
case_3	208.0	1882795	0.765014	1811091	0.735879	104593	0.0424981	0.961916	0.945402
case_3	150.0	2001886	0.833645	1949730	0.811926	57692	0.0240247	0.973947	0.971261
case_3	208.0	1863966	0.781696	1767421	0.741207	109042	0.0457292	0.948205	0.94189
case_3	150.0	2052646	0.831258	1998485	0.809325	57872	0.0234364	0.973614	0.971857
case_3	34.0	2393332	0.955304	2386147	0.952436	6619	0.00264199	0.996998	0.997234
case_3	316.0	1569183	0.65128	1381207	0.573261	141890	0.0588906	0.880208	0.906841
case_3	316.0	1552470	0.633268	1358325	0.554074	138335	0.0564282	0.874944	0.907571
case_3	208.0	1885307	0.7654	1811811	0.735562	106586	0.043272	0.961016	0.94444
case_3	316.0	1572324	0.653139	1413246	0.587058	148488	0.0616815	0.898826	0.904921
case_3	150.0	2053841	0.833129	2001774	0.812008	57923	0.0234961	0.974649	0.971878
case_3	18.0	2462329	0.982044	2460989	0.98151	1340	0.000534429	0.999456	0.999456
case_3	316.0	1553550	0.634773	1365496	0.557935	139221	0.056885	0.878952	0.907477
case_3	66.0	2284853	0.919783	2271030	0.914218	15990	0.00643688	0.99395	0.993008
case_3	150.0	2040386	0.835544	1990687	0.815192	55397	0.0226852	0.975642	0.972925
case_3	208.0	1900111	0.783506	1802654	0.74332	106914	0.0440857	0.94871	0.944011
case_3	66.0	2282248	0.921014	2272015	0.916885	14575	0.00588182	0.995516	0.993626
case_3	150.0	2049223	0.831944	1995374	0.810082	56280	0.0228486	0.973722	0.972568
case_4	98.0	2205423	0.898102	2184150	0.889439	20476	0.00833833	0.990354	0.990712
case_4	86.0	2250987	0.920007	2235354	0.913618	20344	0.00831485	0.993055	0.990981
case_4	634.0	1052894	0.455684	792610	0.343035	261945	0.113368	0.752792	0.751606
case_4	121.0	2153461	0.875942	2107491	0.857243	33890	0.0137851	0.978653	0.984174
case_4	121.0	2176737	0.859016	2140918	0.844881	29713	0.0117258	0.983545	0.986311
case_4	98.0	2199671	0.898758	2168451	0.886002	18404	0.00751964	0.985807	0.991584
case_4	121.0	2163528	0.859259	2118718	0.841462	31539	0.0125259	0.979288	0.985332
case_4	36.0	2333327	0.95616	2329867	0.954742	6199	0.00254025	0.998517	0.997346
case_4	634.0	1025810	0.44534	768282	0.333538	269972	0.117204	0.748952	0.739975
case_4	633.0	1065996	0.444701	796035	0.332081	273526	0.114107	0.746752	0.744263
case_4	78.0	2309395	0.90743	2293060	0.901012	24212	0.00951362	0.992927	0.989552
case_4	121.0	2162451	0.876678	2112261	0.85633	42484	0.0172234	0.97679	0.980284
case_4	6.0	2419161	0.992374	2418627	0.992154	2566	0.00105261	0.999779	0.99894
case_4	633.0	1039145	0.445886	767866	0.329483	262412	0.112598	0.73894	0.7453
case_4	121.0	2204575	0.87026	2151511	0.849313	47592	0.018787	0.97593	0.978358
case_4	634.0	1031078	0.444522	775384	0.334286	261110	0.112571	0.752013	0.748083
case_4	98.0	2184405	0.898427	2147587	0.883284	18955	0.00779602	0.983145	0.991251
case_4	121.0	2123541	0.86629	2078602	0.847957	30109	0.0122828	0.978838	0.985722
case_4	121.0	2197979	0.870471	2144756	0.849393	40547	0.0160579	0.975785	0.981446
case_4	121.0	2155298	0.876961	2104914	0.85646	37431	0.0152302	0.976623	0.982528
case_4	98.0	2201205	0.899664	2166115	0.885323	20949	0.00856216	0.984059	0.990421
case_4	121.0	2143521	0.868738	2102401	0.852073	28582	0.0115839	0.980817	0.986587
case_4	634.0	1050866	0.454957	790952	0.342431	257529	0.111493	0.752667	0.754379
case_4	634.0	1053938	0.454525	792713	0.341868	275712	0.118904	0.752144	0.741945
case_4	98.0	2185356	0.899099	2144032	0.882098	21414	0.00881015	0.98109	0.990111
case_4	121.0	2198280	0.870853	2142179	0.848628	44088	0.0174655	0.97448	0.979834
case_4	98.0	2185946	0.896041	2158353	0.884731	20366	0.00834823	0.987377	0.990652
case_4	86.0	2254727	0.921823	2240430	0.915978	18525	0.00757376	0.993659	0.991799
case_5	254.0	1895563	0.72847	1773768	0.681664	120301	0.046232	0.935747	0.936485
case_5	225.0	2042259	0.768699	1922099	0.723472	125454	0.0472205	0.941163	0.93873
case_5	224.0	2034086	0.767707	1914258	0.722482	126938	0.0479091	0.94109	0.937812
case_5	254.0	1860397	0.718085	1760062	0.679358	118426	0.0457107	0.946068	0.936957
case_5	254.0	1883749	0.725101	1780541	0.685373	114829	0.0442005	0.945211	0.939416
case_5	225.0	1987648	0.751325	1870507	0.707046	132006	0.0498979	0.941066	0.93408
case_5	224.0	1985643	0.752645	1866922	0.707645	133894	0.0507517	0.94021	0.93308
case_5	44.0	2518632	0.947187	2512327	0.944816	8886	0.00334178	0.997497	0.996476
case_5	120.0	2329287	0.87226	2277123	0.852726	55647	0.0208384	0.977605	0.976146
case_5	120.0	2301393	0.853705	2268187	0.841387	58047	0.0215326	0.985571	0.975047
case_5	255.0	1922282	0.74381	1809202	0.700054	123134	0.0476456	0.941174	0.936277
case_5	2.0	2630967	0.996944	2630845	0.996898	122	4.62291e-05	0.999954	0.999954
case_5	26.0	2590436	0.956901	2587679	0.955882	4218	0.00155812	0.998936	0.998373
case_5	225.0	1990564	0.752453	1872035	0.707648	133279	0.0503808	0.940455	0.933537
case_5	225.0	2042128	0.768623	1919493	0.722466	124181	0.0467397	0.939947	0.939236
case_5	120.0	2336340	0.86438	2298404	0.850344	58089	0.0214913	0.983763	0.975349
case_5	225.0	2043595	0.759905	1932561	0.718617	129711	0.0482327	0.945667	0.937103
case_5	255.0	1920754	0.743245	1807237	0.699319	123149	0.0476531	0.9409	0.936205
case_5	224.0	2033647	0.758239	1922360	0.716746	132400	0.0493649	0.945277	0.935564
case_5	71.0	2419492	0.919355	2408780	0.915285	16525	0.00627915	0.995573	0.993186
case_5	225.0	2013260	0.758958	1896244	0.714845	136250	0.0513635	0.941877	0.932964
case_5	254.0	1908381	0.740524	1801217	0.69894	122103	0.0473806	0.943846	0.936514
case_5	120.0	2296462	0.862273	2249519	0.844647	56080	0.0210569	0.979559	0.975677
case_5	71.0	2418615	0.91899	2408971	0.915326	16515	0.00627513	0.996013	0.993191
case_5	225.0	2014138	0.759315	1896004	0.71478	136308	0.0513871	0.941348	0.93293
case_5	224.0	2005510	0.758124	1886096	0.712983	136546	0.0516172	0.940457	0.932491
case_5	225.0	2043464	0.75983	1929955	0.717624	128438	0.0477577	0.944453	0.937603
case_5	254.0	1890010	0.717375	1787773	0.67857	119957	0.045531	0.945907	0.937121
case_6	390.0	1637278	0.62347	1461964	0.556711	226768	0.0863525	0.892923	0.865717
case_6	54.0	2133579	0.882047	2127021	0.879336	9959	0.00411717	0.996926	0.99534
case_6	82.0	2520758	0.911672	2504650	0.905846	21638	0.00782572	0.99361	0.991435
case_6	57.0	2555498	0.933079	2548399	0.930487	10209	0.00372757	0.997222	0.99601
case_6	83.0	2489790	0.910939	2476178	0.905958	18935	0.00692774	0.994533	0.992411
case_6	82.0	2514812	0.910008	2499078	0.904314	19440	0.00703454	0.993743	0.992281
case_6	390.0	1648956	0.626589	1485299	0.564401	234909	0.0892633	0.900751	0.863442
case_6	391.0	1621971	0.626275	1450901	0.560221	228308	0.0881542	0.89453	0.864038
case_6	30.0	2672847	0.969147	2670213	0.968192	6937	0.00251528	0.999015	0.997409
case_6	390.0	1552335	0.606201	1389884	0.542762	207739	0.081124	0.895351	0.86997
case_6	390.0	1548197	0.604236	1384122	0.540201	203394	0.0793814	0.894022	0.871879
case_6	20.0	2428903	0.978319	2428228	0.978048	1004	0.000404394	0.999722	0.999587
case_6	390.0	1550242	0.603723	1393448	0.542661	207896	0.0809625	0.898858	0.870174
case_6	390.0	1626202	0.621619	1448715	0.553775	223073	0.0852702	0.890858	0.866566
case_6	6.0	2696309	0.993303	2695247	0.992912	1062	0.000391234	0.999606	0.999606
case_6	391.0	1546435	0.607992	1383322	0.543863	205455	0.0807762	0.894523	0.870684
case_6	391.0	1644699	0.630794	1471028	0.564186	232453	0.0891531	0.894406	0.863542
case_6	54.0	2170264	0.89352	2161415	0.889876	9509	0.00391495	0.995923	0.99562
case_6	83.0	2480450	0.908012	2467073	0.903115	19634	0.00718737	0.994607	0.992104
case_6	390.0	1636833	0.624354	1472571	0.561698	232707	0.0887639	0.899646	0.863537
case_6	390.0	1637322	0.623838	1465102	0.55822	228705	0.0871392	0.894816	0.864976
case_6	390.0	1624187	0.6212	1450161	0.554641	224002	0.0856737	0.892853	0.866201
case_6	391.0	1538665	0.606721	1378625	0.543614	205710	0.0811148	0.895988	0.87016
case_6	391.0	1635144	0.628933	1464265	0.563207	232736	0.0895183	0.895496	0.862855
case_6	391.0	1632108	0.628375	1457664	0.561213	228025	0.0877915	0.893117	0.864729
case_6	57.0	2569842	0.935762	2562753	0.93318	10799	0.00393226	0.997241	0.995804
case_6	83.0	2494239	0.910568	2481267	0.905832	19152	0.00699179	0.994799	0.99234
case_6	83.0	2503581	0.913486	2490374	0.908667	18453	0.00673298	0.994725	0.992645
case_7	199.0	1958983	0.781172	1910477	0.761829	61374	0.0244737	0.975239	0.968875
case_7	198.0	1994039	0.763215	1914472	0.732761	90533	0.0346514	0.960098	0.954846
case_7	312.0	1895776	0.674197	1745327	0.620693	236984	0.0842789	0.92064	0.880451
case_7	37.0	2432360	0.954673	2426039	0.952192	8343	0.00327453	0.997401	0.996573
case_7	313.0	1873323	0.665659	1717191	0.61018	208596	0.0741216	0.916655	0.891683
case_7	312.0	1895776	0.674197	1745327	0.620693	236984	0.0842789	0.92064	0.880451
case_7	198.0	1990658	0.783199	1917813	0.754539	93359	0.0367309	0.963407	0.95358
case_7	199.0	1944599	0.776615	1888436	0.754186	66511	0.0265625	0.971118	0.965978
case_7	198.0	1998748	0.785205	1930393	0.758352	91495	0.0359437	0.965801	0.954748
case_7	312.0	1904370	0.660578	1749867	0.606985	233787	0.0810948	0.918869	0.882143
case_7	167.0	2083706	0.820422	2044141	0.804844	89917	0.0354032	0.981012	0.957866
case_7	198.0	1998748	0.785205	1930393	0.758352	91495	0.0359437	0.965801	0.954748
case_7	198.0	1962298	0.77191	1910199	0.751415	69985	0.02753	0.97345	0.964657
case_7	313.0	1875464	0.676052	1725392	0.621955	190613	0.0687106	0.919981	0.900515
case_7	167.0	2083706	0.820422	2044141	0.804844	89917	0.0354032	0.981012	0.957866
case_7	167.0	2095553	0.802654	2053072	0.786382	88291	0.0338179	0.979728	0.958769
case_7	198.0	1990658	0.783199	1917813	0.754539	93359	0.0367309	0.963407	0.95358
case_7	30.0	2413989	0.961882	2408803	0.959816	3826	0.00152451	0.997852	0.998414
case_7	22.0	2515506	0.949771	2511887	0.948404	4216	0.00159182	0.998561	0.998324
case_7	0.0	2577558	1.0	2577558	1.0	0	0.0	1.0	1.0
case_7	314.0	1861790	0.669744	1704857	0.61329	205158	0.0738017	0.915709	0.892588
case_7	22.0	2515506	0.949771	2511887	0.948404	4216	0.00159182	0.998561	0.998324
case_7	198.0	2000182	0.764452	1927182	0.736552	88889	0.0339726	0.963503	0.95591
case_7	197.0	2004392	0.776928	1930346	0.748227	97787	0.0379035	0.963058	0.951785
case_7	37.0	2410877	0.947658	2405885	0.945696	7697	0.00302551	0.997929	0.996811
case_7	197.0	2004392	0.776928	1930346	0.748227	97787	0.0379035	0.963058	0.951785
case_7	314.0	1842586	0.663745	1692980	0.609853	212512	0.0765521	0.918807	0.888474
case_7	197.0	2007792	0.757407	1928818	0.727615	94245	0.0355524	0.960666	0.953415
case_8	130.0	2272240	0.863391	2170089	0.824576	57528	0.0218591	0.955044	0.974175
case_8	17.0	2587021	0.979045	2584118	0.977946	2440	0.000923405	0.998878	0.999057
case_8	107.0	2344691	0.891189	2281510	0.867174	50374	0.0191466	0.973054	0.978398
case_8	130.0	2246161	0.859236	2151808	0.823143	54802	0.0209637	0.957994	0.975165
case_8	131.0	2277098	0.86279	2181184	0.826449	58876	0.0223081	0.957879	0.973717
case_8	131.0	2262987	0.857326	2165893	0.820542	61687	0.0233699	0.957095	0.972308
case_8	17.0	2567530	0.970473	2563891	0.969098	3633	0.0013732	0.998583	0.998585
case_8	2.0	2620432	0.997992	2620206	0.997906	226	8.60721e-05	0.999914	0.999914
case_8	130.0	2259075	0.860823	2162145	0.823887	55702	0.0212253	0.957093	0.974885
case_8	14.0	2593854	0.977666	2591678	0.976846	5205	0.00196185	0.999161	0.997996
case_8	30.0	2515716	0.964586	2507137	0.961297	11091	0.00425256	0.99659	0.995596
case_8	6.0	2619654	0.990374	2618167	0.989812	1487	0.000562168	0.999432	0.999432
case_8	30.0	2519000	0.964776	2509982	0.961322	11311	0.00433211	0.99642	0.995514
case_8	106.0	2348507	0.891716	2280365	0.865843	49649	0.0188515	0.970985	0.978692
case_8	106.0	2334470	0.889827	2267103	0.864149	49618	0.0189128	0.971142	0.978583
case_8	131.0	2254569	0.859998	2166254	0.82631	56198	0.0214365	0.960828	0.974714
case_8	131.0	2273304	0.862297	2176605	0.825618	59031	0.0223913	0.957463	0.973595
case_8	17.0	2600276	0.980283	2597240	0.979138	2573	0.00097	0.998832	0.99901
case_8	130.0	2281809	0.86463	2175589	0.824381	58440	0.0221443	0.953449	0.973841
case_8	130.0	2282382	0.876924	2213969	0.850639	57537	0.0221065	0.970026	0.97467
case_8	131.0	2244223	0.85499	2155447	0.821169	57809	0.0220237	0.960442	0.973881
case_8	130.0	2303241	0.878986	2232181	0.851867	60896	0.0232397	0.969148	0.973444
case_8	17.0	2581138	0.971875	2577367	0.970456	3766	0.00141801	0.998539	0.998541
case_8	130.0	2284875	0.864845	2180168	0.825212	58285	0.0220614	0.954174	0.973962
case_8	107.0	2334745	0.886312	2267293	0.860706	48782	0.0185185	0.971109	0.978938
case_8	131.0	2266053	0.857548	2170295	0.82131	61532	0.0232857	0.957742	0.97243
case_8	130.0	2299643	0.878582	2227578	0.851049	61050	0.0233242	0.968663	0.973325
case_8	130.0	2269174	0.863174	2165510	0.823741	57683	0.0219421	0.954316	0.974054
case_9	22.0	2478911	0.971922	2477527	0.97138	1384	0.000542634	0.999442	0.999442
case_9	944.0	800874	0.368637	536297	0.246854	385527	0.177456	0.66964	0.581778
case_9	120.0	2159315	0.766832	2128694	0.755958	29282	0.0103988	0.985819	0.986431
case_9	121.0	2170740	0.766361	2131537	0.752521	29046	0.0102544	0.98194	0.986556
case_9	944.0	963830	0.392892	627786	0.255908	460292	0.187632	0.651345	0.576968
case_9	943.0	980611	0.358684	642688	0.23508	467900	0.171147	0.655395	0.578692
case_9	121.0	2142889	0.76134	2103019	0.747175	32803	0.0116545	0.981394	0.984642
case_9	25.0	3004621	0.970286	3001962	0.969427	3949	0.00127526	0.999115	0.998686
case_9	945.0	968949	0.392318	630205	0.255164	472042	0.191125	0.650401	0.571746
case_9	121.0	1666034	0.739393	1639892	0.727791	23445	0.010405	0.984309	0.985905
case_9	47.0	2382005	0.940061	2378045	0.938498	11143	0.0043976	0.998338	0.995336
case_9	945.0	965052	0.393593	619989	0.25286	470546	0.19191	0.642441	0.568518
case_9	120.0	2141802	0.760954	2108152	0.748998	30421	0.0108082	0.984289	0.985775
case_9	8.0	3050089	0.986835	3049027	0.986491	1062	0.000343603	0.999652	0.999652
case_9	120.0	2167188	0.765107	2137414	0.754595	26601	0.00939125	0.986261	0.987708
case_9	113.0	1730014	0.683964	1717970	0.679202	20559	0.00812803	0.993038	0.988174
case_9	113.0	1732529	0.683376	1719067	0.678066	20323	0.00801617	0.99223	0.988316
case_9	944.0	980804	0.358755	633961	0.231888	466808	0.170747	0.646369	0.575926
case_9	121.0	1691273	0.744678	1665352	0.733265	23103	0.0101724	0.984674	0.986317
case_9	25.0	3008469	0.973369	3005384	0.972371	5097	0.0016491	0.998975	0.998307
case_9	114.0	1733934	0.68393	1722666	0.679486	20926	0.00825402	0.993501	0.987998
case_9	119.0	2169544	0.770465	2135959	0.758538	27556	0.00978589	0.98452	0.987263
case_9	120.0	2147598	0.764604	2107874	0.750461	30458	0.0108439	0.981503	0.985756
case_9	119.0	2169930	0.772208	2131815	0.758644	27208	0.00968245	0.982435	0.987398
case_9	120.0	1684836	0.747319	1661015	0.736753	27194	0.0120621	0.985862	0.983892
case_9	943.0	976848	0.358075	638064	0.23389	464762	0.170364	0.653187	0.578572
case_9	47.0	2414281	0.946114	2409003	0.944046	10248	0.00401601	0.997814	0.995764
case_9	120.0	2172549	0.768588	2136102	0.755695	26793	0.00947863	0.983224	0.987612
