case_10	128.0	2011940	0.797569	1956938	0.775765	47396	0.0187886	0.972662	0.976353
case_10	282.0	1764502	0.689923	1631184	0.637796	132581	0.0518394	0.924444	0.924831
case_10	196.0	2105218	0.791858	2018097	0.759088	124705	0.0469066	0.958617	0.941803
case_10	282.0	1745723	0.682671	1614632	0.631408	131433	0.0513973	0.924907	0.924726
case_10	128.0	2278256	0.800324	2217046	0.778822	58340	0.0204941	0.973133	0.97436
case_10	282.0	1965300	0.747791	1834608	0.698063	166640	0.063406	0.9335	0.916732
case_10	12.0	2411179	0.980923	2410759	0.980752	420	0.000170866	0.999826	0.999826
case_10	282.0	1919711	0.732235	1758440	0.670722	166226	0.0634036	0.915992	0.913634
case_10	118.0	2100623	0.811793	2073407	0.801275	53265	0.0205844	0.987044	0.974954
case_10	128.0	1999729	0.792891	1944835	0.771125	48063	0.0190569	0.972549	0.975883
case_10	128.0	2014398	0.798599	1957417	0.77601	48082	0.0190619	0.971713	0.976025
case_10	282.0	1914129	0.679678	1762386	0.625797	159465	0.0566236	0.920725	0.917025
case_10	82.0	2299650	0.82683	2286049	0.82194	38956	0.0140065	0.994086	0.983245
case_10	196.0	2024901	0.726367	1942782	0.696909	115690	0.0415	0.959445	0.943798
case_10	82.0	2304701	0.828699	2288499	0.822874	40484	0.0145568	0.99297	0.982617
case_10	196.0	1825551	0.721939	1741174	0.688571	102529	0.0405465	0.95378	0.94439
case_10	128.0	2027810	0.746313	1942445	0.714895	47908	0.017632	0.957903	0.97593
case_10	282.0	1926868	0.735015	1760616	0.671597	163583	0.0623997	0.913719	0.914986
case_10	282.0	1987692	0.739717	1822654	0.678299	177536	0.0660698	0.91697	0.91124
case_10	10.0	2554156	0.98746	2552711	0.986901	1445	0.00055865	0.999434	0.999434
case_10	128.0	1996500	0.791555	1943896	0.770699	47331	0.0187654	0.973652	0.97623
case_10	128.0	2013983	0.741317	1932058	0.711161	48042	0.0176835	0.959322	0.975738
case_10	118.0	2118371	0.818544	2090111	0.807624	53358	0.0206177	0.98666	0.975107
case_10	128.0	2253394	0.849704	2207318	0.83233	59963	0.0226107	0.979553	0.973553
case_10	128.0	2250881	0.848699	2210694	0.833547	59024	0.0222551	0.982146	0.973995
case_10	196.0	2035137	0.784852	1931721	0.744969	117359	0.0452596	0.949185	0.942726
case_10	196.0	2032798	0.783896	1930038	0.744269	118360	0.0456425	0.949449	0.942218
case_10	196.0	1844904	0.729494	1758895	0.695485	101838	0.0402678	0.95338	0.94527
case_11	104.0	2297664	0.871508	2278101	0.864088	37638	0.0142762	0.991486	0.983747
case_11	36.0	2321321	0.919053	2315867	0.916893	6540	0.0025893	0.99765	0.997184
case_11	128.0	2067357	0.805114	1996242	0.777419	54541	0.0212405	0.965601	0.973405
case_11	107.0	2290044	0.876932	2254343	0.86326	32472	0.0124346	0.98441	0.9858
case_11	289.0	1835535	0.710295	1636663	0.633338	166659	0.0644919	0.891654	0.907582
case_11	104.0	2146509	0.848988	2104354	0.832315	33320	0.0131787	0.980361	0.984413
case_11	4.0	2608752	0.992057	2608341	0.9919	1768	0.000672335	0.999842	0.999323
case_11	36.0	2321245	0.920043	2317215	0.918446	8074	0.00320019	0.998264	0.996528
case_11	36.0	2320134	0.918059	2315996	0.916421	6584	0.00260524	0.998216	0.997165
case_11	289.0	1830943	0.710382	1651119	0.640613	158466	0.0614828	0.901786	0.91243
case_11	104.0	2298717	0.873313	2281245	0.866676	39740	0.0150978	0.992399	0.982878
case_11	289.0	1855472	0.707209	1677856	0.639511	163824	0.0624411	0.904274	0.911046
case_11	4.0	2407143	0.995053	2407122	0.995045	21	8.68088e-06	0.999991	0.999991
case_11	107.0	2289660	0.878212	2258045	0.866085	34011	0.0130451	0.986192	0.985161
case_11	107.0	2295696	0.878242	2265351	0.866634	39618	0.0151563	0.986782	0.982812
case_11	128.0	2223358	0.830885	2163849	0.808646	64556	0.024125	0.973235	0.97103
case_11	107.0	2127004	0.849673	2070877	0.827252	25815	0.0103123	0.973612	0.987688
case_11	289.0	1831143	0.709292	1647970	0.63834	156728	0.0607085	0.899968	0.913156
case_11	36.0	2322432	0.92104	2317086	0.91892	8030	0.00318457	0.997698	0.996546
case_11	128.0	2222702	0.831959	2165234	0.810449	66340	0.0248311	0.974145	0.970272
case_11	289.0	1734532	0.701235	1540925	0.622964	141131	0.0570563	0.888381	0.916096
case_11	107.0	2125819	0.848711	2068792	0.825943	25822	0.0103092	0.973174	0.987672
case_11	127.0	2267209	0.854443	2228404	0.839818	50219	0.018926	0.982884	0.977961
case_11	128.0	2226112	0.831126	2174745	0.811948	61370	0.0229127	0.976925	0.972555
case_11	289.0	1735159	0.701079	1543006	0.623441	141093	0.0570077	0.889259	0.91622
case_11	128.0	2066889	0.80448	1996145	0.776944	54586	0.0212461	0.965773	0.973382
case_11	104.0	2147143	0.848755	2103605	0.831545	33327	0.013174	0.979723	0.984404
case_11	288.0	1851477	0.723461	1668885	0.652114	164215	0.0641667	0.90138	0.910417
case_12	127.0	2218607	0.850201	2133297	0.817509	62282	0.0238673	0.961548	0.971633
case_12	150.0	1962677	0.798564	1910884	0.77749	56570	0.0230169	0.973611	0.971247
case_12	151.0	1976619	0.800337	1922051	0.778243	66172	0.0267932	0.972393	0.966718
case_12	24.0	2547869	0.972812	2545591	0.971942	3952	0.00150893	0.999106	0.99845
case_12	150.0	1987389	0.801593	1934884	0.780415	63896	0.0257718	0.973581	0.968032
case_12	127.0	2216755	0.848476	2131688	0.815916	63546	0.0243226	0.961625	0.971053
case_12	26.0	2247987	0.969804	2245335	0.96866	3629	0.00156559	0.99882	0.998386
case_12	150.0	2000149	0.796723	1947017	0.775559	56520	0.0225137	0.973436	0.97179
case_12	127.0	2217845	0.845488	2135586	0.814129	60807	0.0231809	0.96291	0.972315
case_12	21.0	2558718	0.9709	2554470	0.969288	5465	0.00207368	0.99834	0.997865
case_12	150.0	1960478	0.796657	1907076	0.774956	64453	0.026191	0.972761	0.967308
case_12	151.0	1950273	0.795603	1891808	0.771753	67816	0.0276652	0.970022	0.965393
case_12	60.0	2483992	0.937268	2468451	0.931404	14382	0.00542666	0.993744	0.994207
case_12	150.0	1954063	0.790115	1895731	0.766529	68581	0.0277304	0.970148	0.965087
case_12	127.0	2247980	0.846913	2179433	0.821088	55294	0.0208317	0.969507	0.975257
case_12	150.0	1987091	0.802483	1936576	0.782083	55596	0.0224523	0.974578	0.972093
case_12	21.0	2554854	0.97332	2549464	0.971266	5391	0.0020538	0.99789	0.99789
case_12	14.0	2565466	0.981588	2564112	0.98107	2254	0.000862416	0.999472	0.999122
case_12	60.0	2477409	0.933684	2463914	0.928598	15030	0.0056645	0.994553	0.993937
case_12	150.0	1980480	0.794877	1926116	0.773058	67278	0.0270024	0.97255	0.96625
case_12	126.0	2264619	0.849564	2190754	0.821854	56435	0.0211714	0.967383	0.974886
case_12	126.0	2236165	0.849822	2150477	0.817258	63000	0.0239422	0.961681	0.971538
case_12	150.0	1974177	0.79219	1918580	0.76988	57033	0.022886	0.971838	0.971131
case_12	151.0	1950138	0.792148	1892766	0.768843	63944	0.0259741	0.970581	0.967321
case_12	127.0	2244844	0.849097	2174024	0.82231	58328	0.0220622	0.968452	0.973872
case_12	151.0	1976861	0.79704	1923151	0.775385	62300	0.0251184	0.972831	0.968622
case_12	126.0	2233975	0.847984	2147030	0.814981	63940	0.0242707	0.961081	0.971081
case_12	127.0	2220469	0.847497	2137932	0.815995	59792	0.0228211	0.962829	0.972794
case_13	619.0	1201532	0.471181	872433	0.342125	276435	0.108404	0.726101	0.759385
case_13	619.0	1245117	0.398778	899629	0.288128	261445	0.083734	0.722526	0.774825
case_13	619.0	1244105	0.397004	896680	0.286138	259081	0.0826749	0.720743	0.775835
case_13	168.0	2024140	0.664381	1967183	0.645686	47403	0.015559	0.971861	0.97647
case_13	619.0	1206787	0.47192	875372	0.342319	280248	0.109592	0.725374	0.757491
case_13	619.0	1177352	0.399925	850857	0.289021	242704	0.0824421	0.722687	0.778061
case_13	168.0	2071858	0.665032	2000982	0.642282	52167	0.0167447	0.965791	0.974592
case_13	168.0	2043659	0.668613	1992200	0.651777	54712	0.0178998	0.97482	0.973271
case_13	619.0	1129250	0.464615	806311	0.331746	246841	0.101559	0.714023	0.765617
case_13	168.0	2029699	0.664649	1972977	0.646074	49913	0.0163446	0.972054	0.975326
case_13	619.0	1169813	0.389575	840678	0.279965	238472	0.0794168	0.718643	0.779019
case_13	619.0	1175239	0.389902	847020	0.28101	237403	0.0787617	0.720721	0.781079
case_13	168.0	2046702	0.656643	1978644	0.634808	40932	0.0131322	0.966747	0.979732
case_13	619.0	1234341	0.402923	906562	0.295927	266509	0.0869958	0.73445	0.772811
case_13	168.0	2053103	0.659599	1984043	0.637413	44328	0.0142412	0.966363	0.978146
case_13	619.0	1210995	0.473053	885237	0.345802	279365	0.109129	0.731	0.76012
case_13	168.0	2070403	0.662142	2000616	0.639823	50237	0.0160664	0.966293	0.975504
case_13	372.0	1551749	0.63406	1481080	0.605184	200141	0.0817796	0.954458	0.880955
case_13	619.0	1135838	0.465427	831180	0.340589	245180	0.100466	0.731777	0.772214
case_13	66.0	3287375	0.905528	3270298	0.900824	26374	0.00726488	0.994805	0.992
case_13	66.0	3276588	0.9054	3261096	0.901119	26516	0.00732701	0.995272	0.991935
case_13	168.0	2053146	0.657206	1985618	0.63559	42466	0.0135932	0.96711	0.979061
case_13	4.0	2526779	0.994651	2526636	0.994594	143	5.62911e-05	0.999943	0.999943
case_13	619.0	1135787	0.465936	809585	0.332118	251453	0.103154	0.712797	0.763012
case_13	168.0	2046660	0.659041	1977069	0.636632	42794	0.01378	0.965998	0.978813
case_13	18.0	3621078	0.981535	3619885	0.981212	2370	0.000642416	0.999671	0.999346
case_13	132.0	2119499	0.831085	2099029	0.823058	44025	0.0172628	0.990342	0.979457
case_13	132.0	2113660	0.831122	2091411	0.822373	39495	0.01553	0.989474	0.981466
case_14	136.0	2213633	0.843863	2159747	0.823321	58405	0.0222647	0.975657	0.97367
case_14	136.0	2252526	0.863937	2187720	0.839081	54498	0.0209022	0.97123	0.975695
case_14	104.0	2020831	0.804992	1942207	0.773672	42723	0.0170186	0.961093	0.978476
case_14	14.0	2395767	0.982174	2393603	0.981287	2164	0.000887158	0.999097	0.999097
case_14	104.0	2028606	0.807928	1953216	0.777902	40612	0.0161744	0.962837	0.979631
case_14	136.0	1967985	0.771278	1871095	0.733306	58450	0.0229073	0.950767	0.969708
case_14	136.0	1966745	0.777302	1860307	0.735235	51012	0.0201611	0.945881	0.973311
case_14	136.0	1985763	0.780823	1891301	0.74368	53682	0.0211083	0.95243	0.9724
case_14	136.0	1967757	0.776035	1860149	0.733597	53392	0.0210565	0.945314	0.972098
case_14	104.0	2022727	0.807495	1945428	0.776637	40083	0.0160016	0.961785	0.979812
case_14	102.0	2346293	0.885897	2312598	0.873174	34343	0.012967	0.985639	0.985367
case_14	50.0	2161307	0.910242	2148286	0.904758	10660	0.0044895	0.993975	0.995062
case_14	102.0	2352867	0.891382	2319808	0.878858	34037	0.0128949	0.985949	0.98554
case_14	12.0	2605828	0.981293	2605033	0.980993	795	0.000299378	0.999695	0.999695
case_14	50.0	2161971	0.908443	2148559	0.902807	12731	0.00534946	0.993796	0.99411
case_14	136.0	2014292	0.810978	1928043	0.776253	54681	0.0220152	0.957181	0.972421
case_14	14.0	2387973	0.981367	2385532	0.980363	2441	0.00100316	0.998978	0.998978
case_14	136.0	2217564	0.848247	2159246	0.825939	55758	0.0213281	0.973702	0.974827
case_14	136.0	2000638	0.80776	1909734	0.771058	48803	0.0197043	0.954562	0.975082
case_14	136.0	1971847	0.777494	1868656	0.736806	50743	0.0200078	0.947668	0.973563
case_14	104.0	2057108	0.839125	1994510	0.81359	39518	0.01612	0.96957	0.980572
case_14	136.0	1998823	0.801869	1915599	0.768482	56522	0.022675	0.958363	0.971339
case_14	2.0	2425492	0.99658	2425117	0.996426	375	0.000154079	0.999845	0.999845
case_14	136.0	1978401	0.778082	1879816	0.739309	55591	0.0218633	0.950169	0.971277
case_14	136.0	1965300	0.77187	1870254	0.734541	55924	0.0219641	0.951638	0.970966
case_14	136.0	1977750	0.779492	1881009	0.741363	53065	0.0209145	0.951085	0.972563
case_14	50.0	2168330	0.910923	2157488	0.906368	10611	0.00445772	0.995	0.995106
case_14	136.0	1973313	0.773215	1880546	0.736865	56541	0.0221548	0.952989	0.970811
case_15	121.0	2240329	0.857623	2197679	0.841296	33181	0.0127021	0.980963	0.985126
case_15	16.0	2438006	0.962137	2435785	0.96126	2221	0.000876498	0.999089	0.999089
case_15	220.0	2002980	0.782481	1883525	0.735815	141659	0.0553403	0.940361	0.930051
case_15	220.0	2017369	0.782934	1894721	0.735335	150710	0.05849	0.939204	0.926319
case_15	72.0	2386998	0.917393	2372710	0.911902	17399	0.00668695	0.994014	0.99272
case_15	220.0	1920011	0.766538	1810319	0.722745	135353	0.0540378	0.942869	0.930434
case_15	68.0	2425871	0.924358	2416085	0.920629	24029	0.00915605	0.995966	0.990153
case_15	72.0	2396339	0.917646	2381437	0.91194	14308	0.00547906	0.993781	0.994028
case_15	121.0	2161080	0.845078	2121667	0.829666	29393	0.011494	0.981762	0.986336
case_15	219.0	1972605	0.762508	1857590	0.718049	135931	0.0525439	0.941694	0.931814
case_15	12.0	2547805	0.984109	2545801	0.983335	3905	0.00150834	0.999213	0.998468
case_15	72.0	2291980	0.899897	2275782	0.893537	17626	0.00692047	0.992933	0.992314
case_15	220.0	1998408	0.779504	1880951	0.733689	143755	0.0560735	0.941225	0.929
case_15	121.0	2245961	0.858494	2203068	0.842099	34404	0.0131506	0.980902	0.984624
case_15	121.0	2143291	0.83394	2084484	0.811059	37814	0.0147132	0.972562	0.982183
case_15	121.0	2236302	0.8519	2172812	0.827714	38000	0.0144758	0.971609	0.982812
case_15	16.0	2426615	0.959122	2424026	0.958099	2447	0.000967179	0.998933	0.998992
case_15	220.0	2019026	0.781892	1896945	0.734615	138105	0.0534828	0.939535	0.932137
case_15	72.0	2391514	0.91775	2375130	0.911462	17812	0.0068354	0.993149	0.992556
case_15	121.0	2267856	0.856595	2199261	0.830685	40872	0.0154378	0.969753	0.981755
case_15	121.0	2257338	0.856771	2215231	0.840789	36908	0.0140084	0.981347	0.983612
case_15	72.0	2297393	0.90006	2282216	0.894114	13680	0.00535948	0.993394	0.994042
case_15	72.0	2391191	0.917048	2378218	0.912073	14017	0.00537568	0.994575	0.994141
case_15	121.0	2244194	0.853635	2183939	0.830715	38634	0.0146954	0.973151	0.982617
case_15	121.0	2264294	0.857046	2198942	0.83231	44834	0.0169699	0.971138	0.980019
case_15	219.0	1982552	0.762573	1850107	0.711629	140893	0.0541934	0.933195	0.929235
case_15	121.0	2257540	0.858657	2212987	0.841711	44766	0.0170268	0.980265	0.980172
case_15	118.0	2224580	0.838739	2191322	0.826199	49252	0.0185696	0.98505	0.978018
case_16	81.0	2365809	0.916571	2331740	0.903372	14965	0.0057978	0.985599	0.993623
case_16	315.0	1903794	0.718104	1728019	0.651803	193333	0.0729245	0.907671	0.899377
case_16	20.0	2535095	0.981307	2533383	0.980644	2223	0.000860499	0.999325	0.999123
case_16	315.0	1892423	0.715926	1735196	0.656445	193257	0.0731114	0.916918	0.899787
case_16	82.0	2359481	0.909325	2337034	0.900674	18589	0.00716405	0.990486	0.992109
case_16	316.0	1873700	0.700703	1714387	0.641125	190330	0.0711772	0.914974	0.900074
case_16	316.0	1908558	0.719295	1732163	0.652816	193985	0.0731089	0.907577	0.899289
case_16	70.0	2360182	0.917025	2352596	0.914078	17920	0.00696264	0.996786	0.99244
case_16	316.0	1909119	0.720221	1731744	0.653306	188175	0.0709896	0.907091	0.901988
case_16	81.0	2327057	0.900316	2306551	0.892382	22061	0.00853519	0.991188	0.990526
case_16	81.0	2358135	0.898158	2327586	0.886523	22063	0.00840328	0.987045	0.99061
case_16	81.0	2385975	0.906065	2358334	0.895568	18878	0.00716885	0.988415	0.992059
case_16	38.0	2607251	0.954114	2604078	0.952953	4413	0.00161492	0.998783	0.998308
case_16	82.0	2381528	0.900622	2358956	0.892086	20653	0.00781034	0.990522	0.991321
case_16	316.0	1899248	0.713291	1724037	0.647488	186390	0.0700016	0.907747	0.902435
case_16	82.0	2357155	0.909351	2331925	0.899618	18404	0.00709996	0.989296	0.99217
case_16	66.0	2419153	0.917886	2408228	0.91374	12379	0.00469689	0.995484	0.994886
case_16	316.0	1925719	0.709331	1760829	0.648594	190263	0.0700826	0.914375	0.902484
case_16	81.0	2332576	0.905514	2301594	0.893486	17626	0.00684247	0.986718	0.9924
case_16	315.0	1901577	0.714059	1730283	0.649736	192379	0.07224	0.90992	0.899941
case_16	316.0	1934075	0.715549	1766364	0.653501	193228	0.0714885	0.913286	0.901394
case_16	316.0	1879773	0.70612	1717113	0.645019	189889	0.0713302	0.913468	0.900425
case_16	66.0	2418487	0.918551	2408879	0.914901	12397	0.00470843	0.996027	0.99488
case_16	316.0	1897805	0.712045	1724019	0.646842	192273	0.0721397	0.908428	0.899664
case_16	81.0	2328021	0.90467	2296169	0.892292	17600	0.00683937	0.986318	0.992393
case_16	315.0	1881956	0.708771	1731609	0.652148	192578	0.0725276	0.920111	0.899917
case_16	81.0	2364395	0.912004	2344377	0.904282	19128	0.00737813	0.991534	0.991907
case_16	81.0	2363121	0.914596	2333573	0.90316	14856	0.0057497	0.987496	0.993674
case_17	96.0	2403260	0.895304	2375534	0.884975	21320	0.00794249	0.988463	0.991105
case_17	96.0	2404334	0.895733	2378884	0.886251	21816	0.00812753	0.989415	0.990913
case_17	96.0	2421005	0.897403	2395232	0.88785	30168	0.0111825	0.989354	0.987562
case_17	17.0	2594107	0.962362	2591178	0.961275	2039	0.000756428	0.998871	0.999214
case_17	393.0	1772562	0.619542	1604578	0.560829	228430	0.0798404	0.905231	0.87538
case_17	393.0	1747183	0.624179	1596058	0.57019	215930	0.0771407	0.913504	0.880833
case_17	8.0	2643689	0.989169	2643031	0.988922	658	0.000246199	0.999751	0.999751
case_17	50.0	2797132	0.949749	2789228	0.947065	13420	0.00455668	0.997174	0.995212
case_17	393.0	1762033	0.622167	1607207	0.567499	235075	0.0830041	0.912132	0.8724
case_17	95.0	2376673	0.868016	2348150	0.857599	24148	0.00881941	0.987999	0.989821
case_17	46.0	2545020	0.947436	2536251	0.944172	13219	0.00492104	0.996554	0.994815
case_17	95.0	2387694	0.882	2361290	0.872247	21616	0.00798482	0.988942	0.990929
case_17	393.0	1749748	0.620787	1586652	0.562923	225203	0.079899	0.906789	0.875706
case_17	66.0	2514105	0.922004	2503443	0.918094	16300	0.00597774	0.995759	0.993531
case_17	96.0	2386487	0.87896	2364670	0.870925	24373	0.00897675	0.990858	0.989798
case_17	393.0	1748985	0.622231	1581013	0.562472	225967	0.0803916	0.90396	0.874948
case_17	393.0	1755244	0.620191	1581683	0.558866	231406	0.0817641	0.901119	0.872369
case_17	17.0	2599207	0.964285	2597674	0.963716	1815	0.00067335	0.99941	0.999302
case_17	45.0	2538128	0.936904	2531498	0.934457	11980	0.0044222	0.997388	0.99529
case_17	96.0	2409945	0.883182	2382742	0.873213	29714	0.0108894	0.988712	0.987683
case_17	393.0	1756824	0.623317	1592864	0.565144	221864	0.0787168	0.906672	0.877743
case_17	96.0	2386091	0.878786	2359755	0.869087	24600	0.00906007	0.988963	0.989683
case_17	46.0	2549835	0.949259	2543103	0.946753	16020	0.00596397	0.99736	0.99374
case_17	393.0	1758415	0.625158	1610995	0.572747	230713	0.082024	0.916163	0.874729
case_17	392.0	1732832	0.614023	1585786	0.561918	212648	0.0753511	0.915141	0.881759
case_17	393.0	1764186	0.620811	1601220	0.563464	222266	0.0782146	0.907625	0.878109
case_17	392.0	1741806	0.613002	1582602	0.556973	218768	0.0769921	0.908598	0.878555
case_17	393.0	1741944	0.622288	1589849	0.567954	219268	0.0783308	0.912687	0.878798
case_18	337.0	1730211	0.611959	1551299	0.548679	192869	0.0682159	0.896595	0.889421
case_18	91.0	2436181	0.895978	2418300	0.889401	25765	0.00947584	0.99266	0.989458
case_18	337.0	1735850	0.617517	1561240	0.555401	194058	0.0690348	0.89941	0.889444
case_18	338.0	1761726	0.611968	1584376	0.550362	217492	0.0755498	0.899332	0.879296
case_18	95.0	2390447	0.888658	2358729	0.876867	27169	0.0101002	0.986731	0.988613
case_18	337.0	1730853	0.615008	1552056	0.551477	194991	0.0692843	0.8967	0.888388
case_18	338.0	1765946	0.61693	1592695	0.556405	218650	0.076385	0.901893	0.879289
case_18	337.0	1777186	0.623149	1592618	0.558432	203532	0.0713661	0.896146	0.886684
case_18	16.0	2597136	0.984324	2595951	0.983875	1185	0.000449119	0.999544	0.999544
case_18	338.0	1765606	0.616885	1590553	0.555723	218074	0.0761928	0.900854	0.879426
case_18	337.0	1773000	0.618072	1584819	0.552471	202919	0.070738	0.893863	0.886494
case_18	2.0	2966487	0.998742	2966487	0.998742	0	0.0	1.0	1.0
case_18	91.0	2505144	0.907567	2487431	0.90115	28683	0.0103913	0.992929	0.9886
case_18	337.0	1735850	0.617591	1559098	0.554706	193482	0.0688382	0.898176	0.889602
case_18	95.0	2400264	0.888025	2367709	0.87598	26115	0.00966176	0.986437	0.989091
case_18	60.0	2474897	0.919101	2469790	0.917205	7952	0.00295313	0.997936	0.996791
case_18	95.0	2464267	0.897994	2430942	0.88585	29913	0.0109005	0.986477	0.987844
case_18	338.0	1784606	0.620036	1616517	0.561636	204781	0.0711483	0.905812	0.887563
case_18	337.0	1736492	0.620685	1559855	0.557548	195604	0.0699159	0.898279	0.888574
case_18	338.0	1779253	0.61462	1607179	0.555179	204691	0.0707079	0.903289	0.887028
case_18	338.0	1784606	0.619963	1618659	0.562314	205357	0.07134	0.907012	0.887415
case_18	60.0	2471696	0.922356	2466045	0.920247	9019	0.0033656	0.997714	0.996356
case_18	6.0	2945432	0.986123	2944913	0.98595	519	0.00017376	0.999824	0.999824
case_18	337.0	1777186	0.623075	1594760	0.559117	204108	0.0715595	0.897351	0.886535
case_18	91.0	2431322	0.898477	2414688	0.89233	26514	0.00979806	0.993158	0.989139
case_18	337.0	1736492	0.620609	1561997	0.558246	196180	0.0701133	0.899513	0.888419
case_18	96.0	2480589	0.895366	2453958	0.885754	36204	0.0130678	0.989264	0.985461
case_18	6.0	2945433	0.986236	2944914	0.986062	519	0.00017378	0.999824	0.999824
case_19	275.0	895802	0.455539	863109	0.438914	44623	0.022692	0.963504	0.950841
case_19	84.0	2283396	0.872826	2243861	0.857714	27307	0.0104381	0.982686	0.987977
case_19	275.0	852115	0.439617	817318	0.421665	44500	0.0229581	0.959164	0.948365
case_19	50.0	2472654	0.932283	2437025	0.91885	24593	0.00927249	0.985591	0.990009
case_19	276.0	949199	0.471103	913722	0.453495	48306	0.023975	0.962624	0.949787
case_19	275.0	932171	0.473559	902791	0.458633	45781	0.0232575	0.968482	0.951737
case_19	2.0	2708508	0.999311	2708221	0.999205	287	0.000105889	0.999894	0.999894
case_19	51.0	2554921	0.946044	2524061	0.934617	25139	0.00930855	0.987921	0.990138
case_19	85.0	2369422	0.889264	2332399	0.875369	27153	0.0101908	0.984375	0.988492
case_19	276.0	949462	0.471352	913950	0.453722	48420	0.0240377	0.962598	0.949687
case_19	85.0	2368914	0.889243	2332955	0.875745	26938	0.010112	0.98482	0.988585
case_19	276.0	906042	0.456172	868521	0.437281	49422	0.0248829	0.958588	0.94616
case_19	64.0	1184900	0.91806	1182849	0.916471	9529	0.00738307	0.998269	0.992008
case_19	2.0	2599852	0.978305	2599374	0.978125	478	0.000179868	0.999816	0.999816
case_19	84.0	2360203	0.889224	2336687	0.880364	28688	0.0108084	0.990036	0.987872
case_19	7.0	2601212	0.97698	2598246	0.975866	1286	0.000483004	0.99886	0.999505
case_19	276.0	905780	0.455923	868294	0.437055	49308	0.0248191	0.958615	0.946264
case_19	7.0	2601553	0.977295	2598802	0.976261	1071	0.00040233	0.998943	0.999588
case_19	275.0	904642	0.456498	868113	0.438065	49541	0.0249993	0.95962	0.946013
case_19	50.0	2543780	0.943664	2511412	0.931657	24545	0.00910544	0.987276	0.990321
case_19	275.0	913957	0.462424	874580	0.442501	49931	0.025263	0.956916	0.945992
case_19	275.0	947565	0.472696	915933	0.456916	45838	0.0228664	0.966618	0.95234
case_19	51.0	2555262	0.946348	2524617	0.934999	24924	0.00923067	0.988007	0.990224
case_19	84.0	2357332	0.886388	2320423	0.87251	27112	0.0101945	0.984343	0.988451
case_19	275.0	900672	0.464196	861351	0.44393	49514	0.0255189	0.956343	0.945641
case_19	7.0	2680669	0.99068	2679605	0.990287	1064	0.000393217	0.999603	0.999603
case_19	7.0	2681010	0.990992	2680161	0.990678	849	0.000313819	0.999683	0.999683
case_19	275.0	948371	0.471861	914171	0.454845	48539	0.0241506	0.963938	0.949581
case_1	314.0	1888683	0.716683	1773999	0.673165	173224	0.0657319	0.939278	0.91104
case_1	9.0	2571476	0.991585	2569707	0.990903	1781	0.00068677	0.999312	0.999307
case_1	12.0	2563224	0.987885	2562415	0.987574	809	0.000311795	0.999684	0.999684
case_1	314.0	1898410	0.719077	1779160	0.673908	173311	0.0656465	0.937184	0.911235
case_1	8.0	2567996	0.991409	2567073	0.991052	923	0.000356336	0.999641	0.999641
case_1	22.0	2640143	0.980363	2636319	0.978943	2765	0.00102673	0.998552	0.998952
case_1	110.0	2379142	0.892371	2356137	0.883742	46241	0.0173441	0.990331	0.980752
case_1	314.0	1891142	0.715608	1776607	0.672268	175456	0.0663925	0.939436	0.910118
case_1	314.0	1866973	0.714458	1755604	0.671839	161625	0.0618511	0.940348	0.915699
case_1	313.0	1898064	0.717399	1784108	0.674328	176843	0.0668403	0.939962	0.909818
case_1	314.0	1901042	0.718062	1781582	0.67294	176753	0.0667632	0.937161	0.909743
case_1	313.0	1866249	0.714647	1757681	0.673073	161884	0.0619907	0.941826	0.915666
case_1	314.0	1872379	0.716622	1762299	0.674491	160490	0.0614249	0.941208	0.916533
case_1	314.0	1896709	0.718527	1780275	0.674418	172593	0.0653831	0.938613	0.911621
case_1	6.0	2582258	0.995088	2581497	0.994795	761	0.000293256	0.999705	0.999705
case_1	110.0	2386032	0.897444	2363150	0.888838	46242	0.0173927	0.99041	0.980808
case_1	9.0	2557637	0.988252	2555735	0.987517	1902	0.000734919	0.999256	0.999256
case_1	314.0	1899560	0.717596	1782899	0.673525	176009	0.0664909	0.938585	0.910149
case_1	314.0	1896659	0.718277	1779480	0.6739	174702	0.0661607	0.938218	0.910601
case_1	12.0	2562541	0.987814	2561747	0.987508	794	0.000306073	0.99969	0.99969
case_1	8.0	2567313	0.991338	2566405	0.990987	908	0.000350614	0.999646	0.999646
case_1	12.0	2549645	0.984647	2548715	0.984288	930	0.000359157	0.999635	0.999635
case_1	314.0	1899291	0.717265	1781902	0.672933	178144	0.0672758	0.938193	0.909112
case_1	314.0	1860359	0.713225	1752600	0.671912	158534	0.0607788	0.942076	0.917047
case_1	9.0	2570793	0.991514	2569039	0.990838	1766	0.000681118	0.999318	0.999313
case_1	314.0	1867799	0.714637	1757383	0.67239	161230	0.061688	0.940884	0.915965
case_1	313.0	1895108	0.71829	1781686	0.6753	173401	0.065723	0.94015	0.911308
case_1	11.0	2558812	0.987025	2557168	0.986391	1644	0.000634149	0.999358	0.999358
case_20	126.0	2027158	0.855732	1928595	0.814125	34534	0.014578	0.951379	0.982409
case_20	573.0	1095594	0.482456	892125	0.392857	254501	0.112072	0.814284	0.778044
case_20	9.0	2361866	0.982103	2359439	0.981094	2427	0.00100919	0.998972	0.998972
case_20	573.0	1097544	0.477723	920221	0.40054	265906	0.11574	0.838437	0.77582
case_20	573.0	1249232	0.511207	1030362	0.421642	297013	0.121543	0.824796	0.77624
case_20	573.0	1265642	0.525187	1004605	0.416868	290141	0.120396	0.793751	0.775909
case_20	9.0	2373585	0.984022	2371579	0.98319	2006	0.000831631	0.999155	0.999155
case_20	6.0	2381576	0.9912	2381155	0.991025	421	0.000175218	0.999823	0.999823
case_20	572.0	1253844	0.5155	1045046	0.429655	302166	0.124231	0.833474	0.77571
case_20	384.0	1478625	0.632318	1398170	0.597912	193667	0.0828195	0.945588	0.878337
case_20	573.0	1118573	0.477065	950060	0.405196	266218	0.113541	0.84935	0.781121
case_20	125.0	2021850	0.850116	1944658	0.817659	36705	0.0154331	0.961821	0.981475
case_20	573.0	1103544	0.47883	924504	0.401144	267326	0.115993	0.837759	0.775701
case_20	572.0	1095066	0.474701	925217	0.401073	270430	0.117229	0.844896	0.773821
case_20	384.0	1477198	0.6354	1398504	0.601551	200665	0.0863138	0.946728	0.874519
case_20	573.0	1282348	0.519142	1064724	0.43104	309506	0.1253	0.830293	0.774779
case_20	573.0	1275249	0.513444	1061910	0.427549	307458	0.123789	0.832708	0.775475
case_20	573.0	1273462	0.531429	1012064	0.422345	293172	0.122344	0.794734	0.775388
case_20	126.0	2044897	0.837131	2022534	0.827976	35794	0.0146532	0.989064	0.98261
case_20	573.0	1255678	0.518258	1031457	0.425715	301629	0.124492	0.821434	0.773736
case_20	572.0	1241949	0.507772	1035918	0.423536	299468	0.122438	0.834107	0.775744
case_20	34.0	2361303	0.958378	2356593	0.956466	4372	0.00177446	0.998005	0.998148
case_20	573.0	1244104	0.510617	1022330	0.419594	297572	0.122132	0.82174	0.77455
case_20	573.0	1261182	0.518983	1039489	0.427755	301070	0.123892	0.824218	0.775415
case_20	126.0	2055472	0.83898	2033056	0.82983	35349	0.0144284	0.989094	0.98291
case_20	125.0	2059576	0.839906	2039739	0.831816	37490	0.0152886	0.990368	0.981952
case_20	126.0	2036752	0.857169	1939261	0.81614	34749	0.0146242	0.952134	0.982397
case_20	36.0	2287402	0.946709	2285021	0.945723	3612	0.00149493	0.998959	0.998422
case_21	96.0	2360851	0.887453	2342949	0.880724	27414	0.010305	0.992417	0.988435
case_21	412.0	1613220	0.624341	1470802	0.569223	213812	0.0827485	0.911718	0.87308
case_21	153.0	2176736	0.834081	2129558	0.816004	71961	0.027574	0.978326	0.967313
case_21	210.0	2066726	0.785037	1987410	0.75491	101501	0.0385547	0.961622	0.95141
case_21	154.0	2053896	0.811607	2010738	0.794553	72929	0.0288183	0.978987	0.965
case_21	210.0	1916959	0.754602	1841494	0.724895	91689	0.0360929	0.960633	0.952571
case_21	6.0	2617843	0.994419	2617693	0.994362	150	5.69793e-05	0.999943	0.999943
case_21	210.0	1961431	0.766705	1879975	0.734865	90135	0.0352329	0.958471	0.954249
case_21	210.0	2073348	0.784693	1996403	0.755571	102026	0.0386134	0.962889	0.95138
case_21	34.0	2438180	0.951239	2431113	0.948482	9523	0.00371533	0.997102	0.996098
case_21	412.0	1586183	0.618186	1442018	0.562001	239794	0.0934554	0.909112	0.857419
case_21	412.0	1600369	0.623688	1456871	0.567765	216460	0.0843577	0.910334	0.870641
case_21	209.0	2074360	0.789405	1982671	0.754512	92202	0.0350878	0.955799	0.955563
case_21	101.0	2169684	0.865155	2152485	0.858297	26932	0.0107391	0.992073	0.987643
case_21	412.0	1580439	0.61826	1431930	0.560164	239423	0.0936611	0.906033	0.856749
case_21	411.0	1571236	0.623683	1420143	0.563708	226175	0.0897774	0.903838	0.862618
case_21	411.0	1567006	0.618521	1416938	0.559286	216309	0.0853804	0.904233	0.867559
case_21	154.0	2063395	0.812281	2023551	0.796596	73370	0.028883	0.98069	0.965011
case_21	209.0	2032052	0.778608	1945188	0.745325	93915	0.0359848	0.957253	0.953943
case_21	210.0	2102445	0.793212	2010697	0.758597	107199	0.0404441	0.956361	0.949384
case_21	101.0	2162359	0.86714	2151820	0.862913	30159	0.0120942	0.995126	0.986178
case_21	210.0	2109067	0.79284	2019680	0.759237	107724	0.0404956	0.957618	0.949364
case_21	412.0	1503745	0.610291	1354808	0.549845	206040	0.0836207	0.900956	0.867995
case_21	209.0	2067518	0.791072	1981968	0.758339	95610	0.0365822	0.958622	0.95398
case_21	153.0	2173351	0.840444	2128741	0.823193	77026	0.0297863	0.979474	0.96508
case_21	153.0	2167069	0.833442	2116600	0.814032	71286	0.0274162	0.976711	0.967418
case_21	153.0	2183570	0.841274	2141699	0.825142	77701	0.0299362	0.980825	0.96499
case_21	209.0	2031139	0.782512	1951550	0.75185	93637	0.0360744	0.960816	0.954216
case_22	406.0	1605636	0.625033	1426778	0.555408	245943	0.0957394	0.888606	0.852968
case_22	56.0	2387064	0.924991	2378062	0.921502	12039	0.00466513	0.996229	0.994963
case_22	141.0	2159355	0.852152	2130230	0.840658	54289	0.0214242	0.986512	0.975148
case_22	100.0	2278824	0.884648	2253576	0.874847	28663	0.0111271	0.988921	0.987441
case_22	2.0	2520451	0.996676	2520309	0.99662	142	5.61519e-05	0.999944	0.999944
case_22	406.0	1591821	0.62411	1406745	0.551547	245149	0.0961163	0.883733	0.851595
case_22	406.0	1605387	0.624835	1426447	0.555189	246261	0.0958476	0.888538	0.852777
case_22	90.0	2329219	0.897497	2310102	0.890131	27221	0.0104888	0.991793	0.988354
case_22	2.0	2525192	0.997349	2524827	0.997204	365	0.00014416	0.999855	0.999855
case_22	406.0	1583217	0.623664	1406022	0.553863	239345	0.0942833	0.888079	0.854534
case_22	141.0	2161720	0.852945	2133890	0.841964	55539	0.0219139	0.987126	0.974633
case_22	406.0	1623006	0.630649	1427534	0.554695	236194	0.0917775	0.879562	0.858033
case_22	406.0	1591123	0.623938	1407427	0.551904	244830	0.0960069	0.884549	0.851821
case_22	406.0	1623618	0.630784	1426940	0.554374	236513	0.0918866	0.878864	0.857818
case_22	90.0	2285064	0.893576	2260675	0.884038	30345	0.0118664	0.989327	0.986755
case_22	406.0	1577121	0.62201	1399344	0.551895	238567	0.0940898	0.887278	0.854347
case_22	141.0	2164096	0.852997	2136789	0.842233	53829	0.0212172	0.987382	0.975427
case_22	407.0	1631504	0.632583	1423299	0.551856	251524	0.0975235	0.872385	0.849821
case_22	407.0	1626620	0.631833	1430455	0.555636	263437	0.102328	0.879403	0.844478
case_22	100.0	2329133	0.891025	2303868	0.88136	27119	0.0103746	0.989153	0.988366
case_22	406.0	1597131	0.625547	1414018	0.553827	245608	0.096197	0.885349	0.85201
case_22	406.0	1576547	0.621681	1398669	0.551538	238903	0.0942068	0.887172	0.854111
case_22	100.0	2296538	0.886499	2268584	0.875708	33451	0.0129126	0.987828	0.985469
case_22	2.0	2527074	0.998257	2526609	0.998073	465	0.000183686	0.999816	0.999816
case_22	406.0	1629107	0.632271	1434221	0.556634	236969	0.0919697	0.880372	0.858203
case_22	406.0	1611736	0.626664	1433456	0.557347	246721	0.0959284	0.889386	0.853158
case_22	407.0	1584549	0.623571	1394303	0.548703	259900	0.102279	0.879937	0.842885
case_22	407.0	1609909	0.629931	1401804	0.548503	265201	0.103769	0.870735	0.840912
case_23	492.0	1281017	0.542028	1088909	0.460742	226848	0.0959846	0.850035	0.827591
case_23	492.0	1460232	0.555399	1241782	0.472312	268807	0.102241	0.8504	0.822052
case_23	148.0	2118197	0.834752	2085848	0.822004	81021	0.0319293	0.984728	0.962609
case_23	176.0	2070624	0.798267	2024562	0.780509	95037	0.0366386	0.977755	0.955163
case_23	491.0	1296334	0.533758	1103329	0.454289	229593	0.0945336	0.851115	0.827752
case_23	132.0	1908951	0.775439	1885688	0.765989	67987	0.0276171	0.987814	0.9652
case_23	176.0	2088569	0.802208	2038274	0.78289	97457	0.0374327	0.975919	0.954368
case_23	60.0	2409931	0.908801	2402319	0.90593	19038	0.00717935	0.996841	0.992137
case_23	491.0	1437286	0.547583	1219052	0.464439	267083	0.101754	0.848162	0.820283
case_23	491.0	1490172	0.553048	1267232	0.470308	274993	0.102058	0.850393	0.821691
case_23	491.0	1489766	0.555333	1259029	0.469322	272720	0.101661	0.845119	0.821955
case_23	491.0	1268894	0.535212	1088882	0.459284	226579	0.0955698	0.858135	0.827757
case_23	491.0	1484103	0.555214	1250195	0.467707	273238	0.10222	0.842391	0.820643
case_23	491.0	1446763	0.548723	1225618	0.464848	270258	0.102502	0.847145	0.819331
case_23	183.0	2070653	0.813629	1975666	0.776305	89759	0.0352693	0.954127	0.956542
case_23	492.0	1450129	0.554047	1230340	0.470073	271606	0.103772	0.848435	0.819164
case_23	492.0	1435233	0.544494	1223304	0.464093	285728	0.108398	0.852338	0.810655
case_23	183.0	2047513	0.791628	1954345	0.755607	87997	0.0340222	0.954497	0.956914
case_23	491.0	1484048	0.55275	1256697	0.468071	274880	0.102382	0.846803	0.820525
case_23	183.0	2040086	0.783795	1950578	0.749407	98362	0.0377904	0.956125	0.951994
case_23	492.0	1432649	0.545961	1216718	0.463673	288726	0.110029	0.849279	0.808212
case_23	18.0	2657948	0.978724	2656368	0.978142	3042	0.00112014	0.999406	0.998856
case_23	492.0	1265352	0.533875	1079087	0.455287	250297	0.105605	0.852796	0.81172
case_23	183.0	2033476	0.784156	1939636	0.747969	94141	0.036303	0.953852	0.953711
case_23	491.0	1288921	0.532817	1093087	0.451863	232711	0.0961986	0.848064	0.824475
case_23	183.0	2058260	0.792833	1969934	0.75881	91117	0.0350979	0.957087	0.955791
case_23	183.0	2079986	0.819469	2005471	0.790112	84627	0.0333412	0.964175	0.959511
case_23	132.0	1909816	0.779532	1884198	0.769076	66315	0.0270679	0.986586	0.966001
case_24	230.0	1956937	0.75802	1849188	0.716284	135448	0.0524658	0.94494	0.931752
case_24	54.0	2453819	0.940815	2444934	0.937408	10646	0.00408176	0.996379	0.995665
case_24	163.0	2099408	0.820673	2052345	0.802276	63506	0.0248249	0.977583	0.969986
case_24	230.0	1956660	0.757958	1852050	0.717435	125681	0.0486855	0.946536	0.936452
case_24	54.0	2460352	0.942581	2450781	0.938915	11640	0.00445938	0.99611	0.995273
case_24	10.0	2585626	0.989318	2584704	0.988965	921	0.000352395	0.999643	0.999644
case_24	54.0	2463914	0.943429	2454693	0.939899	10434	0.00399516	0.996258	0.995767
case_24	230.0	1964165	0.760264	1856650	0.718649	125060	0.0484066	0.945262	0.936893
case_24	74.0	2282280	0.878807	2264746	0.872056	34700	0.0133615	0.992317	0.984909
case_24	6.0	2591202	0.992226	2590649	0.992015	553	0.000211755	0.999787	0.999787
case_24	116.0	2161766	0.829932	2108632	0.809533	43929	0.0168649	0.975421	0.979592
case_24	116.0	2154910	0.826247	2105391	0.80726	39750	0.0152412	0.97702	0.98147
case_24	163.0	2044805	0.800403	1987329	0.777905	75262	0.02946	0.971892	0.963511
case_24	163.0	2102023	0.821646	2053084	0.802516	69321	0.0270964	0.976718	0.967338
case_24	10.0	2576791	0.987249	2575671	0.98682	1120	0.000429107	0.999565	0.999565
case_24	163.0	2102195	0.821107	2051140	0.801165	60889	0.0237829	0.975713	0.97117
case_24	116.0	2153552	0.82618	2104500	0.807362	38831	0.014897	0.977223	0.981883
case_24	163.0	2129707	0.83499	2084406	0.817229	71272	0.0279435	0.978729	0.966938
case_24	230.0	1978582	0.768706	1883645	0.731822	142252	0.0552669	0.952018	0.929783
case_24	231.0	1940309	0.766433	1828732	0.722359	150678	0.0595186	0.942495	0.923877
case_24	230.0	1900132	0.737041	1787062	0.693183	137295	0.0532553	0.940494	0.928654
case_24	116.0	2241217	0.860707	2213102	0.84991	34128	0.0131064	0.987455	0.984813
case_24	116.0	2151607	0.826081	2100799	0.806574	40630	0.0155993	0.976386	0.981027
case_24	163.0	2104971	0.821733	2058581	0.803623	62067	0.0242295	0.977962	0.970732
case_24	230.0	1963173	0.75946	1857788	0.718691	126303	0.0488607	0.946319	0.936342
case_24	116.0	2235344	0.859598	2206795	0.848619	35398	0.0136122	0.987228	0.984213
case_24	116.0	2238508	0.860139	2206649	0.847897	33120	0.0127262	0.985768	0.985213
case_24	116.0	2250313	0.865302	2214257	0.851438	38247	0.0147069	0.983977	0.98302
case_25	392.0	1642095	0.603134	1471236	0.540378	224082	0.0823043	0.895951	0.867823
case_25	44.0	2406571	0.939875	2400877	0.937651	18096	0.0070673	0.997634	0.992519
case_25	44.0	2403796	0.940984	2392523	0.936571	17231	0.0067452	0.99531	0.992849
case_25	10.0	2488836	0.99187	2486181	0.990812	565	0.000225168	0.998933	0.999773
case_25	44.0	2398396	0.93912	2388984	0.935434	17111	0.00670001	0.996076	0.992888
case_25	10.0	2485790	0.989721	2484655	0.989269	1135	0.000451902	0.999543	0.999543
case_25	4.0	2503803	0.996824	2503178	0.996575	625	0.000248827	0.99975	0.99975
case_25	10.0	2485461	0.990457	2484830	0.990206	631	0.000251454	0.999746	0.999746
case_25	6.0	2576444	0.988717	2576058	0.988569	386	0.000148129	0.99985	0.99985
case_25	392.0	1699434	0.612653	1530918	0.551903	237216	0.0855174	0.90084	0.865838
case_25	392.0	1702411	0.615729	1533359	0.554586	234805	0.0849244	0.900698	0.867204
case_25	44.0	2402864	0.937558	2394096	0.934137	17083	0.00666551	0.996351	0.992915
case_25	44.0	2402102	0.941446	2395765	0.938962	18124	0.00710326	0.997362	0.992492
case_25	392.0	1641466	0.60358	1475197	0.542442	223993	0.082364	0.898707	0.868177
case_25	392.0	1533189	0.609352	1305470	0.518847	214338	0.0851867	0.851474	0.85897
case_25	392.0	1488421	0.603869	1254176	0.508833	206477	0.08377	0.842622	0.858641
case_25	44.0	2408264	0.939416	2397635	0.93527	17203	0.00671055	0.995586	0.992876
case_25	44.0	2402810	0.940534	2393561	0.936913	16948	0.00663397	0.996151	0.992969
case_25	10.0	2482402	0.989574	2481608	0.989258	794	0.000316517	0.99968	0.99968
case_25	392.0	1488522	0.603867	1253358	0.508465	209490	0.0849864	0.842015	0.856793
case_25	392.0	1643890	0.603755	1471686	0.540509	225732	0.0829051	0.895246	0.867014
case_25	44.0	2407278	0.938968	2398673	0.935611	16920	0.00659971	0.996425	0.992996
case_25	10.0	2488849	0.990602	2487877	0.990215	972	0.000386872	0.999609	0.999609
case_25	392.0	1492762	0.606381	1261725	0.51253	207103	0.0841281	0.845229	0.859001
case_25	392.0	1485965	0.603039	1253446	0.508677	207780	0.0843219	0.843523	0.857804
case_25	392.0	1532160	0.611134	1302570	0.519557	215736	0.0860508	0.850153	0.85791
case_25	392.0	1643562	0.603824	1472076	0.540822	225017	0.0826684	0.895662	0.86741
case_25	330.0	1687856	0.630945	1569954	0.586871	228831	0.0855403	0.930147	0.872786
case_26	98.0	2225984	0.860364	2195409	0.848546	24870	0.00961249	0.986265	0.988799
case_26	951.0	984874	0.337055	774256	0.264975	445712	0.152537	0.786147	0.634653
case_26	98.0	2210851	0.855124	2188576	0.846508	27865	0.0107778	0.989925	0.987428
case_26	951.0	972234	0.333223	762296	0.261269	445155	0.152572	0.784066	0.631327
case_26	951.0	928039	0.323113	724256	0.252163	413403	0.143934	0.780415	0.63662
case_26	36.0	2431044	0.95634	2402967	0.945295	3852	0.00151532	0.988451	0.9984
case_26	22.0	2456580	0.967186	2455583	0.966794	3658	0.0014402	0.999594	0.998513
case_26	98.0	2210851	0.855124	2188576	0.846508	27865	0.0107778	0.989925	0.987428
case_26	2.0	3192632	0.998035	3192251	0.997916	381	0.000119103	0.999881	0.999881
case_26	951.0	972850	0.33291	762295	0.260858	445155	0.152332	0.783569	0.631326
case_26	98.0	2218942	0.85834	2194369	0.848835	32302	0.0124952	0.988926	0.985493
case_26	951.0	972234	0.333223	762296	0.261269	445155	0.152572	0.784066	0.631327
case_26	78.0	2401518	0.909408	2390412	0.905202	21694	0.0082151	0.995375	0.991006
case_26	98.0	2221432	0.858517	2192764	0.847438	21645	0.00836515	0.987095	0.990225
case_26	98.0	2234273	0.860907	2193798	0.845311	31551	0.0121572	0.981884	0.985822
case_26	951.0	928655	0.322812	724255	0.25176	413403	0.143704	0.779897	0.636619
case_26	951.0	984258	0.337374	774257	0.265392	445712	0.152777	0.78664	0.634653
case_26	78.0	2401518	0.909408	2390412	0.905202	21694	0.0082151	0.995375	0.991006
case_26	951.0	912077	0.318167	713329	0.248836	407849	0.142273	0.782093	0.636232
case_26	951.0	972850	0.33291	762295	0.260858	445155	0.152332	0.783569	0.631326
case_26	951.0	921706	0.321804	719552	0.251224	417007	0.145594	0.780674	0.633097
case_26	0.0	2641011	1.0	2641011	1.0	0	0.0	1.0	1.0
case_26	36.0	2414060	0.953447	2406234	0.950356	1936	0.000764635	0.996758	0.999196
case_26	98.0	2221432	0.858517	2192764	0.847438	21645	0.00836515	0.987095	0.990225
case_26	951.0	921706	0.32129	719551	0.250822	417007	0.145361	0.780673	0.633097
case_26	98.0	2226494	0.857822	2186406	0.842377	28063	0.0108121	0.981995	0.987327
case_26	951.0	911461	0.318461	713330	0.249235	407849	0.142501	0.782623	0.636232
case_26	98.0	2226494	0.857822	2186406	0.842377	28063	0.0108121	0.981995	0.987327
case_27	98.0	2295950	0.869819	2278506	0.86321	33720	0.0127748	0.992402	0.985417
case_27	284.0	1793355	0.710073	1637875	0.648511	167910	0.0664834	0.913302	0.907016
case_27	284.0	1795984	0.710732	1640312	0.649127	166831	0.0660207	0.913322	0.907682
case_27	265.0	1935180	0.733101	1768200	0.669845	195576	0.0740898	0.913713	0.900408
case_27	10.0	2453754	0.991492	2453222	0.991277	532	0.000214966	0.999783	0.999783
case_27	265.0	1944104	0.732535	1782504	0.671644	192991	0.0727187	0.916877	0.902308
case_27	30.0	2634571	0.970406	2631103	0.969129	4821	0.00177575	0.998684	0.998171
case_27	265.0	1961237	0.760583	1817514	0.704846	185713	0.072021	0.926718	0.907293
case_27	283.0	1784992	0.68653	1632897	0.628033	176828	0.0680103	0.914792	0.90229
case_27	283.0	1786614	0.686795	1633160	0.627806	176664	0.0679117	0.914109	0.902386
case_27	283.0	1768283	0.683486	1617808	0.625323	177552	0.0686283	0.914903	0.901105
case_27	76.0	2379009	0.92227	2359008	0.914517	33774	0.0130932	0.991593	0.985885
case_27	265.0	1960406	0.760033	1825360	0.707677	184830	0.071657	0.931113	0.908053
case_27	283.0	1813207	0.718194	1671721	0.662153	175750	0.0696129	0.921969	0.90487
case_27	284.0	1801097	0.712035	1645590	0.650558	168235	0.0665091	0.91366	0.907248
case_27	283.0	1786117	0.685931	1633393	0.62728	177367	0.0681151	0.914494	0.902048
case_27	265.0	1930763	0.731214	1780810	0.674424	188049	0.0712175	0.922335	0.904488
case_27	284.0	1784670	0.706471	1624815	0.643191	171737	0.067983	0.910429	0.904407
case_27	283.0	1814829	0.71845	1671984	0.661901	175586	0.0695106	0.92129	0.904964
case_27	98.0	2313631	0.871819	2298820	0.866238	33612	0.0126656	0.993598	0.985589
case_27	284.0	1782041	0.70581	1622378	0.642572	172816	0.0684469	0.910404	0.903734
case_27	265.0	1941780	0.731446	1798351	0.677418	185783	0.0699823	0.926135	0.906366
case_27	283.0	1766661	0.683218	1617545	0.62555	177716	0.0687278	0.915594	0.901008
case_27	2.0	2469537	0.9989	2469463	0.99887	74	2.99322e-05	0.99997	0.99997
case_27	10.0	2457831	0.992594	2457373	0.992409	458	0.000184963	0.999814	0.999814
case_27	284.0	1789207	0.707551	1629751	0.644493	171594	0.0678577	0.910879	0.904741
case_27	283.0	1813759	0.717301	1673360	0.661777	176520	0.0698097	0.922592	0.904578
case_27	283.0	1767786	0.68262	1618041	0.624797	178255	0.0688321	0.915292	0.900765
case_28	112.0	2314997	0.857819	2269145	0.840829	52382	0.0194101	0.980193	0.977436
case_28	96.0	2385705	0.89347	2358245	0.883186	31442	0.0117753	0.98849	0.986843
case_28	135.0	1669856	0.732827	1620174	0.711024	39875	0.0174994	0.970248	0.97598
case_28	58.0	2497912	0.937763	2484108	0.93258	12892	0.0048399	0.994474	0.994837
case_28	135.0	1660858	0.726437	1604529	0.701799	46660	0.0204085	0.966084	0.971742
case_28	112.0	2331942	0.867242	2276750	0.846716	52174	0.0194033	0.976332	0.977597
case_28	12.0	2624584	0.9833	2622864	0.982656	1720	0.000644398	0.999345	0.999345
case_28	112.0	2305581	0.857757	2254325	0.838688	53132	0.019767	0.977769	0.976974
case_28	135.0	1656312	0.729979	1597900	0.704236	49838	0.0219649	0.964734	0.969754
case_28	135.0	1667380	0.732061	1610811	0.707225	46981	0.0206269	0.966073	0.97166
case_28	135.0	1662665	0.730673	1606705	0.706081	47083	0.020691	0.966343	0.97153
case_28	96.0	2387657	0.896733	2359609	0.886199	36600	0.0137459	0.988253	0.984726
case_28	135.0	1636318	0.709878	1568667	0.68053	51255	0.0222358	0.958657	0.96836
case_28	135.0	1658311	0.730176	1600648	0.704786	49977	0.0220055	0.965228	0.969722
case_28	58.0	2506098	0.943506	2486974	0.936306	23989	0.00903148	0.992369	0.990446
case_28	135.0	1668195	0.732782	1617929	0.710702	40260	0.0176849	0.969868	0.97572
case_28	135.0	1676398	0.734627	1625780	0.712446	38217	0.0167474	0.969805	0.977033
case_28	135.0	1639262	0.7105	1571715	0.681223	51155	0.0221719	0.958794	0.968479
case_28	96.0	2377201	0.893895	2346385	0.882307	32662	0.0122818	0.987037	0.986271
case_28	56.0	2482962	0.935966	2466648	0.929816	30151	0.0113656	0.99343	0.987924
case_28	96.0	2377490	0.896545	2345976	0.884661	38236	0.0144187	0.986745	0.983963
case_28	135.0	1670720	0.732822	1620918	0.710978	38262	0.0167827	0.970191	0.976939
case_28	4.0	1884520	0.994574	1884065	0.994334	455	0.000240131	0.999759	0.999759
case_28	96.0	2411614	0.902052	2390842	0.894282	23897	0.00893855	0.991387	0.990104
case_28	112.0	2362427	0.877496	2304675	0.856044	46878	0.0174123	0.975554	0.980065
case_28	112.0	2346465	0.875097	2286440	0.852711	57062	0.0212808	0.974419	0.975651
case_28	135.0	1665573	0.727822	1608635	0.702942	46558	0.0203449	0.965815	0.971872
case_28	96.0	2399931	0.901317	2375365	0.892091	25245	0.009481	0.989764	0.989484
case_29	48.0	2468710	0.93836	2453097	0.932425	14559	0.0055339	0.993676	0.9941
case_29	292.0	1899777	0.718584	1733644	0.655745	198758	0.0751796	0.912551	0.897145
case_29	48.0	2476183	0.940992	2461792	0.935524	10273	0.00390392	0.994188	0.995844
case_29	18.0	2617462	0.984507	2616742	0.984236	720	0.000270814	0.999725	0.999725
case_29	48.0	2474885	0.940924	2459979	0.935257	10870	0.00413265	0.993977	0.995601
case_29	48.0	2150074	0.863469	2131847	0.856149	24574	0.00986891	0.991523	0.988604
case_29	48.0	2171623	0.869575	2152065	0.861744	20014	0.00801414	0.990994	0.990786
case_29	48.0	2160116	0.867713	2140447	0.859812	20758	0.00833844	0.990894	0.990395
case_29	18.0	2619837	0.98496	2619141	0.984699	696	0.00026167	0.999734	0.999734
case_29	292.0	1635017	0.653238	1476258	0.589809	191784	0.0766234	0.902901	0.885024
case_29	38.0	2554094	0.960453	2550910	0.959256	5724	0.00215248	0.998753	0.997761
case_29	292.0	1929505	0.722077	1771745	0.663039	199075	0.0744997	0.918238	0.898989
case_29	12.0	2579194	0.985457	2576299	0.984351	4079	0.0015585	0.998878	0.998419
case_29	292.0	1919377	0.720096	1760741	0.660581	201804	0.0757112	0.91735	0.897172
case_29	292.0	1918008	0.719904	1756986	0.659466	200471	0.0752446	0.916047	0.897586
case_29	38.0	2177177	0.881821	2167116	0.877746	18585	0.00752747	0.995379	0.991497
case_29	48.0	2159668	0.867119	2140023	0.859232	20161	0.00809476	0.990904	0.990667
case_29	48.0	2486504	0.94251	2472643	0.937256	10486	0.00397472	0.994426	0.995777
case_29	48.0	2490902	0.943908	2475504	0.938073	8870	0.00336122	0.993818	0.99643
case_29	38.0	2547469	0.960387	2544813	0.959385	5531	0.00208517	0.998957	0.997831
case_29	48.0	2489619	0.943846	2473691	0.937808	9467	0.00358906	0.993602	0.996188
case_29	2.0	2646672	0.998014	2646648	0.998005	24	9.04998e-06	0.999991	0.999991
case_29	38.0	2545094	0.959921	2542414	0.95891	5555	0.00209515	0.998947	0.99782
case_29	292.0	1911806	0.721098	1746337	0.658686	198038	0.0746963	0.913449	0.898148
case_29	292.0	1919105	0.720151	1765295	0.662434	191156	0.071732	0.919853	0.902295
case_29	38.0	2182276	0.881221	2172906	0.877438	19171	0.00774141	0.995706	0.991254
case_29	48.0	2498681	0.944453	2484662	0.939154	8765	0.003313	0.994389	0.996485
case_29	48.0	2483608	0.941351	2467534	0.935259	13156	0.00498646	0.993528	0.994697
case_2	78.0	2535816	0.884108	2524399	0.880128	19553	0.00681712	0.995498	0.992314
case_2	17.0	2713667	0.97457	2711474	0.973782	2366	0.000849711	0.999192	0.999128
case_2	16.0	2695366	0.980419	2693337	0.979681	2202	0.000800961	0.999247	0.999183
case_2	77.0	2525624	0.887028	2514775	0.883218	22073	0.00775229	0.995704	0.991299
case_2	374.0	1819074	0.665398	1609497	0.588737	195562	0.0715345	0.884789	0.891659
case_2	17.0	2708166	0.977632	2707358	0.97734	808	0.000291683	0.999702	0.999702
case_2	373.0	1820944	0.670951	1612012	0.593967	196091	0.0722523	0.885262	0.891549
case_2	374.0	1829625	0.654226	1618200	0.578626	199009	0.0711604	0.884444	0.890486
case_2	373.0	1850220	0.680434	1626439	0.598136	214460	0.0788694	0.879052	0.883503
case_2	373.0	1811153	0.671162	1595947	0.591412	189389	0.0701822	0.881177	0.89392
case_2	44.0	2453595	0.938762	2446560	0.936071	7102	0.00271727	0.997133	0.997106
case_2	17.0	2724281	0.977998	2722964	0.977525	1317	0.000472794	0.999517	0.999517
case_2	16.0	2706739	0.984165	2704827	0.98347	1153	0.000419229	0.999294	0.999574
case_2	373.0	1836531	0.679257	1607890	0.594692	208729	0.0772002	0.875504	0.8851
case_2	142.0	2250323	0.843632	2229871	0.835965	42781	0.0160383	0.990912	0.981176
case_2	8.0	2730903	0.987798	2730683	0.987718	1095	0.000396074	0.999919	0.999599
case_2	373.0	1845174	0.678851	1621381	0.596516	209591	0.0771098	0.878714	0.88553
case_2	142.0	2244612	0.857098	2223840	0.849166	41990	0.0160338	0.990746	0.981468
case_2	374.0	1852193	0.676226	1631570	0.595677	214069	0.0781554	0.880886	0.884014
case_2	374.0	1805336	0.656951	1585225	0.576854	203439	0.0740302	0.878078	0.886262
case_2	374.0	1866544	0.666188	1640418	0.585482	220258	0.0786123	0.878853	0.881625
case_2	373.0	1814606	0.668885	1600814	0.590079	191723	0.0706713	0.882183	0.893044
case_2	77.0	2531993	0.888924	2521643	0.88529	20460	0.00718303	0.995912	0.991952
case_2	373.0	1787111	0.674391	1566919	0.591298	192058	0.0724757	0.876789	0.890813
case_2	77.0	2521246	0.889975	2509129	0.885698	17679	0.00624051	0.995194	0.993003
case_2	373.0	1789182	0.671536	1571584	0.589865	194325	0.0729363	0.878381	0.889958
case_2	373.0	1790953	0.671926	1576986	0.59165	198722	0.0745561	0.880529	0.888089
case_2	374.0	1793931	0.66807	1578550	0.587861	198192	0.0738079	0.879939	0.888452
case_30	199.0	2239573	0.821537	2181452	0.800216	95682	0.0350988	0.974048	0.957981
case_30	252.0	2086979	0.755056	1939038	0.701532	151972	0.0549825	0.929112	0.927321
case_30	199.0	2176817	0.811996	2117768	0.789969	94467	0.0352381	0.972874	0.957298
case_30	64.0	2575791	0.922927	2565624	0.919284	18868	0.00676056	0.996053	0.9927
case_30	30.0	2661321	0.951565	2657746	0.950287	3575	0.00127825	0.998657	0.998657
case_30	199.0	2257582	0.8155	2200726	0.794962	98777	0.0356809	0.974816	0.957044
case_30	252.0	2110634	0.752114	1965317	0.700331	148496	0.0529158	0.93115	0.92975
case_30	199.0	2196907	0.806771	2140690	0.786126	98250	0.0360804	0.974411	0.956118
case_30	12.0	2570740	0.971172	2567985	0.970131	2755	0.00104078	0.998928	0.998928
case_30	10.0	2732483	0.991307	2732261	0.991226	222	8.05385e-05	0.999919	0.999919
case_30	253.0	2047078	0.762419	1927573	0.717911	128582	0.0478894	0.941622	0.937465
case_30	252.0	2109436	0.754705	1958533	0.700716	139399	0.0498736	0.928463	0.933554
case_30	252.0	2120648	0.759373	1973601	0.706718	148419	0.0531467	0.930659	0.930058
case_30	42.0	2665700	0.951317	2661072	0.949666	8031	0.00286605	0.998264	0.996991
case_30	252.0	2143970	0.756279	1998714	0.70504	144707	0.051045	0.932249	0.932488
case_30	199.0	2171260	0.810953	2110267	0.788173	96018	0.0358622	0.971909	0.95648
case_30	64.0	2571016	0.922342	2560638	0.918619	19067	0.00684021	0.995963	0.992609
case_30	199.0	2182663	0.804857	2125228	0.783678	94728	0.0349309	0.973686	0.957329
case_30	199.0	2230156	0.808872	2176184	0.789296	95221	0.0345364	0.975799	0.958078
case_30	64.0	2602501	0.918587	2589887	0.914135	18620	0.00657218	0.995153	0.992862
case_30	252.0	2080496	0.753639	1931465	0.699654	152030	0.0550714	0.928368	0.927031
case_30	253.0	2091553	0.766072	1967936	0.720795	129969	0.0476037	0.940897	0.938048
case_30	253.0	2086524	0.768913	1962788	0.723315	125330	0.0461859	0.940698	0.939979
case_30	252.0	2114951	0.758258	1964977	0.704489	148477	0.0532324	0.929089	0.929747
case_30	252.0	2142977	0.758933	1992913	0.705788	140154	0.0496354	0.929974	0.934295
case_30	42.0	2660407	0.950584	2655887	0.948969	8279	0.00295815	0.998301	0.996892
case_30	253.0	2130725	0.772322	2000292	0.725044	126326	0.0457893	0.938785	0.940598
case_30	199.0	2234037	0.820531	2173791	0.798404	96859	0.035575	0.973033	0.957343
case_3	33.0	2461610	0.959973	2452929	0.956587	6763	0.00263742	0.996473	0.99725
case_3	96.0	2255672	0.865879	2217093	0.85107	32423	0.0124461	0.982897	0.985587
case_3	96.0	2287157	0.867815	2249245	0.85343	31826	0.0120757	0.983424	0.986048
case_3	97.0	2288070	0.873502	2245712	0.857332	30899	0.0117961	0.981487	0.986428
case_3	54.0	2419603	0.936344	2401802	0.929455	22019	0.00852097	0.992643	0.990916
case_3	97.0	2283840	0.87211	2240201	0.855446	30979	0.0118297	0.980892	0.98636
case_3	0.0	2550563	1.0	2550563	1.0	0	0.0	1.0	1.0
case_3	33.0	2461610	0.959973	2452929	0.956587	6763	0.00263742	0.996473	0.99725
case_3	96.0	2322915	0.893574	2279589	0.876908	33078	0.0127244	0.981348	0.985697
case_3	32.0	2458024	0.952342	2453434	0.950563	6590	0.00255324	0.998133	0.997321
case_3	54.0	2419603	0.936344	2401802	0.929455	22019	0.00852097	0.992643	0.990916
case_3	96.0	2250441	0.877008	2207039	0.860094	40347	0.0157234	0.980714	0.982047
case_3	55.0	2450694	0.943379	2431599	0.936028	20025	0.00770849	0.992208	0.991832
case_3	96.0	2290534	0.882158	2242786	0.863769	38774	0.0149331	0.979154	0.983005
case_3	97.0	2292025	0.888244	2240159	0.868144	38139	0.0147803	0.977371	0.98326
case_3	33.0	2465838	0.961371	2458440	0.958487	6683	0.00260554	0.997	0.997289
case_3	96.0	2321248	0.879728	2285000	0.86599	27459	0.0104067	0.984384	0.988126
case_3	96.0	2255672	0.865879	2217093	0.85107	32423	0.0124461	0.982897	0.985587
case_3	33.0	2465838	0.961371	2458440	0.958487	6683	0.00260554	0.997	0.997289
case_3	74.0	2370304	0.904508	2355600	0.898897	27358	0.0104398	0.993797	0.988519
case_3	96.0	2250441	0.877008	2207039	0.860094	40347	0.0157234	0.980714	0.982047
case_3	55.0	2455124	0.944841	2437109	0.937908	19945	0.00767572	0.992662	0.991883
case_3	54.0	2448673	0.936551	2433339	0.930686	19385	0.00741423	0.993738	0.992097
case_3	2.0	2572496	0.997631	2572410	0.997597	86	3.33514e-05	0.999967	0.999967
case_3	97.0	2288761	0.887209	2235617	0.866609	38175	0.0147981	0.97678	0.983211
case_3	32.0	2458024	0.952342	2453434	0.950563	6590	0.00255324	0.998133	0.997321
case_3	33.0	2505661	0.965428	2502066	0.964043	3823	0.001473	0.998565	0.998474
case_3	33.0	2501433	0.964048	2496555	0.962168	3903	0.00150421	0.99805	0.998439
case_4	45.0	2401176	0.945844	2394586	0.943248	9148	0.00360348	0.997256	0.996194
case_4	406.0	1601126	0.479247	1435123	0.42956	233223	0.0698081	0.896321	0.860207
case_4	407.0	1617749	0.481299	1450157	0.431439	236639	0.0704029	0.896404	0.859711
case_4	407.0	1616592	0.479971	1448563	0.430083	239086	0.0709854	0.89606	0.858332
case_4	407.0	1608534	0.47949	1439239	0.429025	243151	0.0724813	0.894752	0.855473
case_4	406.0	1629443	0.484405	1468077	0.436434	231895	0.0689384	0.900969	0.863589
case_4	37.0	2425580	0.953002	2420953	0.951184	6460	0.00253811	0.998092	0.997339
case_4	406.0	1638176	0.486154	1476654	0.43822	232659	0.0690452	0.901401	0.863887
case_4	407.0	1640736	0.485776	1470853	0.435478	239693	0.0709664	0.896459	0.859873
case_4	37.0	2433786	0.95146	2428727	0.949482	6708	0.00262241	0.997921	0.997246
case_4	407.0	1649282	0.487363	1480936	0.437616	231607	0.0684399	0.897928	0.864758
case_4	262.0	2938683	0.71413	2821576	0.685672	250187	0.060798	0.96015	0.918553
case_4	12.0	2493749	0.985374	2492686	0.984954	824	0.000325593	0.999574	0.99967
case_4	262.0	2913212	0.711899	2795833	0.683215	255586	0.0624573	0.959708	0.91624
case_4	407.0	1643348	0.484623	1474611	0.434862	234033	0.0690162	0.897321	0.86303
case_4	406.0	1610186	0.481115	1443905	0.431431	233987	0.0699141	0.896732	0.860547
case_4	407.0	1678948	0.508258	1527940	0.462544	241066	0.0729764	0.910058	0.863728
case_4	37.0	2430862	0.952499	2426487	0.950785	6384	0.00250148	0.9982	0.997376
case_4	407.0	1669350	0.507415	1515834	0.460752	245332	0.074571	0.908038	0.860699
case_4	46.0	2431208	0.947528	2420567	0.94338	8708	0.00339382	0.995623	0.996415
case_4	37.0	2428504	0.951959	2423193	0.949877	6784	0.00265929	0.997813	0.997208
case_4	32.0	4016458	0.960918	4010022	0.959378	9114	0.00218048	0.998398	0.997732
case_4	45.0	2407079	0.945985	2400165	0.943268	9529	0.00374491	0.997128	0.996046
case_4	407.0	1677753	0.508957	1526794	0.463163	236000	0.0715921	0.910023	0.866122
case_4	24.0	2520521	0.979839	2518213	0.978942	4652	0.00180844	0.999084	0.998156
case_4	46.0	2432183	0.95046	2421352	0.946227	9251	0.00361515	0.995547	0.996194
case_4	406.0	1658864	0.50544	1514555	0.461471	236973	0.0722035	0.913007	0.864705
case_4	406.0	1654000	0.50486	1506649	0.459883	236952	0.0723262	0.910912	0.864102
case_5	45.0	2178461	0.900932	2169344	0.897162	10367	0.00428741	0.995815	0.995244
case_5	304.0	1602983	0.626496	1443262	0.564072	150347	0.0587603	0.90036	0.905656
case_5	305.0	1755558	0.639193	1580927	0.57561	174926	0.06369	0.900527	0.900375
case_5	256.0	2010338	0.721756	1901403	0.682646	154604	0.0555063	0.945813	0.924804
case_5	102.0	2504615	0.872195	2476313	0.862339	49036	0.0170761	0.9887	0.980582
case_5	305.0	1695969	0.649919	1487804	0.570147	161974	0.0620707	0.877259	0.901821
case_5	45.0	2186582	0.906547	2176253	0.902264	9919	0.00411237	0.995276	0.995463
case_5	305.0	1738980	0.642489	1562948	0.577452	160976	0.0594747	0.898773	0.906622
case_5	304.0	1571973	0.635817	1397268	0.565154	148246	0.0599612	0.888863	0.90408
case_5	304.0	1621394	0.621371	1480108	0.567225	157324	0.0602917	0.912861	0.90392
case_5	45.0	2182889	0.895969	2167827	0.889787	9505	0.00390134	0.9931	0.995635
case_5	304.0	1624359	0.628865	1476519	0.571629	154470	0.0598025	0.908986	0.905291
case_5	45.0	2187796	0.913998	2179204	0.910409	10781	0.00450399	0.996073	0.995077
case_5	305.0	1737026	0.644348	1547195	0.57393	164575	0.0610489	0.890715	0.903857
case_5	305.0	1748944	0.641065	1570084	0.575505	169958	0.0622971	0.897733	0.902325
case_5	20.0	2854085	0.976638	2850910	0.975552	3176	0.00108679	0.998888	0.998887
case_5	304.0	1573324	0.630156	1429937	0.572726	151199	0.0605591	0.908864	0.904373
case_5	38.0	2416246	0.954738	2412507	0.95326	5707	0.00225502	0.998453	0.99764
case_5	305.0	1731008	0.646513	1535441	0.573471	160952	0.0601138	0.887021	0.905121
case_5	304.0	1607294	0.621098	1470426	0.568209	148516	0.0573903	0.914846	0.908264
case_5	8.0	2257500	0.981862	2257042	0.981663	458	0.000199199	0.999797	0.999797
case_5	304.0	1657632	0.629385	1514464	0.575025	160962	0.0611155	0.913631	0.903928
case_5	305.0	1744586	0.640223	1573402	0.577402	168230	0.0617366	0.901877	0.903407
case_5	102.0	2520113	0.871053	2490553	0.860836	51260	0.0177175	0.98827	0.979833
case_5	305.0	1691706	0.652873	1482892	0.572286	156878	0.0605433	0.876566	0.904329
case_5	304.0	1641721	0.628487	1503277	0.575488	152154	0.0582479	0.915671	0.908088
case_5	256.0	2029450	0.723022	1920592	0.68424	156271	0.0556739	0.946361	0.924756
case_5	256.0	2003811	0.727029	1895594	0.687765	143550	0.0520832	0.945994	0.929603
case_6	111.0	2293931	0.882308	2279308	0.876684	43106	0.0165797	0.993625	0.981439
case_6	16.0	2546327	0.982009	2544779	0.981412	2481	0.000956815	0.999392	0.999026
case_6	520.0	1515602	0.58694	1296673	0.502156	274754	0.106403	0.85555	0.825156
case_6	522.0	1516542	0.576701	1278958	0.486354	293962	0.111786	0.843338	0.813111
case_6	111.0	2310290	0.885192	2296816	0.880029	42460	0.0162686	0.994168	0.981849
case_6	521.0	1525119	0.583763	1294076	0.495328	282119	0.107985	0.848508	0.821013
case_6	520.0	1568570	0.595961	1335747	0.507503	293915	0.11167	0.85157	0.819647
case_6	521.0	1527173	0.582281	1303611	0.497041	286828	0.109362	0.853611	0.819655
case_6	111.0	2292457	0.881798	2276528	0.875671	43171	0.0166058	0.993052	0.981389
case_6	58.0	2411607	0.919322	2402940	0.916018	10707	0.00408158	0.996406	0.995564
case_6	16.0	2542253	0.980501	2540497	0.979824	2689	0.0010371	0.999309	0.998943
case_6	520.0	1574902	0.596062	1343936	0.508647	296364	0.112167	0.853346	0.819323
case_6	520.0	1516907	0.587407	1299273	0.50313	274858	0.106436	0.856528	0.825391
case_6	520.0	1523530	0.587693	1304011	0.503015	276826	0.106784	0.855914	0.824886
case_6	2.0	2578888	0.998486	2578678	0.998405	210	8.13072e-05	0.999919	0.999919
case_6	520.0	1569875	0.596419	1338347	0.508458	294019	0.111702	0.852518	0.819882
case_6	58.0	2463859	0.921746	2450140	0.916614	11982	0.00448255	0.994432	0.995133
case_6	521.0	1554315	0.586728	1314000	0.496013	303177	0.114444	0.845388	0.812527
case_6	46.0	2438796	0.926742	2434092	0.924954	10401	0.00395238	0.998071	0.995745
case_6	521.0	1501499	0.577648	1274487	0.490313	283098	0.108912	0.84881	0.818246
case_6	521.0	1526649	0.584311	1296836	0.496352	282063	0.107957	0.849466	0.821355
case_6	520.0	1553675	0.589889	1330290	0.505075	289756	0.110013	0.856222	0.821143
case_6	227.0	2004530	0.753035	1937433	0.727829	133471	0.0501406	0.966527	0.935549
case_6	520.0	1552250	0.591596	1325055	0.505007	286677	0.109259	0.853635	0.822131
case_6	227.0	1992297	0.75079	1926088	0.72584	118819	0.0447765	0.966768	0.941895
case_6	227.0	1939860	0.742631	1878494	0.719138	124037	0.0474847	0.968366	0.93806
case_6	520.0	1554450	0.592473	1323797	0.50456	286529	0.109209	0.851618	0.822068
case_6	521.0	1539046	0.582798	1306551	0.494758	299905	0.113567	0.848936	0.813313
case_7	166.0	2196825	0.836271	2075223	0.78998	54671	0.0208117	0.944646	0.974332
case_7	87.0	2350818	0.908882	2318981	0.896573	27560	0.0106554	0.986457	0.988255
case_7	60.0	2425026	0.927676	2413368	0.923216	29981	0.011469	0.995193	0.98773
case_7	108.0	2301773	0.877336	2272254	0.866084	39022	0.0148735	0.987176	0.983117
case_7	100.0	1801443	0.7663	1771445	0.753539	36861	0.01568	0.983348	0.979616
case_7	167.0	1685025	0.729323	1587131	0.686952	60007	0.0259726	0.941904	0.963569
case_7	167.0	2177996	0.834504	2061682	0.789938	59801	0.0229129	0.946596	0.971812
case_7	56.0	2486835	0.947179	2458157	0.936256	9187	0.00349912	0.988468	0.996277
case_7	87.0	2387310	0.911007	2337741	0.892092	25093	0.00957559	0.979236	0.98938
case_7	167.0	2220035	0.843043	2077119	0.788772	54579	0.020726	0.935624	0.974396
case_7	58.0	2435035	0.939108	2400036	0.92561	16547	0.0063816	0.985627	0.993153
case_7	87.0	2387143	0.91144	2360573	0.901295	17774	0.00678633	0.98887	0.992527
case_7	87.0	2336755	0.89976	2300365	0.885748	37593	0.0144751	0.984427	0.983921
case_7	166.0	1708232	0.733966	1600641	0.687738	53634	0.0230446	0.937016	0.967579
case_7	87.0	2395415	0.91781	2346045	0.898894	17445	0.0066841	0.97939	0.992619
case_7	167.0	1727952	0.740394	1603366	0.687012	53586	0.0229606	0.9279	0.96766
case_7	87.0	2370218	0.901332	2341072	0.890249	25903	0.00985024	0.987703	0.989056
case_7	166.0	2188457	0.829739	2064200	0.782628	67024	0.0254117	0.943222	0.968551
case_7	109.0	2327637	0.881952	2288842	0.867252	36029	0.0136515	0.983333	0.984503
case_7	108.0	2298547	0.872583	2258824	0.857503	48496	0.0184102	0.982718	0.978982
case_7	166.0	2196136	0.829661	2069939	0.781986	63461	0.0239744	0.942537	0.970254
case_7	109.0	2341544	0.890313	2286585	0.869417	32433	0.0123318	0.976529	0.986014
case_7	58.0	2431371	0.934392	2417241	0.928962	19983	0.0076796	0.994188	0.991801
case_7	109.0	2288694	0.87804	2249782	0.863112	42087	0.0161464	0.982998	0.981636
case_7	166.0	1712683	0.732545	1608080	0.687804	61642	0.0263654	0.938924	0.963082
case_7	167.0	1733713	0.739957	1626771	0.694313	54995	0.0234721	0.938316	0.967299
case_7	166.0	1696525	0.722695	1586973	0.676028	59128	0.0251877	0.935426	0.96408
case_7	167.0	2230537	0.844093	2103096	0.795866	58019	0.0219559	0.942865	0.973153
case_8	426.0	1666807	0.608997	1472749	0.538094	285413	0.104281	0.883575	0.837664
case_8	27.0	2739133	0.970468	2734699	0.968897	4668	0.00165386	0.998381	0.998296
case_8	196.0	2262441	0.787071	2190006	0.761871	108584	0.0377748	0.967984	0.952761
case_8	196.0	2242229	0.779233	2178376	0.757042	107935	0.0375102	0.971523	0.952791
case_8	196.0	2237171	0.781352	2172577	0.758792	105932	0.0369977	0.971127	0.953508
case_8	426.0	1677582	0.61086	1472737	0.536269	279775	0.101875	0.877893	0.840358
case_8	27.0	2740181	0.970922	2736811	0.969728	2399	0.000850033	0.99877	0.999124
case_8	426.0	1679257	0.604358	1487870	0.535479	285505	0.102752	0.886029	0.839005
case_8	72.0	2602997	0.920386	2584686	0.913911	28963	0.0102409	0.992965	0.988919
case_8	426.0	1676700	0.613729	1480511	0.541917	277686	0.101643	0.882991	0.842062
case_8	196.0	2260356	0.786279	2193171	0.762908	111042	0.0386267	0.970277	0.951809
case_8	196.0	2248932	0.793862	2181791	0.770161	110053	0.0388481	0.970145	0.951981
case_8	426.0	1680955	0.612752	1473980	0.537304	275140	0.100296	0.876871	0.842698
case_8	18.0	2753575	0.972689	2751144	0.97183	3185	0.00112509	0.999117	0.998844
case_8	42.0	2688092	0.937208	2682567	0.935282	8358	0.00291403	0.997945	0.996894
case_8	196.0	2232048	0.791058	2167329	0.768121	105875	0.037523	0.971005	0.953425
case_8	196.0	2247913	0.793434	2184761	0.771144	111471	0.0393453	0.971906	0.951455
case_8	73.0	2594261	0.922915	2572744	0.91526	26754	0.00951781	0.991706	0.989708
case_8	72.0	2604121	0.920862	2586956	0.914792	26625	0.00941506	0.993409	0.989813
case_8	6.0	2818817	0.99273	2817891	0.992403	2285	0.00080473	0.999671	0.99919
case_8	196.0	2239182	0.789591	2175540	0.767149	107228	0.0378112	0.971578	0.953027
case_8	427.0	1671959	0.613267	1463142	0.536674	266946	0.0979146	0.875106	0.845704
case_8	426.0	1679056	0.612005	1473558	0.537103	275387	0.100377	0.877611	0.842541
case_8	197.0	2232787	0.792913	2166185	0.769262	110297	0.039169	0.970171	0.951549
case_8	73.0	2591956	0.917435	2573975	0.911071	28269	0.0100059	0.993063	0.989137
case_8	72.0	2605193	0.916614	2590426	0.911418	28671	0.0100876	0.994332	0.989053
case_8	197.0	2240991	0.784239	2171216	0.759821	108379	0.0379275	0.968864	0.952457
case_8	72.0	2603149	0.915817	2588000	0.910487	30478	0.0107225	0.994181	0.98836
case_9	24.0	2475807	0.907919	2472131	0.906571	2814	0.00103194	0.998515	0.998863
case_9	125.0	2153228	0.845308	2118140	0.831533	58449	0.0229457	0.983704	0.973147
case_9	193.0	2032168	0.789836	1957222	0.760707	88096	0.03424	0.96312	0.956928
case_9	104.0	2269498	0.830362	2240622	0.819797	47445	0.0173591	0.987276	0.979264
case_9	125.0	2100374	0.830404	2060538	0.814654	58911	0.0232911	0.981034	0.972205
case_9	24.0	2487695	0.910067	2484129	0.908763	2704	0.000989198	0.998567	0.998913
case_9	0.0	2570086	1.0	2570086	1.0	0	0.0	1.0	1.0
case_9	193.0	2068314	0.798321	1985241	0.766257	97878	0.0377786	0.959835	0.953014
case_9	24.0	2487695	0.910067	2484129	0.908763	2704	0.000989198	0.998567	0.998913
case_9	193.0	2068314	0.798321	1985241	0.766257	97878	0.0377786	0.959835	0.953014
case_9	193.0	2022179	0.787983	1944091	0.757554	86994	0.033899	0.961384	0.957169
case_9	193.0	2039569	0.745364	1956372	0.714959	90726	0.033156	0.959209	0.955681
case_9	104.0	2264292	0.883427	2236080	0.87242	49119	0.0191641	0.98754	0.978506
case_9	4.0	2551396	0.995293	2551284	0.99525	112	4.36909e-05	0.999956	0.999956
case_9	104.0	2277170	0.886161	2251757	0.876272	49033	0.0190812	0.98884	0.978689
case_9	193.0	2057804	0.796301	1971218	0.762795	96768	0.037446	0.957923	0.953207
case_9	194.0	1960678	0.776036	1867882	0.739308	98619	0.0390334	0.952671	0.949851
case_9	193.0	2032168	0.789836	1957222	0.760707	88096	0.03424	0.96312	0.956928
case_9	116.0	2242752	0.864712	2224124	0.85753	44614	0.0172013	0.991694	0.980335
case_9	194.0	1964544	0.730322	1867670	0.694309	99220	0.0368852	0.950689	0.949555
case_9	4.0	2551396	0.995293	2551284	0.99525	112	4.36909e-05	0.999956	0.999956
case_9	193.0	2079405	0.754975	1987341	0.721549	97202	0.0352914	0.955726	0.95337
case_9	104.0	2277170	0.886161	2251757	0.876272	49033	0.0190812	0.98884	0.978689
case_9	194.0	1949156	0.773504	1854012	0.735747	97627	0.0387423	0.951187	0.949977
case_9	194.0	1952975	0.773105	1861038	0.736711	101221	0.0400694	0.952925	0.948416
case_9	193.0	2030214	0.789195	1950958	0.758386	95491	0.0371197	0.960962	0.953338
case_9	194.0	1960678	0.776036	1867882	0.739308	98619	0.0390334	0.952671	0.949851
case_9	193.0	2060859	0.795562	1972902	0.761608	102779	0.0396762	0.95732	0.950484
