case_10	754.0	994827	0.36424	734697	0.268997	286804	0.105009	0.738517	0.719233
case_10	81.0	3096285	0.899481	3076714	0.893796	25853	0.00751038	0.993679	0.991667
case_10	755.0	990215	0.362024	714706	0.261297	311378	0.11384	0.721769	0.696538
case_10	755.0	997033	0.364348	722951	0.26419	309385	0.113059	0.725102	0.700306
case_10	755.0	993903	0.362287	721061	0.262834	298600	0.108843	0.725484	0.707158
case_10	755.0	990215	0.362024	714706	0.261297	311378	0.11384	0.721769	0.696538
case_10	35.0	1956001	0.960541	1952187	0.958669	2651	0.00130184	0.99805	0.998644
case_10	755.0	993903	0.362287	721061	0.262834	298600	0.108843	0.725484	0.707158
case_10	754.0	986845	0.361485	725026	0.265579	289113	0.105903	0.734691	0.714918
case_10	35.0	1968414	0.966037	1965227	0.964473	1828	0.000897126	0.998381	0.999071
case_10	756.0	995930	0.361254	728695	0.26432	296816	0.107664	0.731673	0.710568
case_10	755.0	985556	0.359242	732113	0.26686	286782	0.104534	0.742843	0.718536
case_10	2.0	3447118	0.995512	3446342	0.995288	776	0.000224105	0.999775	0.999775
case_10	81.0	3121205	0.904568	3100486	0.898563	23522	0.006817	0.993362	0.992471
case_10	755.0	1000210	0.364587	728291	0.265469	302658	0.110322	0.728138	0.706428
case_10	755.0	1000950	0.364688	729247	0.265695	296409	0.107994	0.728555	0.711005
case_10	0.0	2022898	1.0	2022898	1.0	0	0.0	1.0	1.0
case_10	756.0	992197	0.360973	722613	0.262895	310956	0.113129	0.728296	0.699143
case_10	20.0	1986198	0.981244	1985183	0.980743	1210	0.000597778	0.999489	0.999391
case_10	755.0	992755	0.362036	720107	0.262607	304849	0.111172	0.725362	0.702574
case_10	35.0	1956001	0.960541	1952187	0.958669	2651	0.00130184	0.99805	0.998644
case_10	754.0	986845	0.361485	725026	0.265579	289113	0.105903	0.734691	0.714918
case_10	20.0	1986198	0.981244	1985183	0.980743	1210	0.000597778	0.999489	0.999391
case_10	42.0	3250693	0.940666	3242280	0.938232	10850	0.00313971	0.997412	0.996665
case_10	756.0	995190	0.361152	727739	0.264095	303065	0.109982	0.731256	0.705992
case_10	42.0	3246013	0.939657	3236597	0.936931	11276	0.00326418	0.997099	0.996528
case_10	755.0	992755	0.362036	720107	0.262607	304849	0.111172	0.725362	0.702574
case_10	81.0	3113270	0.9026	3091989	0.89643	23823	0.00690677	0.993164	0.992354
case_11	34.0	2290210	0.960114	2285765	0.958251	7575	0.00317563	0.998059	0.996697
case_11	179.0	1925952	0.784552	1856657	0.756325	101505	0.0413489	0.96402	0.948163
case_11	50.0	2252196	0.946369	2230455	0.937233	15877	0.00667149	0.990347	0.992932
case_11	50.0	2250407	0.946876	2229418	0.938045	18468	0.00777056	0.990673	0.991784
case_11	49.0	2251187	0.931531	2234540	0.924642	11958	0.00494817	0.992605	0.994677
case_11	6.0	2398795	0.988977	2397581	0.988477	1214	0.000500509	0.999494	0.999494
case_11	49.0	2249896	0.930259	2232164	0.922928	13002	0.00537591	0.992119	0.994209
case_11	179.0	1904560	0.774097	1842900	0.749036	98678	0.0401071	0.967625	0.949176
case_11	49.0	2228421	0.930747	2210933	0.923442	14324	0.00598272	0.992152	0.993563
case_11	178.0	1929609	0.774426	1865543	0.748713	100608	0.0403778	0.966798	0.94883
case_11	34.0	2292015	0.965703	2287892	0.963966	11224	0.00472905	0.998201	0.995118
case_11	41.0	2252897	0.942248	2240417	0.937028	8403	0.00351446	0.99446	0.996263
case_11	49.0	2224890	0.928045	2209263	0.921526	12296	0.0051289	0.992976	0.994465
case_11	45.0	2262627	0.936781	2253422	0.93297	10261	0.0042483	0.995932	0.995467
case_11	44.0	2256497	0.928366	2242790	0.922726	11147	0.00458609	0.993926	0.995054
case_11	41.0	2295047	0.953106	2283111	0.948149	15711	0.0065246	0.994799	0.993166
case_11	49.0	2248635	0.928523	2230290	0.920947	11140	0.00460001	0.991842	0.99503
case_11	44.0	2285589	0.932943	2274431	0.928388	11077	0.00452146	0.995118	0.995153
case_11	49.0	2254718	0.934216	2236210	0.926547	13986	0.00579493	0.991791	0.993785
case_11	41.0	2268148	0.949529	2254227	0.943702	15824	0.0066245	0.993862	0.993029
case_11	45.0	2284076	0.946553	2270994	0.941131	13936	0.00577527	0.994273	0.993901
case_11	178.0	1905064	0.77053	1841821	0.744951	100878	0.0408015	0.966803	0.948073
case_11	50.0	2233487	0.938859	2218790	0.932681	10638	0.00447174	0.99342	0.995228
case_11	179.0	1914750	0.779267	1850591	0.753156	93050	0.0378696	0.966492	0.952126
case_11	178.0	1927052	0.771825	1858778	0.74448	101962	0.0408379	0.964571	0.947998
case_11	41.0	2279194	0.94563	2269133	0.941455	8065	0.00334614	0.995586	0.996458
case_11	179.0	1914492	0.777134	1849141	0.750607	94762	0.038466	0.965865	0.951252
case_11	50.0	2232196	0.937069	2215537	0.930076	8391	0.00352252	0.992537	0.996227
case_12	76.0	2028012	0.899373	2009502	0.891165	9443	0.00418774	0.990873	0.995323
case_12	660.0	1093753	0.462124	836557	0.353455	309635	0.130824	0.76485	0.729858
case_12	660.0	1135997	0.477247	881034	0.370134	322954	0.135677	0.77556	0.731763
case_12	659.0	1142081	0.484476	863878	0.366461	315132	0.133681	0.756407	0.732715
case_12	32.0	2196308	0.966035	2194481	0.965231	2693	0.0011845	0.999168	0.998774
case_12	50.0	2096472	0.926087	2087899	0.9223	3523	0.00155624	0.995911	0.998316
case_12	659.0	1098778	0.467362	825075	0.350944	309860	0.131798	0.750902	0.72698
case_12	50.0	2087081	0.926848	2077352	0.922527	4746	0.00210764	0.995338	0.997721
case_12	660.0	1080015	0.457907	829867	0.351849	307894	0.130542	0.768385	0.729386
case_12	76.0	2118533	0.931944	2103577	0.925365	8428	0.00370748	0.99294	0.996009
case_12	660.0	1143407	0.481183	877506	0.369283	318993	0.134243	0.767449	0.733395
case_12	6.0	2234596	0.995156	2234326	0.995036	270	0.000120242	0.999879	0.999879
case_12	660.0	1148143	0.480692	884897	0.370479	323439	0.135414	0.77072	0.732327
case_12	660.0	1083781	0.458843	831335	0.351964	306290	0.129675	0.767069	0.730764
case_12	195.0	1936695	0.785953	1899236	0.770752	67815	0.0275208	0.980658	0.965525
case_12	76.0	2098671	0.928103	2086025	0.92251	7866	0.00347861	0.993974	0.996243
case_12	660.0	1097519	0.46305	838027	0.353569	308031	0.12996	0.763565	0.731226
case_12	659.0	1096492	0.467065	823995	0.350992	312371	0.133059	0.751483	0.725114
case_12	76.0	2026700	0.900149	2007784	0.891747	11636	0.00516807	0.990667	0.994238
case_12	660.0	1135031	0.479314	874453	0.369274	320346	0.135279	0.770422	0.731883
case_12	659.0	1143007	0.482415	875093	0.36934	322463	0.136098	0.765606	0.730732
case_12	16.0	2421952	0.975291	2420505	0.974708	3799	0.00152981	0.999403	0.998433
case_12	50.0	2092407	0.927812	2082303	0.923332	4553	0.00201888	0.995171	0.997818
case_12	50.0	2101230	0.926797	2092850	0.923101	3330	0.00146877	0.996012	0.998411
case_12	195.0	1947462	0.787699	1912595	0.773596	70208	0.0283974	0.982096	0.964592
case_12	659.0	1137323	0.482517	864411	0.366732	314146	0.133279	0.76004	0.733449
case_12	660.0	1129885	0.477083	866732	0.365969	318893	0.134649	0.767098	0.731034
case_12	660.0	1141939	0.480507	870502	0.366291	319380	0.134389	0.762302	0.731587
case_13	14.0	3599261	0.981659	3596351	0.980865	2902	0.000791489	0.999192	0.999194
case_13	93.0	3269067	0.865522	3234682	0.856418	31604	0.00836751	0.989482	0.990324
case_13	1412.0	736283	0.228166	253745	0.0786327	262361	0.0813027	0.34463	0.491653
case_13	88.0	2401885	0.886686	2388487	0.88174	36192	0.0133607	0.994422	0.985073
case_13	46.0	3455916	0.913704	3448243	0.911675	13879	0.00366944	0.99778	0.995991
case_13	1412.0	783735	0.246285	267273	0.0839894	270714	0.0850707	0.341025	0.496802
case_13	470.0	1628631	0.593553	1522773	0.554973	224966	0.0819886	0.935002	0.871282
case_13	1412.0	782952	0.245291	283179	0.0887172	283679	0.0888738	0.361681	0.499559
case_13	1412.0	789015	0.248052	272668	0.0857218	280090	0.0880552	0.34558	0.493286
case_13	1413.0	840276	0.2553	340691	0.103512	326607	0.0992326	0.405451	0.510553
case_13	1413.0	782011	0.234411	301661	0.0904241	310742	0.0931461	0.38575	0.492586
case_13	6.0	3632983	0.990484	3632578	0.990373	1511	0.000411954	0.999889	0.999584
case_13	1412.0	790751	0.247535	290500	0.0909377	286569	0.0897071	0.367372	0.503406
case_13	1412.0	787534	0.246833	286483	0.0897911	293540	0.0920029	0.363772	0.493917
case_13	46.0	3475627	0.917958	3465336	0.91524	12389	0.00327209	0.997039	0.996438
case_13	93.0	3491425	0.896894	3465443	0.890219	25766	0.00661889	0.992558	0.99262
case_13	1412.0	837949	0.253878	335167	0.101547	314938	0.0954185	0.399985	0.515558
case_13	1412.0	745733	0.23091	259696	0.0804129	264583	0.0819261	0.348243	0.495339
case_13	93.0	3257751	0.863112	3220802	0.853323	30536	0.00809024	0.988658	0.990608
case_13	1413.0	840304	0.254558	349137	0.105766	338727	0.102612	0.415489	0.507567
case_13	470.0	1648936	0.598835	1546062	0.561475	213118	0.0773969	0.937612	0.878854
case_13	14.0	3582451	0.977759	3579752	0.977022	1824	0.000497824	0.999247	0.999491
case_13	1412.0	790496	0.24821	274594	0.0862204	273604	0.0859096	0.347369	0.500903
case_13	1412.0	743669	0.230553	258055	0.0800025	270984	0.0840107	0.347002	0.487781
case_13	93.0	3258439	0.86361	3221745	0.853884	33437	0.00886207	0.988739	0.989728
case_13	46.0	3461605	0.914874	3452575	0.912488	11251	0.00297355	0.997391	0.996752
case_13	1412.0	839932	0.253733	346328	0.104621	324503	0.0980282	0.412329	0.516267
case_13	1412.0	792172	0.236799	304208	0.0909349	294407	0.0880051	0.384018	0.508186
case_14	38.0	2667956	0.936552	2659683	0.933648	5621	0.00197318	0.996899	0.997891
case_14	300.0	1739619	0.660971	1557674	0.591841	202941	0.0771078	0.895411	0.884733
case_14	300.0	1767306	0.667926	1598435	0.604104	191328	0.0723094	0.904447	0.893099
case_14	37.0	2667731	0.962264	2662479	0.96037	5663	0.00204267	0.998031	0.997878
case_14	300.0	1740506	0.660413	1560122	0.591968	203724	0.0773004	0.896361	0.8845
case_14	2.0	2495566	0.997081	2495317	0.996982	249	9.94857e-05	0.9999	0.9999
case_14	75.0	2517035	0.911352	2504590	0.906846	23999	0.00868941	0.995056	0.990509
case_14	299.0	1749316	0.664425	1582142	0.600929	190171	0.0722307	0.904435	0.892699
case_14	7.0	2733588	0.964036	2733218	0.963906	370	0.000130485	0.999865	0.999865
case_14	108.0	2246252	0.892087	2218543	0.881082	51620	0.0205006	0.987664	0.977262
case_14	108.0	2243872	0.892407	2216410	0.881485	51373	0.0204315	0.987761	0.977347
case_14	76.0	2532977	0.912783	2520731	0.90837	26427	0.00952323	0.995165	0.989625
case_14	300.0	1745983	0.64532	1578645	0.583471	191371	0.0707312	0.904158	0.891882
case_14	299.0	1747822	0.664759	1578881	0.600505	189388	0.072031	0.903342	0.892896
case_14	299.0	1749316	0.664425	1582142	0.600929	190171	0.0722307	0.904435	0.892699
case_14	76.0	2513644	0.885641	2498249	0.880216	23956	0.0084405	0.993875	0.990502
case_14	7.0	2733588	0.964036	2733218	0.963906	370	0.000130485	0.999865	0.999865
case_14	299.0	1757003	0.664434	1596349	0.603681	192951	0.072967	0.908564	0.892164
case_14	37.0	2667731	0.962264	2662479	0.96037	5663	0.00204267	0.998031	0.997878
case_14	299.0	1747822	0.664759	1578881	0.600505	189388	0.072031	0.903342	0.892896
case_14	75.0	2517035	0.911352	2504590	0.906846	23999	0.00868941	0.995056	0.990509
case_14	300.0	1764290	0.667687	1594293	0.603352	190256	0.0720014	0.903646	0.893387
case_14	300.0	1747644	0.645082	1581906	0.583906	192154	0.070927	0.905165	0.891687
case_14	299.0	1757003	0.664434	1596349	0.603681	192951	0.072967	0.908564	0.892164
case_14	0.0	2759212	1.0	2759212	1.0	0	0.0	1.0	1.0
case_14	300.0	1755380	0.645191	1596113	0.586652	194934	0.0716481	0.909269	0.891162
case_14	300.0	1765494	0.666975	1578699	0.596407	210540	0.0795386	0.894197	0.88233
case_14	300.0	1775745	0.668202	1608970	0.605446	197115	0.0741732	0.906082	0.890861
case_15	59.0	2047608	0.928999	2034160	0.922897	19630	0.00890612	0.993432	0.990442
case_15	46.0	2027620	0.952552	2022196	0.950004	7472	0.00351026	0.997325	0.996319
case_15	4.0	2102428	0.995178	2102225	0.995081	203	9.60894e-05	0.999903	0.999903
case_15	157.0	1423843	0.650163	1392761	0.63597	52227	0.0238482	0.97817	0.963856
case_15	157.0	1420361	0.648873	1390600	0.635277	50425	0.023036	0.979047	0.965008
case_15	8.0	2203673	0.987528	2202904	0.987183	769	0.00034461	0.999651	0.999651
case_15	20.0	2066074	0.97044	2064038	0.969484	2036	0.000956314	0.999015	0.999015
case_15	157.0	1432894	0.655326	1401689	0.641055	51159	0.0233973	0.978222	0.964787
case_15	46.0	2018332	0.940943	2012686	0.938311	8407	0.00391933	0.997203	0.99584
case_15	156.0	1431621	0.668004	1394182	0.650535	52444	0.0244707	0.973849	0.963747
case_15	46.0	2024562	0.952029	2019589	0.94969	7753	0.00364577	0.997544	0.996176
case_15	156.0	1436946	0.664772	1403927	0.649496	53458	0.0247312	0.977021	0.963319
case_15	157.0	1423926	0.655104	1388199	0.638667	50663	0.0233085	0.97491	0.96479
case_15	157.0	1436376	0.656614	1403850	0.641746	52961	0.0242102	0.977356	0.963646
case_15	157.0	1416394	0.652556	1382508	0.636944	48849	0.0225055	0.976076	0.965872
case_15	20.0	2067784	0.970313	2065837	0.969399	1947	0.000913635	0.999058	0.999058
case_15	156.0	1435672	0.669257	1397029	0.651243	52120	0.0242964	0.973084	0.964034
case_15	156.0	1398905	0.658713	1361491	0.641095	48431	0.0228051	0.973255	0.96565
case_15	59.0	2024726	0.926789	2009560	0.919847	18701	0.00856011	0.99251	0.99078
case_15	157.0	1419876	0.653855	1384669	0.637642	50651	0.0233249	0.975204	0.964711
case_15	157.0	1420444	0.653807	1386038	0.63797	48861	0.0224899	0.975778	0.965948
case_15	156.0	1411317	0.659587	1376062	0.643111	50944	0.023809	0.97502	0.9643
case_15	156.0	1447348	0.670338	1413202	0.654523	54515	0.0252486	0.976408	0.962857
case_15	156.0	1402956	0.659986	1364338	0.641819	48107	0.0226307	0.972474	0.965941
case_15	59.0	2013780	0.922207	1999347	0.915597	17882	0.00818903	0.992833	0.991135
case_15	156.0	1403465	0.655173	1369835	0.639474	49727	0.0232138	0.976038	0.96497
case_15	59.0	2038068	0.925095	2026462	0.919827	18505	0.00839957	0.994305	0.990951
case_15	36.0	2060965	0.955809	2055762	0.953396	11194	0.00519142	0.997475	0.994584
case_16	1053.0	928406	0.349052	611055	0.229738	355400	0.13362	0.658176	0.632264
case_16	1053.0	937536	0.344121	629293	0.230981	381539	0.140043	0.67122	0.62255
case_16	1053.0	939405	0.344988	633519	0.232654	374198	0.137421	0.674383	0.628668
case_16	208.0	2309397	0.770935	2228947	0.744078	80388	0.0268355	0.965164	0.96519
case_16	1053.0	913817	0.343511	612323	0.230177	369646	0.138953	0.670072	0.623567
case_16	1053.0	924828	0.337999	623627	0.227918	364446	0.133195	0.674317	0.631155
case_16	1053.0	937879	0.342466	627270	0.229047	369506	0.134925	0.668818	0.629299
case_16	24.0	2329874	0.970621	2327031	0.969436	3718	0.00154891	0.99878	0.998405
case_16	1053.0	927890	0.350726	609194	0.230265	361740	0.136731	0.656537	0.627431
case_16	1053.0	934106	0.3417	626289	0.229099	374960	0.137162	0.670469	0.625508
case_16	38.0	2929520	0.952877	2924376	0.951204	8383	0.00272671	0.998244	0.997142
case_16	64.0	2207590	0.926657	2193025	0.920543	12524	0.00525707	0.993402	0.994322
case_16	52.0	2248339	0.942214	2241760	0.939457	8068	0.00338107	0.997074	0.996414
case_16	1053.0	911846	0.34158	610985	0.228877	361704	0.135495	0.670053	0.62814
case_16	64.0	2222108	0.936393	2211352	0.931861	8760	0.00369145	0.99516	0.996054
case_16	1053.0	926115	0.348834	610675	0.230019	359607	0.135451	0.659394	0.629379
case_16	1053.0	914885	0.342091	611662	0.228711	356626	0.133348	0.668567	0.631694
case_16	1053.0	929055	0.338937	624705	0.227904	358992	0.130967	0.672409	0.635058
case_16	208.0	2277334	0.777542	2207866	0.753824	82375	0.028125	0.969496	0.964032
case_16	152.0	2489909	0.827844	2457428	0.817045	54492	0.0181175	0.986955	0.978307
case_16	1053.0	930319	0.341161	626984	0.229924	370600	0.135904	0.673945	0.628502
case_16	208.0	2311863	0.772398	2222949	0.742691	89080	0.0297618	0.96154	0.961471
case_16	152.0	2496402	0.829319	2463684	0.81845	50353	0.0167275	0.986894	0.979971
case_16	1053.0	922163	0.347159	617436	0.232441	374866	0.141123	0.669552	0.622226
case_16	64.0	2212692	0.926892	2200862	0.921936	7691	0.00322174	0.994654	0.996518
case_16	1053.0	946648	0.347965	634089	0.233076	387992	0.142617	0.669826	0.62039
case_16	52.0	2267394	0.948252	2261650	0.94585	4200	0.00175649	0.997467	0.998146
case_16	1053.0	936393	0.354465	618136	0.233991	370295	0.140172	0.660125	0.625371
case_17	568.0	1399106	0.534113	1169751	0.446556	282975	0.108027	0.83607	0.805211
case_17	567.0	1400802	0.535603	1174491	0.449072	272581	0.104223	0.838442	0.811633
case_17	144.0	2198157	0.82432	2162344	0.81089	39310	0.0147415	0.983708	0.982145
case_17	568.0	1417046	0.538405	1182639	0.449342	281722	0.10704	0.834581	0.807614
case_17	568.0	1477831	0.552761	1226779	0.458858	312808	0.117001	0.830121	0.796823
case_17	256.0	2015120	0.758279	1944866	0.731843	117024	0.0440355	0.965137	0.943244
case_17	568.0	1482605	0.555517	1244663	0.466362	307773	0.115319	0.839511	0.801748
case_17	567.0	1511297	0.556604	1255317	0.462328	303866	0.111912	0.830622	0.805112
case_17	568.0	1497564	0.557547	1231061	0.458327	305064	0.113576	0.822042	0.801407
case_17	143.0	2223123	0.820857	2183423	0.806198	43996	0.0162449	0.982142	0.980248
case_17	206.0	1997844	0.767387	1954664	0.750801	98047	0.0376606	0.978387	0.952235
case_17	568.0	1493353	0.562416	1237858	0.466194	320242	0.120607	0.828912	0.794466
case_17	105.0	2374522	0.870874	2353353	0.86311	23836	0.00874203	0.991085	0.989973
case_17	144.0	2217790	0.82782	2174426	0.811634	48503	0.0181044	0.980447	0.978181
case_17	44.0	2552775	0.937666	2547540	0.935743	7364	0.00270489	0.997949	0.997118
case_17	568.0	1387423	0.53338	1156414	0.444571	289265	0.111205	0.833498	0.799911
case_17	256.0	1909026	0.731959	1834617	0.703429	104711	0.0401483	0.961023	0.946007
case_17	567.0	1477379	0.553445	1227269	0.45975	295955	0.110868	0.830707	0.805705
case_17	567.0	1425553	0.535689	1199884	0.450888	284746	0.107001	0.841697	0.808204
case_17	143.0	2192497	0.82347	2157738	0.810415	46227	0.0173622	0.984146	0.979026
case_17	568.0	1476719	0.557132	1243731	0.469231	313326	0.118211	0.842226	0.79877
case_17	105.0	2347523	0.875676	2327077	0.86805	30594	0.0114122	0.99129	0.987024
case_17	49.0	2547540	0.945897	2537490	0.942165	11957	0.00443961	0.996055	0.99531
case_17	567.0	1506156	0.555666	1280028	0.472241	305535	0.112721	0.849864	0.807302
case_17	106.0	2367571	0.877732	2349325	0.870968	27126	0.0100564	0.992293	0.988585
case_17	49.0	2570644	0.93852	2563458	0.935897	8929	0.0032599	0.997205	0.996529
case_17	567.0	1474808	0.55345	1249031	0.468722	294945	0.110684	0.846911	0.80897
case_17	568.0	1493297	0.556926	1255659	0.468299	301959	0.112616	0.840864	0.806141
case_18	149.0	2122019	0.828131	2093261	0.816908	49164	0.0191866	0.986448	0.977052
case_18	490.0	1074675	0.486013	837996	0.378977	243666	0.110196	0.779767	0.77473
case_18	464.0	1493792	0.583042	1358082	0.530073	280480	0.109474	0.909151	0.828826
case_18	490.0	1101259	0.491785	848057	0.378713	259055	0.115685	0.77008	0.766008
case_18	8.0	2512609	0.98824	2509115	0.986866	4509	0.00177344	0.998609	0.998206
case_18	489.0	1099930	0.497514	872067	0.394448	249683	0.112935	0.792839	0.777417
case_18	465.0	1505356	0.595582	1366362	0.54059	263781	0.104363	0.907667	0.838185
case_18	490.0	1091682	0.489886	853207	0.382872	247769	0.111185	0.781553	0.774955
case_18	489.0	1072702	0.479334	838640	0.374744	249769	0.111609	0.781801	0.770519
case_18	72.0	2306922	0.912587	2293508	0.90728	16220	0.00641641	0.994185	0.992978
case_18	14.0	1860691	0.980789	1860067	0.980461	623	0.00032839	0.999665	0.999665
case_18	465.0	1489171	0.587358	1340442	0.528697	271001	0.106888	0.900126	0.831827
case_18	489.0	1076996	0.479016	847752	0.377055	256901	0.114262	0.787145	0.767437
case_18	34.0	1843525	0.960942	1841700	0.959991	4386	0.00228621	0.99901	0.997624
case_18	490.0	1093234	0.493822	844097	0.381285	258230	0.116644	0.77211	0.765741
case_18	489.0	1106815	0.495847	887275	0.397494	255257	0.114354	0.801647	0.776587
case_18	490.0	1080472	0.486337	849345	0.382303	250935	0.11295	0.786087	0.771935
case_18	490.0	1087460	0.493543	833055	0.378081	249976	0.113451	0.766056	0.769189
case_18	490.0	1085885	0.48958	841858	0.379559	240500	0.108431	0.775274	0.7778
case_18	149.0	2140890	0.838057	2111529	0.826563	42081	0.0164727	0.986286	0.98046
case_18	465.0	1488632	0.585579	1344663	0.528946	272339	0.107129	0.903288	0.831578
case_18	489.0	1107920	0.498771	885941	0.398839	250513	0.112778	0.799643	0.779566
case_18	72.0	2320951	0.915679	2309542	0.911178	12399	0.00489175	0.995084	0.99466
case_18	149.0	2129174	0.828729	2100722	0.817655	45637	0.0177631	0.986637	0.978737
case_18	490.0	1096714	0.492973	840885	0.377978	267937	0.120438	0.766731	0.758359
case_18	34.0	1818452	0.953063	1816362	0.951968	4063	0.00212945	0.998851	0.997768
case_18	489.0	1081559	0.478731	842570	0.372947	269389	0.11924	0.779033	0.757735
case_18	490.0	1089452	0.487991	844332	0.378196	261631	0.117191	0.775006	0.763436
case_19	128.0	2242045	0.82937	2199197	0.81352	61020	0.0225723	0.980889	0.973003
case_19	121.0	2277722	0.84177	2244338	0.829433	46105	0.0170389	0.985343	0.979871
case_19	127.0	2321213	0.869946	2267529	0.849826	67960	0.0254701	0.976872	0.970901
case_19	50.0	2509606	0.951372	2498444	0.947141	18233	0.00691199	0.995552	0.992755
case_19	134.0	2174531	0.839553	2122848	0.819599	46238	0.0178518	0.976233	0.978683
case_19	127.0	2308442	0.86814	2251977	0.846905	71602	0.0269275	0.97554	0.969185
case_19	121.0	2273128	0.839912	2240324	0.827791	50342	0.0186012	0.985569	0.978023
case_19	135.0	2113098	0.80097	2049169	0.776738	55486	0.021032	0.969746	0.973637
case_19	135.0	2111705	0.801447	2049064	0.777673	54354	0.0206287	0.970336	0.974159
case_19	121.0	2267706	0.840916	2233191	0.828117	49494	0.0183535	0.98478	0.978318
case_19	135.0	2164782	0.836616	2105717	0.81379	70384	0.0272011	0.972715	0.967656
case_19	50.0	2514440	0.949905	2509331	0.947975	15208	0.00574528	0.997968	0.993976
case_19	121.0	2256090	0.838133	2221232	0.825183	55716	0.0206984	0.984549	0.97553
case_19	128.0	2243182	0.82683	2203646	0.812257	61887	0.0228114	0.982375	0.972683
case_19	121.0	2257561	0.83765	2222187	0.824525	55773	0.0206941	0.984331	0.975516
case_19	6.0	2742302	0.992286	2741876	0.992132	426	0.000154146	0.999845	0.999845
case_19	24.0	2593534	0.974417	2592108	0.973881	2784	0.00104598	0.99945	0.998927
case_19	128.0	2245901	0.826825	2205953	0.812118	61951	0.0228072	0.982213	0.972684
case_19	135.0	2108298	0.803104	2047491	0.779941	53354	0.0203239	0.971158	0.974604
case_19	121.0	2272153	0.838527	2238904	0.826257	51666	0.0190671	0.985367	0.977444
case_19	134.0	2169635	0.840637	2116935	0.820218	49075	0.0190144	0.97571	0.977343
case_19	121.0	2283814	0.841013	2250768	0.828844	46618	0.0171671	0.98553	0.979708
case_19	121.0	2283929	0.840033	2250115	0.827596	47942	0.0176331	0.985195	0.979138
case_19	18.0	2682643	0.975282	2680555	0.974523	1804	0.000655849	0.999222	0.999327
case_19	134.0	2160477	0.841845	2107538	0.821217	49404	0.0192506	0.975497	0.977095
case_19	121.0	2253154	0.840063	2217575	0.826797	53916	0.020102	0.984209	0.976264
case_19	18.0	2684404	0.97475	2682297	0.973985	2107	0.000765086	0.999215	0.999215
case_19	127.0	2294835	0.867782	2238201	0.846366	69420	0.0262509	0.975321	0.969917
case_1	578.0	1547749	0.550145	1283798	0.456324	338776	0.120417	0.829461	0.791211
case_1	100.0	2612197	0.888683	2579192	0.877455	37631	0.0128023	0.987365	0.98562
case_1	100.0	2602303	0.886804	2569100	0.875489	37026	0.0126176	0.987241	0.985793
case_1	578.0	1550679	0.55112	1285839	0.456994	338752	0.120394	0.82921	0.791485
case_1	578.0	1569254	0.550662	1295413	0.45457	351552	0.123362	0.825496	0.786546
case_1	75.0	2698746	0.914397	2687199	0.910485	23462	0.00794947	0.995721	0.991345
case_1	99.0	2501935	0.867508	2461582	0.853516	39920	0.0138416	0.983871	0.984042
case_1	100.0	2438347	0.859891	2395188	0.84467	33413	0.0117832	0.9823	0.986242
case_1	16.0	2932247	0.975533	2929816	0.974724	2549	0.00084803	0.999171	0.999131
case_1	577.0	1566420	0.547365	1292091	0.451504	343681	0.120095	0.824869	0.789897
case_1	577.0	1558839	0.543513	1286811	0.448666	353527	0.123262	0.825493	0.784479
case_1	86.0	2528824	0.880492	2516425	0.876175	37164	0.0129399	0.995097	0.985446
case_1	577.0	1567678	0.547739	1291631	0.45129	344297	0.120296	0.823913	0.78954
case_1	75.0	2678548	0.905714	2666541	0.901654	24185	0.00817783	0.995517	0.991012
case_1	4.0	2718264	0.997879	2717590	0.997631	674	0.000247426	0.999752	0.999752
case_1	75.0	2671976	0.905	2658011	0.90027	23417	0.00793135	0.994774	0.991267
case_1	4.0	2885494	0.995662	2885264	0.995583	230	7.93633e-05	0.99992	0.99992
case_1	578.0	1571837	0.551503	1295958	0.454707	352195	0.123573	0.824486	0.786309
case_1	99.0	2680083	0.897008	2647147	0.885984	40813	0.0136599	0.987711	0.984816
case_1	75.0	2692174	0.913696	2678669	0.909112	22694	0.00770211	0.994984	0.991599
case_1	99.0	2673394	0.892978	2628491	0.877979	40577	0.0135537	0.983204	0.984797
case_1	578.0	1548608	0.551349	1281826	0.456367	336984	0.119976	0.827728	0.791832
case_1	578.0	1452165	0.528763	1186222	0.431928	321882	0.117204	0.816864	0.786565
case_1	578.0	1545678	0.550373	1279785	0.455696	337008	0.119999	0.827976	0.791558
case_1	99.0	2488020	0.860894	2444359	0.845786	38781	0.0134188	0.982452	0.984382
case_1	577.0	1556773	0.542857	1286607	0.448648	353072	0.123118	0.826458	0.78467
case_1	100.0	2428876	0.858041	2385467	0.842707	33641	0.0118843	0.982128	0.986094
case_1	578.0	1451002	0.528405	1186087	0.431932	321196	0.116969	0.817426	0.786904
case_20	257.0	1882858	0.688224	1778929	0.650236	132295	0.0483566	0.944803	0.93078
case_20	256.0	1981859	0.64251	1852165	0.600463	139180	0.0451215	0.934559	0.930108
case_20	256.0	1545429	0.550084	1440714	0.512812	107487	0.0382592	0.932242	0.930573
case_20	85.0	2644475	0.805142	2629119	0.800467	27117	0.0082561	0.994193	0.989791
case_20	256.0	1536796	0.548023	1430954	0.51028	107575	0.0383614	0.931128	0.930079
case_20	256.0	1543044	0.627992	1408087	0.573067	104438	0.0425045	0.912538	0.930951
case_20	2.0	2861648	0.998371	2861559	0.99834	89	3.10503e-05	0.999969	0.999969
case_20	257.0	1565779	0.619804	1481854	0.586582	103071	0.0408	0.9464	0.934968
case_20	257.0	1977942	0.706062	1865892	0.666064	141354	0.0504589	0.94335	0.929578
case_20	200.0	1517541	0.67279	1485011	0.658368	72730	0.0322443	0.978564	0.953311
case_20	85.0	2586862	0.881246	2451885	0.835264	28229	0.00961655	0.947822	0.988618
case_20	256.0	1531307	0.624533	1397733	0.570056	104526	0.0426302	0.912771	0.930421
case_20	256.0	1874661	0.620952	1757598	0.582177	127632	0.0422761	0.937555	0.932299
case_20	256.0	1977542	0.722908	1817428	0.664377	139985	0.0511728	0.919034	0.928485
case_20	256.0	1976241	0.723308	1815658	0.664534	140011	0.0512443	0.918743	0.928408
case_20	22.0	2006017	0.980447	2002921	0.978934	3094	0.0015122	0.998457	0.998458
case_20	30.0	2749119	0.854122	2740849	0.851553	7824	0.00243083	0.996992	0.997154
case_20	256.0	1532480	0.624169	1399500	0.570007	104500	0.0425622	0.913226	0.930519
case_20	256.0	1874839	0.70219	1721314	0.64469	131628	0.0492991	0.918113	0.928963
case_20	257.0	1554761	0.616708	1470363	0.583231	105428	0.0418188	0.945716	0.933095
case_20	85.0	2584319	0.881374	2450675	0.835795	28255	0.00963628	0.948287	0.988602
case_20	200.0	1632638	0.703377	1600250	0.689424	79069	0.0340647	0.980162	0.952916
case_20	30.0	2745904	0.854002	2738217	0.851611	7913	0.00246102	0.997201	0.997118
case_20	66.0	2291441	0.903601	2280958	0.899467	20423	0.00805356	0.995425	0.991126
case_20	256.0	1543573	0.627362	1409794	0.57299	104412	0.0424367	0.913332	0.931045
case_20	256.0	1873666	0.702622	1719544	0.644826	131654	0.04937	0.917743	0.928882
case_20	200.0	1642261	0.705946	1607846	0.691152	80520	0.0346125	0.979044	0.952309
case_20	200.0	1526677	0.675288	1491855	0.659885	72823	0.0322115	0.977191	0.953458
case_21	345.0	1675424	0.641286	1541789	0.590136	197036	0.0754176	0.920238	0.886684
case_21	102.0	2441716	0.875018	2403575	0.861349	49568	0.0177633	0.984379	0.979794
case_21	102.0	2432027	0.875034	2393040	0.861006	48748	0.0175393	0.983969	0.980036
case_21	40.0	2613695	0.943352	2603876	0.939808	8467	0.00305596	0.996243	0.996759
case_21	345.0	1667166	0.64697	1542206	0.598477	193142	0.0749517	0.925046	0.888701
case_21	38.0	2667100	0.946414	2662868	0.944912	8186	0.00290478	0.998413	0.996935
case_21	102.0	2407727	0.8752	2366142	0.860084	43543	0.0158277	0.982729	0.98193
case_21	102.0	2408737	0.873003	2359783	0.85526	44076	0.0159745	0.979676	0.981664
case_21	30.0	2696053	0.962576	2694215	0.96192	4480	0.0015995	0.999318	0.99834
case_21	345.0	1676272	0.643601	1543549	0.592642	185607	0.0712634	0.920823	0.89266
case_21	40.0	2617122	0.950503	2611397	0.948424	5578	0.00202585	0.997812	0.997869
case_21	82.0	2475740	0.909054	2464510	0.904931	24779	0.00909847	0.995464	0.990046
case_21	40.0	2616977	0.947299	2609418	0.944562	8250	0.00298635	0.997112	0.996848
case_21	38.0	2667661	0.9497	2662908	0.948008	5726	0.00203848	0.998218	0.997854
case_21	38.0	2656963	0.949652	2651342	0.947643	5257	0.00187896	0.997884	0.998021
case_21	2.0	2802073	0.995383	2802029	0.995368	44	1.56302e-05	0.999984	0.999984
case_21	102.0	2436981	0.891057	2396898	0.876401	46442	0.016981	0.983552	0.980992
case_21	102.0	2440084	0.876972	2401666	0.863165	47929	0.0172258	0.984255	0.980434
case_21	38.0	2656402	0.946353	2651302	0.944536	7717	0.00274921	0.99808	0.997098
case_21	102.0	2437070	0.878782	2407801	0.868228	48765	0.0175842	0.98799	0.980149
case_21	40.0	2603645	0.943512	2594400	0.940162	7998	0.00289833	0.996449	0.996927
case_21	102.0	2398454	0.887135	2355077	0.871091	43498	0.0160889	0.981915	0.981865
case_21	345.0	1649138	0.644936	1515701	0.592752	186972	0.07312	0.919087	0.890189
case_21	345.0	1666091	0.64044	1532296	0.58901	192698	0.0740725	0.919695	0.888291
case_21	102.0	2407822	0.878158	2371282	0.864832	42687	0.0155684	0.984824	0.982317
case_21	345.0	1674388	0.645147	1541659	0.594006	192946	0.0743427	0.92073	0.888767
case_21	102.0	2394227	0.871256	2348397	0.854579	43566	0.0158536	0.980858	0.981787
case_21	345.0	1656017	0.650554	1535565	0.603236	185401	0.0728334	0.927264	0.892269
case_22	462.0	1590702	0.620881	1412049	0.551149	286648	0.111884	0.887689	0.831254
case_22	44.0	2469100	0.949261	2461104	0.946187	16162	0.00621358	0.996762	0.993476
case_22	11.0	2581516	0.990385	2580336	0.989933	1180	0.000452701	0.999543	0.999543
case_22	53.0	2434084	0.93776	2420678	0.932595	11493	0.00442782	0.994492	0.995275
case_22	462.0	1468500	0.598984	1316265	0.536889	259255	0.105747	0.896333	0.835448
case_22	0.0	2613804	1.0	2613804	1.0	0	0.0	1.0	1.0
case_22	461.0	1472115	0.599115	1311442	0.533725	251806	0.102479	0.890856	0.838921
case_22	462.0	1601583	0.624707	1429257	0.55749	292272	0.114002	0.892403	0.830225
case_22	53.0	2434084	0.93776	2420678	0.932595	11493	0.00442782	0.994492	0.995275
case_22	43.0	2476911	0.949625	2468910	0.946558	16167	0.00619828	0.99677	0.993494
case_22	461.0	1472115	0.599115	1311442	0.533725	251806	0.102479	0.890856	0.838921
case_22	54.0	2452397	0.946822	2441738	0.942706	11744	0.00453412	0.995654	0.995213
case_22	461.0	1600320	0.622878	1423046	0.553879	284678	0.110803	0.889226	0.8333
case_22	24.0	2250122	0.96069	2247672	0.959644	5890	0.00251474	0.998911	0.997386
case_22	122.0	2057173	0.852685	2037057	0.844347	41326	0.0171294	0.990222	0.980116
case_22	462.0	1485804	0.596321	1316527	0.528382	254288	0.102057	0.88607	0.838117
case_22	462.0	1461153	0.596407	1298675	0.530088	253403	0.103433	0.888802	0.836733
case_22	43.0	2476911	0.949625	2468910	0.946558	16167	0.00619828	0.99677	0.993494
case_22	461.0	1495987	0.598671	1329294	0.531963	252691	0.101123	0.888573	0.84027
case_22	461.0	1600320	0.622878	1423046	0.553879	284678	0.110803	0.889226	0.8333
case_22	11.0	2581516	0.990385	2580336	0.989933	1180	0.000452701	0.999543	0.999543
case_22	462.0	1451734	0.595221	1290932	0.529291	251662	0.103183	0.889235	0.836858
case_22	461.0	1495987	0.598671	1329294	0.531963	252691	0.101123	0.888573	0.84027
case_22	462.0	1483144	0.597878	1313457	0.529475	250279	0.100891	0.88559	0.839948
case_22	54.0	2427070	0.937668	2412519	0.932047	11373	0.00439382	0.994005	0.995308
case_22	462.0	1500412	0.601767	1339423	0.537199	259891	0.104234	0.892703	0.837498
case_22	462.0	1585900	0.621661	1404647	0.550611	281762	0.110449	0.88571	0.832922
case_22	122.0	2112863	0.86089	2092533	0.852606	42170	0.0171822	0.990378	0.980245
case_23	291.0	1706745	0.689467	1565021	0.632215	146441	0.0591572	0.916962	0.914435
case_23	291.0	1686979	0.688493	1546363	0.631105	138292	0.05644	0.916646	0.917911
case_23	290.0	1789332	0.706902	1648314	0.651191	157400	0.0621832	0.92119	0.912832
case_23	12.0	2518239	0.982205	2516730	0.981616	1509	0.000588565	0.999401	0.999401
case_23	290.0	1799587	0.703001	1660118	0.648518	149114	0.0582507	0.922499	0.917582
case_23	290.0	1793419	0.706327	1651898	0.65059	154129	0.0607028	0.921089	0.914659
case_23	291.0	1693139	0.691366	1557316	0.635905	144756	0.0591088	0.91978	0.914953
case_23	59.0	2210264	0.894316	2193524	0.887543	12466	0.00504399	0.992426	0.994349
case_23	291.0	1700585	0.686626	1553641	0.627296	139045	0.0561406	0.913592	0.917855
case_23	291.0	1681133	0.686408	1543607	0.630256	137438	0.0561161	0.918194	0.918243
case_23	49.0	2245618	0.925927	2239916	0.923576	5449	0.00224677	0.997461	0.997573
case_23	26.0	2460951	0.963138	2448776	0.958373	2647	0.00103595	0.995053	0.99892
case_23	290.0	1796087	0.701928	1657233	0.647663	148403	0.0579973	0.922691	0.917811
case_23	26.0	2472323	0.967182	2470036	0.966287	2200	0.000860648	0.999075	0.99911
case_23	291.0	1694739	0.684563	1550967	0.626488	138191	0.05582	0.915166	0.918189
case_23	290.0	1801481	0.70409	1667963	0.651906	155302	0.0606982	0.925884	0.914822
case_23	290.0	1804966	0.71093	1664582	0.655636	160188	0.063094	0.922223	0.912215
case_23	59.0	2196615	0.898419	2180876	0.891982	11532	0.00471661	0.992835	0.99474
case_23	290.0	1800024	0.708629	1655091	0.651572	154868	0.060968	0.919483	0.914436
case_23	4.0	2328230	0.98577	2327378	0.985409	852	0.000360736	0.999634	0.999634
case_23	24.0	2492807	0.972211	2491523	0.97171	1353	0.000527679	0.999485	0.999457
case_23	49.0	2256473	0.920355	2251466	0.918313	5442	0.00221965	0.997781	0.997589
case_23	58.0	2349242	0.926766	2342899	0.924264	14448	0.00569968	0.9973	0.993871
case_23	290.0	1786166	0.700198	1651643	0.647464	151011	0.0591981	0.924686	0.916229
case_23	24.0	2491673	0.97225	2489217	0.971292	3910	0.00152568	0.999014	0.998432
case_23	26.0	2463389	0.964166	2452555	0.959926	4759	0.00186266	0.995602	0.998063
case_23	291.0	1678672	0.687607	1539221	0.630486	140967	0.057742	0.916928	0.9161
case_23	291.0	1688519	0.684219	1548041	0.627295	141719	0.0574271	0.916804	0.916131
case_24	75.0	1809775	0.918024	1791003	0.908502	15652	0.00793961	0.989627	0.991336
case_24	71.0	1788648	0.911892	1779364	0.907159	15547	0.0079262	0.994809	0.991338
case_24	427.0	1234337	0.54127	1046221	0.458779	236687	0.10379	0.847598	0.815507
case_24	76.0	1787326	0.913721	1770793	0.905269	15078	0.00770821	0.99075	0.991557
case_24	427.0	1217428	0.53685	1027084	0.452914	228810	0.100899	0.843651	0.817811
case_24	428.0	1238325	0.542436	1046051	0.458212	242756	0.106337	0.844731	0.811643
case_24	40.0	2443497	0.950253	2437768	0.948026	12118	0.00471258	0.997655	0.995054
case_24	11.0	1966564	0.989419	1965046	0.988655	1737	0.00087392	0.999228	0.999117
case_24	428.0	1226827	0.541244	1038445	0.458135	233253	0.102905	0.846448	0.816581
case_24	71.0	1809055	0.914032	1796718	0.907799	20599	0.0104077	0.99318	0.988665
case_24	8.0	1937942	0.980572	1936806	0.979997	2044	0.00103424	0.999414	0.998946
case_24	428.0	1220417	0.538777	1036208	0.457454	231891	0.102373	0.849061	0.817135
case_24	71.0	1781852	0.906566	1770860	0.900973	18746	0.00953754	0.993831	0.989525
case_24	428.0	1202343	0.531814	1021648	0.45189	234094	0.103543	0.849714	0.813581
case_24	36.0	1859535	0.949418	1856001	0.947613	5449	0.00278208	0.9981	0.997073
case_24	428.0	1219831	0.53535	1031310	0.452614	244662	0.107375	0.845453	0.808254
case_24	35.0	1890271	0.959596	1887046	0.957959	4732	0.0024022	0.998294	0.997499
case_24	428.0	1217023	0.536325	1032369	0.454951	233292	0.102809	0.848274	0.815676
case_24	427.0	1230824	0.541723	1040857	0.458113	226638	0.0997503	0.845659	0.821192
case_24	11.0	1933262	0.979418	1931649	0.978601	1613	0.000817169	0.999166	0.999166
case_24	76.0	1779753	0.90798	1764054	0.89997	20169	0.0102897	0.991179	0.988696
case_24	76.0	1807199	0.91558	1790304	0.90702	17948	0.00909298	0.990651	0.990074
case_24	36.0	1891811	0.959185	1887187	0.95684	5468	0.00277238	0.997556	0.997111
case_24	70.0	1813426	0.917376	1799745	0.910455	16229	0.00820993	0.992456	0.991063
case_24	75.0	1788770	0.911248	1771293	0.902345	21103	0.0107504	0.99023	0.988226
case_24	428.0	1202725	0.531037	1022597	0.451506	237697	0.10495	0.850233	0.811396
case_24	428.0	1209912	0.534803	1025033	0.453083	234521	0.103663	0.847196	0.813806
case_24	427.0	1219111	0.53561	1033878	0.454229	238876	0.104949	0.848059	0.812316
case_25	40.0	2521096	0.961745	2510918	0.957862	8116	0.00309608	0.995963	0.996778
case_25	38.0	2483748	0.949722	2476705	0.947029	13000	0.00497087	0.997164	0.994778
case_25	44.0	2474080	0.938202	2460246	0.932956	16606	0.0062972	0.994408	0.993296
case_25	44.0	2463048	0.937156	2450183	0.932261	16128	0.00613648	0.994777	0.993461
case_25	44.0	2518252	0.955374	2510145	0.952298	7353	0.00278958	0.996781	0.997079
case_25	28.0	2554784	0.965464	2550103	0.963695	10983	0.00415052	0.998168	0.995712
case_25	40.0	2475025	0.945955	2465538	0.942329	17808	0.00680622	0.996167	0.992829
case_25	89.0	2379153	0.899537	2352429	0.889433	31389	0.0118679	0.988767	0.986832
case_25	44.0	2526529	0.949582	2511465	0.94392	11637	0.0043737	0.994038	0.995388
case_25	44.0	2514961	0.953694	2499297	0.947754	12408	0.00470521	0.993772	0.99506
case_25	44.0	2526382	0.947351	2510733	0.941483	11571	0.00433893	0.993806	0.995413
case_25	44.0	2516273	0.946695	2501624	0.941183	11956	0.00449819	0.994178	0.995243
case_25	44.0	2506525	0.951907	2499073	0.949077	7420	0.0028179	0.997027	0.99704
case_25	44.0	2473557	0.940182	2460307	0.935146	16672	0.00633691	0.994643	0.993269
case_25	40.0	2531454	0.957079	2521581	0.953347	6611	0.00249945	0.9961	0.997385
case_25	44.0	2514814	0.951433	2498566	0.945286	12342	0.00466937	0.993539	0.995085
case_25	89.0	2327084	0.888841	2299674	0.878372	34212	0.0130674	0.988221	0.985341
case_25	40.0	2486917	0.942003	2473584	0.936952	17334	0.00656583	0.994639	0.993041
case_25	89.0	2373128	0.896247	2342527	0.88469	33348	0.0125944	0.987105	0.985964
case_25	16.0	2608805	0.981607	2607893	0.981264	1550	0.000583214	0.99965	0.999406
case_25	30.0	2559618	0.96631	2556178	0.965011	8010	0.00302394	0.998656	0.996876
case_25	44.0	2505005	0.950899	2488976	0.944814	12727	0.00483116	0.993601	0.994913
case_25	44.0	2518360	0.953205	2509413	0.949819	7287	0.00275815	0.996447	0.997105
case_25	30.0	2561057	0.964628	2557017	0.963106	8086	0.00304561	0.998423	0.996848
case_25	89.0	2359708	0.895173	2334218	0.885503	31924	0.0121106	0.989198	0.986508
case_25	89.0	2367626	0.897252	2339842	0.886722	32379	0.0122706	0.988265	0.986351
case_25	89.0	2362783	0.900365	2332956	0.888999	32207	0.0122728	0.987376	0.986383
case_25	89.0	2363454	0.90103	2342530	0.893053	26948	0.0102735	0.991147	0.988627
case_26	599.0	1354601	0.544588	1082648	0.435255	297879	0.119756	0.799238	0.784228
case_26	599.0	1296991	0.500899	1036473	0.400287	290073	0.112026	0.799137	0.781332
case_26	224.0	2048735	0.742992	1989566	0.721534	95579	0.0346626	0.971119	0.954162
case_26	599.0	1343844	0.542758	1069854	0.432097	301915	0.121939	0.796115	0.779908
case_26	9.0	2562813	0.989481	2562796	0.989474	16	6.17747e-06	0.999993	0.999994
case_26	598.0	1339974	0.539699	1067606	0.429998	300490	0.121028	0.796736	0.780359
case_26	599.0	1274077	0.525059	995603	0.410297	283481	0.116825	0.781431	0.778372
case_26	224.0	2030362	0.739394	1969212	0.717125	93899	0.0341951	0.969882	0.954487
case_26	598.0	1267180	0.521617	986927	0.406255	284043	0.116922	0.778837	0.776515
case_26	113.0	2286123	0.878775	2264508	0.870466	49274	0.0189407	0.990545	0.978704
case_26	599.0	1342852	0.541996	1072046	0.432694	301607	0.121733	0.798335	0.780434
case_26	599.0	1330224	0.503798	1083604	0.410395	290801	0.110136	0.814603	0.788417
case_26	599.0	1355564	0.544614	1084822	0.43584	297592	0.119561	0.800274	0.78473
case_26	196.0	1767036	0.761883	1728900	0.74544	102978	0.0444004	0.978418	0.943786
case_26	599.0	1298343	0.532551	1016983	0.417143	291877	0.119721	0.783293	0.776999
case_26	113.0	2282848	0.878891	2262786	0.871167	50802	0.0195587	0.991212	0.978042
case_26	598.0	1333604	0.537658	1062848	0.428499	301845	0.121692	0.796974	0.778818
case_26	598.0	1338982	0.538941	1069798	0.430594	300182	0.120823	0.798964	0.780886
case_26	598.0	1334596	0.538415	1060656	0.4279	302153	0.121897	0.794739	0.778287
case_26	223.0	2040226	0.742232	1979868	0.720274	93722	0.034096	0.970416	0.954802
case_26	598.0	1273756	0.523446	993619	0.408325	283720	0.116594	0.78007	0.777882
case_26	599.0	1328499	0.503459	1079656	0.409156	291334	0.110406	0.812689	0.787501
case_26	114.0	2275864	0.877145	2253507	0.868528	48858	0.0188305	0.990176	0.978779
case_26	6.0	2573151	0.992403	2573025	0.992354	126	4.85952e-05	0.999951	0.999951
case_26	223.0	2049836	0.744625	1990573	0.723097	92238	0.0335065	0.971089	0.955715
case_26	9.0	2557021	0.988799	2556903	0.988753	118	4.56305e-05	0.999954	0.999954
case_26	196.0	1769528	0.762415	1730450	0.745578	102957	0.0443599	0.977916	0.943844
case_26	2.0	2361925	0.996439	2361904	0.99643	21	8.85939e-06	0.999991	0.999991
case_27	156.0	2188358	0.833067	2088400	0.795014	100381	0.0382132	0.954323	0.954138
case_27	155.0	2176868	0.835582	2091975	0.802997	105746	0.0405902	0.961002	0.951884
case_27	19.0	2566800	0.971554	2565354	0.971007	1032	0.00039062	0.999437	0.999598
case_27	156.0	2190769	0.837226	2092436	0.799647	100747	0.0385016	0.955115	0.954064
case_27	24.0	2417515	0.943672	2398722	0.936336	16432	0.0064142	0.992226	0.993196
case_27	156.0	2038718	0.804694	1932725	0.762858	110629	0.0436659	0.94801	0.945859
case_27	156.0	2194401	0.838065	2096441	0.800653	104496	0.0399081	0.955359	0.952522
case_27	19.0	2572490	0.977471	2570839	0.976843	1237	0.000470024	0.999358	0.999519
case_27	156.0	2173368	0.834317	2060021	0.790805	119683	0.0459442	0.947847	0.945092
case_27	24.0	2411060	0.937431	2392532	0.930227	15905	0.00618393	0.992315	0.993396
case_27	8.0	2624910	0.993243	2624184	0.992968	726	0.000274712	0.999723	0.999723
case_27	12.0	2560561	0.988585	2558734	0.987879	1827	0.000705371	0.999286	0.999286
case_27	156.0	2191559	0.833741	2092406	0.79602	104130	0.0396145	0.954757	0.952594
case_27	24.0	2551405	0.965816	2525882	0.956155	20874	0.0079017	0.989996	0.991804
case_27	24.0	2553025	0.970982	2528430	0.961628	21232	0.00807509	0.990366	0.991673
case_27	24.0	2415651	0.943761	2395808	0.936009	16412	0.00641194	0.991786	0.993196
case_27	156.0	2169736	0.833471	2056080	0.789812	115869	0.0445093	0.947618	0.946652
case_27	19.0	2570623	0.977585	2568908	0.976933	1301	0.000494759	0.999333	0.999494
case_27	23.0	2531403	0.966799	2504937	0.956691	26449	0.0101015	0.989545	0.989552
case_27	156.0	2040518	0.80486	1935281	0.763351	115163	0.0454248	0.948426	0.943835
case_27	155.0	2172364	0.834403	2086126	0.801279	101995	0.0391762	0.960302	0.953387
case_27	8.0	2620322	0.986881	2619862	0.986707	460	0.000173248	0.999824	0.999824
case_27	22.0	2386472	0.93647	2377129	0.932804	36451	0.0143037	0.996085	0.984898
case_27	23.0	2391870	0.938499	2372031	0.930714	18327	0.00719097	0.991706	0.992333
case_27	24.0	2555099	0.970953	2531347	0.961927	21539	0.00818495	0.990704	0.991563
case_27	8.0	2618455	0.987001	2617931	0.986804	524	0.000197517	0.9998	0.9998
case_27	156.0	2193288	0.83835	2095722	0.801057	103808	0.039679	0.955516	0.952804
case_27	156.0	2189656	0.83751	2091716	0.80005	100059	0.038271	0.955272	0.954348
case_28	46.0	2490321	0.947544	2483227	0.944845	13779	0.00524278	0.997151	0.994482
case_28	726.0	1233620	0.456964	939646	0.348068	385052	0.142633	0.761698	0.709328
case_28	726.0	1226436	0.457032	944345	0.35191	389114	0.145003	0.769991	0.708192
case_28	118.0	2322569	0.849559	2284373	0.835587	35983	0.013162	0.983554	0.984492
case_28	726.0	1240713	0.460475	949615	0.352438	386866	0.14358	0.765378	0.710534
case_28	118.0	2328514	0.868595	2292271	0.855075	31273	0.0116656	0.984435	0.986541
case_28	64.0	2502769	0.918955	2491124	0.914679	18778	0.00689482	0.995347	0.992518
case_28	32.0	2589899	0.953504	2586445	0.952232	3608	0.00132833	0.998666	0.998607
case_28	46.0	2487611	0.945749	2477601	0.941943	12352	0.00469603	0.995976	0.995039
case_28	726.0	1262887	0.453131	960809	0.344743	398078	0.142833	0.760804	0.707056
case_28	726.0	1234309	0.45686	939380	0.347697	385522	0.142695	0.761057	0.709018
case_28	726.0	1240070	0.460599	948589	0.352334	386426	0.14353	0.764948	0.710546
case_28	726.0	1276621	0.465706	960996	0.350567	391959	0.142985	0.752765	0.710294
case_28	118.0	2321822	0.849946	2283519	0.835924	36995	0.0135427	0.983503	0.984057
case_28	726.0	1257060	0.449861	951930	0.340665	396223	0.141795	0.757267	0.706099
case_28	726.0	1226910	0.461089	931598	0.350107	380466	0.142984	0.759304	0.710025
case_28	10.0	2601328	0.985679	2599724	0.985071	1604	0.000607777	0.999383	0.999383
case_28	118.0	2328860	0.869412	2292108	0.855692	32271	0.0120474	0.984219	0.986116
case_28	726.0	1224856	0.45995	932961	0.35034	381159	0.14313	0.76169	0.709951
case_28	726.0	1285749	0.470289	973580	0.356107	391725	0.143281	0.757208	0.713086
case_28	118.0	2315187	0.867162	2280461	0.854155	30189	0.0113074	0.985001	0.986935
case_28	88.0	2444146	0.881285	2433008	0.877269	21069	0.00759684	0.995443	0.991415
case_28	118.0	2309020	0.847996	2268996	0.833297	36415	0.0133735	0.982666	0.984205
case_28	64.0	2553381	0.926852	2540080	0.922023	17974	0.00652438	0.994791	0.992974
case_28	726.0	1219442	0.453192	934166	0.347172	388937	0.144544	0.76606	0.706042
case_28	726.0	1256386	0.464888	956100	0.353776	383667	0.141965	0.760992	0.713632
case_28	726.0	1249023	0.453263	944707	0.342829	387727	0.140704	0.756357	0.709008
case_28	726.0	1211551	0.456831	927082	0.349568	382908	0.14438	0.765203	0.707702
case_29	52.0	2328457	0.896917	2319137	0.893327	7493	0.00288629	0.995997	0.996779
case_29	254.0	2043193	0.739468	1893974	0.685463	157220	0.0569007	0.926968	0.923352
case_29	52.0	2334507	0.899456	2326119	0.896224	6779	0.00261186	0.996407	0.997094
case_29	52.0	2239165	0.864546	2227636	0.860095	8893	0.00343361	0.994851	0.996024
case_29	52.0	2322293	0.900016	2311545	0.895851	9446	0.00366084	0.995372	0.99593
case_29	52.0	2254486	0.869156	2244398	0.865266	6850	0.00264083	0.995525	0.996957
case_29	158.0	2050051	0.754036	1993094	0.733087	79772	0.0293412	0.972217	0.961516
case_29	52.0	2243314	0.86635	2234067	0.862778	6989	0.00269909	0.995878	0.996881
case_29	14.0	2630672	0.979853	2628331	0.978981	3700	0.00137815	0.99911	0.998594
case_29	52.0	2332706	0.90248	2322166	0.898402	9199	0.00355892	0.995482	0.996054
case_29	254.0	1975466	0.751396	1853276	0.704919	135350	0.0514822	0.938146	0.931938
case_29	254.0	1993395	0.753861	1876952	0.709824	133713	0.0505675	0.941586	0.933498
case_29	158.0	2043462	0.75269	1984884	0.731114	78045	0.0287472	0.971334	0.962168
case_29	254.0	1905334	0.722218	1801223	0.682755	123442	0.0467908	0.945358	0.935863
case_29	50.0	2417118	0.902353	2408816	0.899254	10298	0.00384443	0.996565	0.995743
case_29	158.0	2220861	0.787886	2152400	0.763599	87208	0.0309384	0.969174	0.961061
case_29	14.0	2460075	0.985813	2459276	0.985493	799	0.000320179	0.999675	0.999675
case_29	254.0	1849611	0.72826	1735486	0.683325	122606	0.0482745	0.938298	0.934015
case_29	16.0	2440547	0.979516	2438795	0.978813	2767	0.00111054	0.999282	0.998867
case_29	254.0	1836422	0.722896	1732977	0.682176	118794	0.0467625	0.94367	0.935848
case_29	158.0	2142783	0.76183	2071590	0.736518	84842	0.0301641	0.966775	0.960656
case_29	52.0	2313884	0.896548	2302189	0.892017	10159	0.00393625	0.994946	0.995607
case_29	158.0	2206718	0.787109	2134793	0.761455	88516	0.0315726	0.967406	0.960187
case_29	52.0	2345940	0.902299	2337759	0.899152	6533	0.00251273	0.996513	0.997213
case_29	254.0	1850660	0.727386	1740804	0.684208	121666	0.0478198	0.94064	0.934675
case_29	16.0	2451094	0.981978	2449333	0.981272	2776	0.00111214	0.999282	0.998868
case_29	158.0	2048533	0.754725	1991329	0.73365	81221	0.0299236	0.972076	0.960811
case_29	50.0	2439668	0.905637	2434353	0.903664	7313	0.00271468	0.997821	0.997005
case_2	113.0	2032357	0.861369	2014884	0.853963	34105	0.0144546	0.991403	0.983355
case_2	155.0	2258696	0.805933	2216929	0.79103	48091	0.0171595	0.981508	0.978768
case_2	155.0	2257951	0.812525	2218031	0.79816	53495	0.0192502	0.98232	0.97645
case_2	113.0	2041498	0.863447	2023721	0.855929	33911	0.0143426	0.991292	0.983519
case_2	662.0	1175787	0.471354	908992	0.3644	301299	0.120786	0.773092	0.751052
case_2	661.0	1198311	0.471624	913160	0.359396	324088	0.127553	0.762039	0.738057
case_2	155.0	2257404	0.811825	2219701	0.798266	48067	0.0172862	0.983298	0.978804
case_2	660.0	1336190	0.500906	1016064	0.380898	369197	0.138403	0.760419	0.733482
case_2	661.0	1224851	0.477623	935205	0.364678	323620	0.126194	0.763526	0.742919
case_2	660.0	1311886	0.496195	997808	0.377401	369769	0.139858	0.76059	0.729617
case_2	661.0	1293640	0.497081	1002452	0.385192	350939	0.134848	0.774908	0.740697
case_2	660.0	1308214	0.494484	996889	0.376808	375713	0.142013	0.762023	0.726277
case_2	76.0	2569080	0.91716	2555752	0.912402	28373	0.0101291	0.994812	0.98902
case_2	94.0	2557640	0.904725	2525466	0.893344	27158	0.00960671	0.98742	0.989361
case_2	84.0	2563014	0.907333	2533299	0.896813	25130	0.00889627	0.988406	0.990178
case_2	84.0	2584803	0.907294	2564743	0.900253	26625	0.00934567	0.992239	0.989726
case_2	94.0	2561858	0.898697	2540933	0.891357	22697	0.00796208	0.991832	0.991147
case_2	10.0	2449276	0.992641	2448795	0.992446	481	0.000194939	0.999804	0.999804
case_2	661.0	1190390	0.473	901227	0.358101	327570	0.13016	0.757085	0.733422
case_2	661.0	1291919	0.497358	996239	0.383528	351222	0.135212	0.771131	0.739345
case_2	661.0	1198408	0.471343	919374	0.361597	330729	0.130078	0.767163	0.735439
case_2	660.0	1314813	0.49638	1004660	0.379289	369470	0.139486	0.764109	0.731124
case_2	660.0	1303296	0.497487	985701	0.376257	375140	0.143196	0.756314	0.724332
case_2	660.0	1306951	0.49795	993278	0.37844	374821	0.142807	0.759996	0.726028
case_2	660.0	1338579	0.50088	1024201	0.383243	368832	0.138012	0.76514	0.735231
case_2	155.0	2231062	0.809883	2176406	0.790043	55728	0.0202295	0.975502	0.975034
case_2	660.0	1309954	0.494225	1004701	0.379058	375440	0.141648	0.766974	0.72797
case_2	94.0	2530768	0.902928	2505160	0.893792	22069	0.00787378	0.989881	0.991268
case_30	125.0	2049850	0.857293	2024959	0.846883	31170	0.013036	0.987857	0.98484
case_30	921.0	647825	0.243243	360909	0.135513	196220	0.0736758	0.557109	0.647801
case_30	921.0	647959	0.243231	359754	0.135045	197136	0.0740009	0.555211	0.646005
case_30	154.0	1927423	0.827517	1897062	0.814482	37396	0.0160555	0.984248	0.980668
case_30	44.0	2305223	0.951895	2301779	0.950473	4519	0.00186603	0.998506	0.998041
case_30	242.0	1486796	0.546547	1435739	0.527778	64915	0.0238628	0.96566	0.956742
case_30	36.0	2264138	0.954837	2261339	0.953657	7222	0.00304568	0.998764	0.996816
case_30	242.0	1462997	0.537318	1411755	0.518499	67359	0.0247391	0.964975	0.95446
case_30	920.0	791846	0.339165	494568	0.211834	286499	0.122714	0.624576	0.633195
case_30	241.0	1459763	0.532251	1390279	0.506917	72126	0.0262982	0.9524	0.95068
case_30	921.0	793561	0.342813	510290	0.220442	292444	0.126334	0.643038	0.63569
case_30	921.0	790864	0.342107	504827	0.218375	285571	0.123531	0.638323	0.6387
case_30	921.0	778191	0.342396	501816	0.220794	292998	0.128916	0.644849	0.631363
case_30	125.0	2046545	0.852061	2025736	0.843398	37585	0.0156482	0.989832	0.981784
case_30	154.0	1915870	0.8217	1884546	0.808266	39736	0.0170424	0.98365	0.97935
case_30	125.0	2024965	0.846026	1998109	0.834806	37288	0.0155788	0.986738	0.98168
case_30	153.0	1903774	0.809622	1857465	0.789928	41428	0.0176182	0.975675	0.978183
case_30	4.0	2243473	0.994729	2243087	0.994557	386	0.000171148	0.999828	0.999828
case_30	241.0	1471874	0.535034	1409030	0.51219	73822	0.0268347	0.957303	0.950216
case_30	921.0	791491	0.342278	503672	0.217812	286037	0.123696	0.636358	0.637794
case_30	242.0	1430612	0.533669	1372280	0.511909	68240	0.0254559	0.959226	0.952628
case_30	921.0	792934	0.342643	511445	0.221006	291978	0.12617	0.645003	0.636582
case_30	920.0	799182	0.341084	505496	0.215741	297232	0.126856	0.632517	0.629723
case_30	920.0	799565	0.341346	506650	0.216296	296766	0.126694	0.633657	0.63062
case_30	920.0	792229	0.339428	495722	0.21239	286033	0.12255	0.625731	0.634114
case_30	125.0	2068230	0.861961	2048080	0.853564	31592	0.0131664	0.990257	0.984809
case_30	921.0	778490	0.342629	502757	0.221274	292745	0.128843	0.64581	0.632
case_30	153.0	1935359	0.820133	1898370	0.804459	41007	0.0173772	0.980888	0.978856
case_3	174.0	2177633	0.802982	2093911	0.772111	73544	0.0271187	0.961554	0.966069
case_3	70.0	2410697	0.906449	2398659	0.901923	15594	0.00586352	0.995006	0.993541
case_3	14.0	2672182	0.984819	2670041	0.98403	783	0.000288571	0.999199	0.999707
case_3	70.0	2405308	0.913686	2394346	0.909522	19693	0.00748063	0.995443	0.991842
case_3	206.0	2141386	0.794241	2021131	0.749639	118288	0.0438731	0.943842	0.94471
case_3	16.0	2640682	0.981222	2639915	0.980937	1529	0.000568144	0.99971	0.999421
case_3	40.0	2428955	0.905791	2425750	0.904596	8235	0.00307094	0.998681	0.996617
case_3	206.0	2047453	0.767488	1904538	0.713916	114796	0.0430313	0.930199	0.943152
case_3	174.0	2122878	0.798406	2040226	0.767321	72980	0.0274475	0.961066	0.965465
case_3	174.0	2139901	0.796729	2058425	0.766394	70304	0.0261756	0.961925	0.966974
case_3	206.0	2106973	0.788536	1984069	0.742539	108519	0.0406133	0.941668	0.948141
case_3	206.0	2142366	0.790993	2019039	0.745459	116382	0.04297	0.942434	0.945499
case_3	206.0	2143052	0.794288	2018137	0.74799	117664	0.0436103	0.941712	0.944909
case_3	64.0	2492541	0.927526	2484317	0.924466	19946	0.00742232	0.996701	0.992035
case_3	206.0	2104235	0.784467	1983631	0.739505	108336	0.0403881	0.942685	0.948213
case_3	174.0	2160257	0.805157	2077233	0.774213	74773	0.0278689	0.961568	0.965254
case_3	206.0	2054619	0.759544	1923924	0.711229	107963	0.0399114	0.93639	0.946866
case_3	174.0	2165411	0.821225	2083004	0.789973	65221	0.0247349	0.961944	0.96964
case_3	174.0	2194275	0.824024	2116370	0.794768	68668	0.0257871	0.964496	0.968574
case_3	64.0	2495435	0.927933	2486800	0.924722	18790	0.0069871	0.99654	0.992501
case_3	206.0	2140703	0.790946	2021096	0.746754	117036	0.0432424	0.944127	0.945263
case_3	174.0	2156870	0.803313	2074452	0.772617	74984	0.0279273	0.961788	0.965115
case_3	206.0	2087597	0.789069	1936667	0.732021	103707	0.0391991	0.927702	0.949173
case_3	206.0	2042482	0.76266	1901254	0.709925	113042	0.0422097	0.930855	0.94388
case_3	206.0	2059344	0.764221	1926381	0.714878	109706	0.0407118	0.935434	0.946119
case_3	206.0	2082658	0.784129	1935670	0.728787	101958	0.0383876	0.929423	0.949962
case_3	174.0	2198999	0.8264	2118253	0.796055	68487	0.0257379	0.963281	0.968681
case_3	174.0	2180086	0.804463	2094488	0.772877	73297	0.027047	0.960736	0.966188
case_4	201.0	3391170	0.815507	3320159	0.79843	127695	0.030708	0.97906	0.962964
case_4	46.0	3904796	0.936457	3894658	0.934025	17198	0.00412446	0.997404	0.995604
case_4	855.0	981394	0.307851	719107	0.225575	354253	0.111125	0.73274	0.669959
case_4	854.0	984343	0.308463	717241	0.224762	357990	0.112183	0.728649	0.667058
case_4	855.0	1003885	0.3129	727167	0.22665	351980	0.109708	0.724353	0.673835
case_4	853.0	1023292	0.321818	748761	0.23548	364881	0.114752	0.731718	0.672353
case_4	201.0	3359523	0.805511	3285643	0.787797	122487	0.0293686	0.978009	0.96406
case_4	53.0	2073129	0.929786	2069079	0.927969	9700	0.00435039	0.998046	0.995334
case_4	17.0	2161444	0.983911	2160393	0.983432	1053	0.000479336	0.999514	0.999513
case_4	53.0	2065667	0.926503	2061865	0.924797	9506	0.00426368	0.998159	0.995411
case_4	854.0	1023873	0.319039	750076	0.233724	367372	0.114473	0.732587	0.67124
case_4	17.0	2169960	0.987719	2168489	0.987049	1716	0.000781086	0.999322	0.999209
case_4	0.0	2200170	1.0	2200170	1.0	0	0.0	1.0	1.0
case_4	854.0	1000146	0.314629	724163	0.22781	348765	0.109716	0.724057	0.674941
case_4	855.0	989758	0.307318	719289	0.223338	362058	0.112418	0.726732	0.665179
case_4	17.0	2169960	0.987719	2168489	0.987049	1716	0.000781086	0.999322	0.999209
case_4	854.0	1000146	0.314629	724163	0.22781	348765	0.109716	0.724057	0.674941
case_4	854.0	1021356	0.321536	751566	0.236602	361819	0.113905	0.735851	0.675028
case_4	854.0	986191	0.309057	716896	0.224664	352926	0.110602	0.726934	0.670108
case_4	854.0	984343	0.308463	717241	0.224762	357990	0.112183	0.728649	0.667058
case_4	10.0	2184254	0.992835	2183711	0.992588	1528	0.00069454	0.999751	0.999301
case_4	53.0	2073129	0.929786	2069079	0.927969	9700	0.00435039	0.998046	0.995334
case_4	54.0	2065148	0.92755	2060231	0.925341	10042	0.00451031	0.997619	0.995149
case_4	853.0	1023292	0.321818	748761	0.23548	364881	0.114752	0.731718	0.672353
case_4	855.0	997842	0.314224	727716	0.22916	345212	0.108708	0.72929	0.678252
case_4	10.0	2184254	0.992835	2183711	0.992588	1528	0.00069454	0.999751	0.999301
case_4	853.0	1022702	0.321648	746591	0.234809	359442	0.113047	0.730018	0.675017
case_4	854.0	1001334	0.315018	723818	0.227712	343701	0.108128	0.722854	0.678038
case_5	391.0	1736035	0.647962	1545117	0.576704	244716	0.0913384	0.890026	0.863274
case_5	124.0	2263197	0.860002	2233369	0.848667	57200	0.0217357	0.98682	0.975028
case_5	29.0	2521648	0.952455	2515343	0.950074	6677	0.00252198	0.9975	0.997353
case_5	42.0	2444607	0.909724	2436094	0.906556	8389	0.00312184	0.996518	0.996568
case_5	391.0	1798217	0.684131	1605713	0.610893	257646	0.0980214	0.892947	0.86173
case_5	391.0	1599604	0.622879	1429144	0.556502	229592	0.0894021	0.893436	0.861586
case_5	208.0	1923615	0.763194	1869385	0.741678	113549	0.0450506	0.971808	0.942737
case_5	391.0	1726393	0.641861	1534292	0.570439	254002	0.0944362	0.888727	0.857964
case_5	391.0	1648066	0.655314	1471405	0.585069	243898	0.0969802	0.892807	0.857811
case_5	42.0	2509655	0.952779	2505587	0.951235	9388	0.00356411	0.998379	0.996267
case_5	390.0	1818408	0.685567	1620324	0.610887	256274	0.0966192	0.891067	0.863437
case_5	391.0	1643654	0.65276	1456205	0.578316	247170	0.0981609	0.885956	0.854894
case_5	26.0	2509578	0.934975	2506212	0.933721	1328	0.000494763	0.998659	0.99947
case_5	391.0	1788842	0.679767	1589503	0.604018	261348	0.0993133	0.888565	0.858796
case_5	391.0	1785906	0.679272	1580572	0.601173	261444	0.0994406	0.885025	0.858066
case_5	123.0	2299269	0.865047	2269906	0.854	52818	0.0198716	0.987229	0.97726
case_5	22.0	2528691	0.963833	2525774	0.962721	4747	0.00180936	0.998846	0.998124
case_5	124.0	2289717	0.869285	2257656	0.857114	54859	0.0208271	0.985998	0.976277
case_5	208.0	1921321	0.765456	1862095	0.74186	99599	0.0396803	0.969174	0.949228
case_5	391.0	1789674	0.681504	1592271	0.606334	257882	0.0982009	0.889699	0.860616
case_5	390.0	1811236	0.68207	1607530	0.605359	262351	0.0987954	0.887532	0.859696
case_5	391.0	1776007	0.672834	1569909	0.594755	269331	0.102035	0.883954	0.853564
case_5	390.0	1767035	0.65311	1574001	0.581763	244316	0.0903011	0.890758	0.865636
case_5	29.0	2543761	0.959936	2541272	0.958997	3674	0.00138645	0.999022	0.998556
case_5	391.0	1778865	0.674705	1580416	0.599435	263098	0.0997903	0.888441	0.857285
case_5	391.0	1745227	0.650809	1557853	0.580936	243485	0.0907975	0.892636	0.864831
case_5	207.0	1953023	0.770003	1890646	0.74541	96754	0.0381464	0.968061	0.951316
case_5	208.0	1941604	0.772797	1882784	0.749385	96729	0.0385001	0.969705	0.951135
case_6	68.0	2359007	0.934355	2350719	0.931073	13127	0.00519934	0.996487	0.994447
case_6	438.0	1672657	0.61401	1429157	0.524624	294818	0.108224	0.854423	0.828989
case_6	8.0	2485010	0.991798	2484188	0.99147	822	0.00032807	0.999669	0.999669
case_6	438.0	1648766	0.611974	1419867	0.527014	287999	0.106897	0.86117	0.831369
case_6	68.0	2362292	0.934966	2353599	0.931525	13636	0.00539696	0.99632	0.99424
case_6	68.0	2364520	0.934598	2357230	0.931716	10764	0.00425457	0.996917	0.995454
case_6	438.0	1669690	0.612793	1431464	0.525362	294102	0.107938	0.857323	0.829562
case_6	68.0	2365193	0.934175	2357609	0.931179	11058	0.00436755	0.996793	0.995332
case_6	438.0	1664954	0.612392	1430587	0.526189	294083	0.108168	0.859235	0.829484
case_6	438.0	1676437	0.614215	1436530	0.526318	295528	0.108276	0.856895	0.829378
case_6	68.0	2374223	0.935481	2368173	0.933097	10841	0.00427152	0.997452	0.995443
case_6	8.0	2486704	0.991736	2485663	0.991321	1041	0.000415167	0.999581	0.999581
case_6	68.0	2369062	0.93538	2361902	0.932553	12415	0.00490183	0.996978	0.994771
case_6	438.0	1671701	0.613818	1435653	0.527145	295509	0.108505	0.858798	0.8293
case_6	438.0	1647711	0.612007	1418133	0.526735	287570	0.106812	0.860669	0.831407
case_6	438.0	1653975	0.612843	1423541	0.527461	289511	0.107272	0.860679	0.830997
case_6	6.0	2545060	0.995545	2544879	0.995474	181	7.08013e-05	0.999929	0.999929
case_6	438.0	1665579	0.612464	1424099	0.523667	293392	0.107886	0.855017	0.829174
case_6	34.0	2464605	0.966056	2461073	0.964671	8409	0.00329609	0.998567	0.996595
case_6	68.0	2370542	0.936225	2364980	0.934028	10975	0.00433448	0.997654	0.995381
case_6	68.0	2359480	0.934803	2353694	0.932511	10893	0.0043157	0.997548	0.995393
case_6	68.0	2360153	0.934379	2354073	0.931972	11187	0.00442891	0.997424	0.99527
case_6	4.0	2878742	0.995512	2878274	0.99535	468	0.000161841	0.999837	0.999837
case_6	4.0	2489764	0.996128	2488805	0.995744	959	0.000383685	0.999615	0.999615
case_6	34.0	2469023	0.965536	2465620	0.964205	8280	0.00323798	0.998622	0.996653
case_6	438.0	1655869	0.612158	1427599	0.527769	291847	0.107893	0.862145	0.830267
case_6	438.0	1652920	0.612876	1421838	0.527195	289051	0.107175	0.860198	0.831052
case_6	438.0	1651355	0.611547	1424596	0.527571	290366	0.107531	0.862683	0.830687
case_7	87.0	2396784	0.919468	2378862	0.912592	23863	0.00915446	0.992522	0.990068
case_7	43.0	2492195	0.960002	2484097	0.956882	6477	0.00249496	0.996751	0.997399
case_7	178.0	2145600	0.82226	2070446	0.793459	109984	0.0421493	0.964973	0.949559
case_7	42.0	2476352	0.950553	2469822	0.948047	7475	0.0028693	0.997363	0.996983
case_7	177.0	2132975	0.819828	2046952	0.786764	108630	0.0417529	0.95967	0.949605
case_7	86.0	2400462	0.921807	2384568	0.915703	22345	0.00858075	0.993379	0.990716
case_7	40.0	2500869	0.962869	2494319	0.960347	6880	0.0026489	0.997381	0.997249
case_7	87.0	2396784	0.919468	2378862	0.912592	23863	0.00915446	0.992522	0.990068
case_7	43.0	2492195	0.960002	2484097	0.956882	6477	0.00249496	0.996751	0.997399
case_7	178.0	2145600	0.82226	2070446	0.793459	109984	0.0421493	0.964973	0.949559
case_7	177.0	2160638	0.825476	2089872	0.79844	101888	0.0389265	0.967248	0.953513
case_7	40.0	2500869	0.962869	2494319	0.960347	6880	0.0026489	0.997381	0.997249
case_7	43.0	2481494	0.953488	2474893	0.950951	5889	0.00226279	0.99734	0.997626
case_7	178.0	2133552	0.819223	2050831	0.787461	115857	0.0444858	0.961229	0.946528
case_7	14.0	2568877	0.982326	2563815	0.980391	9216	0.00352415	0.998029	0.996418
case_7	0.0	2598656	1.0	2598656	1.0	0	0.0	1.0	1.0
case_7	178.0	2133552	0.819223	2050831	0.787461	115857	0.0444858	0.961229	0.946528
case_7	178.0	2144877	0.822408	2066697	0.792431	110597	0.0424061	0.96355	0.949204
case_7	42.0	2470280	0.948713	2461047	0.945167	8127	0.00312118	0.996262	0.996709
case_7	178.0	2130978	0.814623	2062416	0.788414	106596	0.0407492	0.967826	0.950855
case_7	87.0	2377715	0.909879	2362038	0.90388	25732	0.00984685	0.993407	0.989223
case_7	42.0	2476352	0.950553	2469822	0.948047	7475	0.0028693	0.997363	0.996983
case_7	43.0	2490519	0.959854	2480297	0.955915	8058	0.00310558	0.995896	0.996762
case_7	177.0	2147638	0.82387	2066997	0.792935	102029	0.03914	0.962451	0.952961
case_7	178.0	2130591	0.81851	2047079	0.786427	116709	0.0448361	0.960803	0.946063
case_7	178.0	2116654	0.810708	2042195	0.782189	113224	0.0433664	0.964822	0.94747
case_7	177.0	2143037	0.820329	2067361	0.791361	108594	0.0415685	0.964687	0.950094
case_7	87.0	2392075	0.918136	2374027	0.911208	23614	0.00906362	0.992455	0.990151
case_8	396.0	1729863	0.637176	1535225	0.565484	192474	0.0708957	0.887484	0.888595
case_8	264.0	1981706	0.740393	1875319	0.700645	126689	0.0473328	0.946315	0.936719
case_8	265.0	1957358	0.73729	1847536	0.695923	115312	0.0434353	0.943893	0.941253
case_8	180.0	2128504	0.819422	2090720	0.804877	81573	0.0314036	0.982249	0.962448
case_8	396.0	1753930	0.643976	1564285	0.574345	198693	0.0729524	0.891874	0.887297
case_8	396.0	1738873	0.650885	1561324	0.584426	186339	0.0697494	0.897894	0.893378
case_8	264.0	1987223	0.73968	1879582	0.699614	124821	0.0464606	0.945833	0.937727
case_8	115.0	2279294	0.844766	2250635	0.834144	57429	0.0212847	0.987426	0.975118
case_8	265.0	1978092	0.747156	1864351	0.704195	108716	0.0410637	0.9425	0.9449
case_8	396.0	1750934	0.652946	1566398	0.58413	189088	0.0705134	0.894607	0.892287
case_8	397.0	1722289	0.64157	1535598	0.572026	192815	0.0718255	0.891603	0.888444
case_8	265.0	1929886	0.741751	1832007	0.704131	100280	0.0385426	0.949282	0.948103
case_8	265.0	1971859	0.739954	1854674	0.695979	111570	0.0418674	0.940571	0.943257
case_8	396.0	1781779	0.662298	1603644	0.596084	193223	0.0718221	0.900024	0.892467
case_8	115.0	2282613	0.85147	2261100	0.843445	52908	0.019736	0.990575	0.977136
case_8	62.0	2549330	0.937741	2542153	0.935101	21128	0.00777168	0.997185	0.991757
case_8	396.0	1769578	0.660227	1599132	0.596633	190899	0.0712241	0.90368	0.893354
case_8	265.0	1941391	0.741231	1832954	0.699829	105209	0.0401692	0.944145	0.945717
case_8	180.0	2138496	0.820099	2103326	0.806612	75192	0.0288356	0.983554	0.965485
case_8	265.0	1959393	0.742911	1855106	0.70337	110146	0.0417622	0.946776	0.943953
case_8	396.0	1749061	0.66137	1545957	0.584571	196258	0.0742108	0.883878	0.887351
case_8	397.0	1723644	0.637953	1537737	0.569145	193665	0.071679	0.892143	0.888146
case_8	264.0	1934677	0.732581	1839533	0.696554	118515	0.0448767	0.950822	0.939473
case_8	396.0	1719509	0.652344	1513876	0.574331	200710	0.0761449	0.880412	0.88294
case_8	42.0	2524840	0.949534	2518783	0.947256	11530	0.00433616	0.997601	0.995443
case_8	26.0	2569595	0.97213	2565505	0.970583	4565	0.00172703	0.998408	0.998224
case_8	397.0	1700711	0.635594	1515284	0.566296	187166	0.0699481	0.890971	0.890061
case_8	397.0	1704649	0.632962	1519454	0.564197	185745	0.06897	0.891359	0.891071
case_9	10.0	2752754	0.981694	2752328	0.981542	426	0.000151921	0.999845	0.999845
case_9	641.0	1361198	0.4974	1161841	0.424552	424324	0.155054	0.853543	0.732484
case_9	16.0	2753415	0.981906	2752312	0.981512	1101	0.000392632	0.999599	0.9996
case_9	641.0	1377385	0.500002	1168727	0.424258	441640	0.160319	0.848511	0.725752
case_9	34.0	2717374	0.965611	2710408	0.963136	5691	0.00202228	0.997436	0.997905
case_9	34.0	2673157	0.956722	2666326	0.954277	5532	0.0019799	0.997445	0.99793
case_9	34.0	2720027	0.964144	2713373	0.961785	6009	0.00212996	0.997554	0.99779
case_9	12.0	2765242	0.989611	2764864	0.989476	941	0.00033676	0.999863	0.99966
case_9	22.0	2737847	0.973915	2735533	0.973092	1002	0.000356434	0.999155	0.999634
case_9	641.0	1377605	0.50027	1166274	0.423526	431389	0.156657	0.846595	0.729987
case_9	641.0	1381707	0.501218	1178392	0.427465	436142	0.158212	0.852852	0.729865
case_9	34.0	2674302	0.959543	2665792	0.95649	6187	0.0022199	0.996818	0.997684
case_9	22.0	2735428	0.977944	2731605	0.976578	1425	0.000509452	0.998602	0.999479
case_9	641.0	1364099	0.496995	1165953	0.424802	430078	0.156694	0.854742	0.730533
case_9	20.0	2639157	0.978442	2637192	0.977713	2279	0.000844917	0.999255	0.999137
case_9	641.0	1379243	0.499401	1170439	0.423797	438010	0.158596	0.84861	0.727682
case_9	641.0	1375819	0.501421	1169896	0.426372	432019	0.15745	0.850327	0.730311
case_9	641.0	1377560	0.50282	1167982	0.426322	426381	0.155632	0.847863	0.73257
case_9	34.0	2717378	0.968028	2708742	0.964952	6331	0.00225533	0.996822	0.997668
case_9	22.0	2734197	0.976048	2732985	0.975615	899	0.000320923	0.999557	0.999671
case_9	34.0	2676566	0.955536	2669368	0.952967	5772	0.00206061	0.997311	0.997842
case_9	641.0	1378564	0.5019	1166590	0.424726	434085	0.158039	0.846236	0.728811
case_9	34.0	2674115	0.958042	2669556	0.956408	5658	0.00202706	0.998295	0.997885
case_9	641.0	1377060	0.500402	1174201	0.426686	438632	0.159392	0.852687	0.728036
case_9	641.0	1378547	0.501703	1172147	0.426587	433002	0.157585	0.850277	0.730242
case_9	16.0	2753865	0.980607	2753317	0.980412	2463	0.000877034	0.999801	0.999106
case_9	641.0	1383790	0.500509	1182448	0.427685	442808	0.160161	0.8545	0.727546
case_9	34.0	2717412	0.966603	2712105	0.964716	5817	0.00206915	0.998047	0.99786
