case_10	270.0	1848088	0.707652	1690703	0.647388	179900	0.0688856	0.914839	0.903828
case_10	270.0	1870636	0.713712	1704491	0.650322	177846	0.0678543	0.911183	0.905519
case_10	270.0	1842600	0.690842	1685211	0.631833	180077	0.0675159	0.914583	0.903459
case_10	270.0	1873563	0.715013	1706929	0.65142	178148	0.0679871	0.91106	0.905496
case_10	46.0	2362339	0.944144	2353929	0.940783	11844	0.00473363	0.99644	0.994994
case_10	270.0	1854008	0.707527	1694088	0.646498	180284	0.0688	0.913744	0.903816
case_10	74.0	2275573	0.889932	2256738	0.882566	16387	0.00640863	0.991723	0.992791
case_10	269.0	1831160	0.688569	1672501	0.628909	179672	0.0675619	0.913356	0.902994
case_10	10.0	2471439	0.984705	2469937	0.984106	1502	0.000598447	0.999392	0.999392
case_10	6.0	2712484	0.99341	2712023	0.993241	461	0.000168835	0.99983	0.99983
case_10	269.0	1837820	0.705648	1679341	0.644798	178116	0.0683892	0.913768	0.904108
case_10	74.0	2276811	0.89347	2258246	0.886185	20196	0.00792535	0.991846	0.991136
case_10	74.0	2283597	0.909464	2260606	0.900308	15422	0.00614196	0.989932	0.993224
case_10	269.0	1842515	0.70506	1681672	0.643512	178246	0.0682079	0.912705	0.904165
case_10	11.0	2689389	0.987531	2687889	0.986981	1500	0.000550793	0.999442	0.999442
case_10	74.0	2293962	0.91396	2266350	0.902959	14367	0.0057241	0.987963	0.993701
case_10	270.0	1851518	0.706394	1689928	0.644744	178583	0.0681332	0.912726	0.904425
case_10	46.0	2369800	0.947508	2358860	0.943134	12057	0.00482071	0.995384	0.994915
case_10	74.0	2280565	0.91143	2261715	0.903897	17377	0.00694473	0.991735	0.992375
case_10	270.0	1847641	0.692908	1687092	0.632699	181613	0.0681091	0.913106	0.902813
case_10	270.0	1845034	0.706299	1687222	0.645887	178437	0.0683076	0.914467	0.904357
case_10	269.0	1861852	0.712483	1694578	0.648472	177225	0.0678195	0.910157	0.905319
case_10	74.0	2283972	0.893569	2261857	0.884917	16030	0.00627149	0.990317	0.992963
case_10	11.0	2689057	0.987655	2687474	0.987074	1583	0.000581415	0.999411	0.999411
case_10	40.0	2409581	0.942307	2391035	0.935055	4827	0.00188768	0.992303	0.997985
case_10	269.0	1874741	0.717693	1703484	0.652132	175022	0.0670024	0.90865	0.906829
case_10	270.0	1885508	0.719849	1716666	0.655389	176120	0.0672391	0.910453	0.906952
case_10	270.0	1882583	0.718547	1713183	0.65389	175508	0.0669881	0.910017	0.907074
case_11	36.0	2882128	0.953639	2870917	0.94993	9476	0.00313542	0.99611	0.99671
case_11	50.0	2830178	0.942486	2820469	0.939252	10191	0.00339373	0.996569	0.9964
case_11	264.0	1903932	0.681328	1713169	0.613063	152107	0.054432	0.899806	0.918453
case_11	264.0	1912733	0.678198	1726571	0.61219	153134	0.0542967	0.902672	0.918533
case_11	50.0	2840628	0.942503	2830879	0.939268	7667	0.00254386	0.996568	0.997299
case_11	50.0	2812284	0.939724	2798430	0.935095	14587	0.00487424	0.995074	0.994814
case_11	264.0	1902005	0.684911	1692070	0.609314	150065	0.0540384	0.889624	0.918537
case_11	30.0	2869536	0.952693	2862823	0.950465	12011	0.00398768	0.997661	0.995822
case_11	50.0	2867071	0.94318	2857423	0.940006	11493	0.00378085	0.996635	0.995994
case_11	10.0	2923599	0.981425	2919834	0.980161	4144	0.0013911	0.998712	0.998583
case_11	10.0	2936377	0.982077	2935123	0.981658	1253	0.000419068	0.999573	0.999573
case_11	50.0	2817186	0.940164	2807414	0.936902	7489	0.00249926	0.996531	0.99734
case_11	36.0	2811898	0.947176	2799260	0.942919	8779	0.00295717	0.995506	0.996874
case_11	36.0	2872897	0.952603	2862705	0.949223	6028	0.00199878	0.996452	0.997899
case_11	98.0	2312437	0.897775	2291256	0.889552	38987	0.0151362	0.99084	0.983269
case_11	264.0	1864460	0.67371	1685421	0.609016	161926	0.0585109	0.903973	0.912347
case_11	264.0	1879220	0.676546	1699410	0.611812	163477	0.0588541	0.904317	0.912245
case_11	36.0	2820687	0.948092	2806876	0.94345	12706	0.00427075	0.995104	0.995494
case_11	264.0	1914228	0.683418	1727180	0.616638	150407	0.0536983	0.902285	0.919893
case_11	264.0	1887559	0.680644	1702760	0.614007	155364	0.0560235	0.902096	0.916387
case_11	264.0	1892638	0.679971	1708373	0.61377	154013	0.0553325	0.902641	0.917303
case_11	36.0	2834006	0.94905	2820579	0.944554	9740	0.00326172	0.995262	0.996559
case_11	264.0	1878512	0.677854	1677446	0.6053	158928	0.0573485	0.892965	0.913456
case_11	264.0	1885737	0.676207	1702921	0.610651	161178	0.0577968	0.903053	0.913536
case_11	10.0	2949667	0.984414	2945506	0.983026	4161	0.00138868	0.998589	0.998589
case_11	264.0	1894111	0.677625	1708945	0.611381	154629	0.0553191	0.902241	0.917026
case_11	36.0	2898916	0.955705	2888941	0.952417	6151	0.00202784	0.996559	0.997875
case_11	264.0	1894789	0.673206	1713469	0.608785	160323	0.0569617	0.904306	0.914439
case_12	109.0	2295928	0.861021	2262047	0.848315	43239	0.0162155	0.985243	0.981244
case_12	50.0	2487775	0.945217	2481567	0.942858	8998	0.00341874	0.997505	0.996387
case_12	108.0	2298002	0.873708	2269618	0.862917	42148	0.0160248	0.987648	0.981768
case_12	197.0	1493922	0.657964	1427231	0.628591	88837	0.0391262	0.955358	0.941403
case_12	26.0	1836909	0.967728	1835319	0.966891	6891	0.00363035	0.999134	0.996259
case_12	6.0	2613383	0.979504	2613161	0.979421	222	8.32063e-05	0.999915	0.999915
case_12	197.0	1499531	0.663268	1430033	0.632527	84625	0.0374311	0.953654	0.944129
case_12	164.0	2133318	0.812642	2079071	0.791978	94092	0.0358423	0.974572	0.956703
case_12	164.0	2095963	0.797868	2035544	0.774869	93136	0.035454	0.971174	0.956247
case_12	197.0	1480823	0.653636	1404403	0.619904	91659	0.0404583	0.948394	0.938733
case_12	108.0	2283562	0.870837	2260174	0.861918	41203	0.0157128	0.989758	0.982096
case_12	198.0	1482120	0.64332	1414444	0.613945	95759	0.0415646	0.954338	0.936592
case_12	198.0	1491878	0.646711	1431761	0.620651	92118	0.039932	0.959704	0.93955
case_12	164.0	2103758	0.798432	2042280	0.775099	99839	0.0378915	0.970777	0.953392
case_12	197.0	1471352	0.65032	1393289	0.615817	94614	0.0418182	0.946945	0.936411
case_12	197.0	1470624	0.650832	1394127	0.616978	91922	0.0406806	0.947983	0.938143
case_12	165.0	2092889	0.796771	2025801	0.771231	101824	0.0387648	0.967945	0.952142
case_12	165.0	2119374	0.793414	2052835	0.768504	102965	0.0385462	0.968604	0.952238
case_12	51.0	2480534	0.929628	2469159	0.925365	10328	0.00387062	0.995414	0.995835
case_12	197.0	1484164	0.654534	1410074	0.621859	92530	0.0408068	0.95008	0.93842
case_12	198.0	1494370	0.660532	1428629	0.631474	92187	0.0407479	0.956008	0.939383
case_12	197.0	1493909	0.661662	1413602	0.626093	87756	0.0388677	0.946244	0.941549
case_12	197.0	1483039	0.655454	1411936	0.624029	87919	0.0388573	0.952056	0.941382
case_12	198.0	1483931	0.656792	1409527	0.62386	95893	0.0424425	0.94986	0.936301
case_12	15.0	2577421	0.979367	2575214	0.978529	1607	0.000610627	0.999144	0.999376
case_12	15.0	2578967	0.963661	2576137	0.962604	1687	0.000630367	0.998903	0.999346
case_12	109.0	2292471	0.874315	2260615	0.862165	43253	0.0164961	0.986104	0.981226
case_12	51.0	2478551	0.944638	2469468	0.941176	10303	0.00392673	0.996335	0.995845
case_13	403.0	1301021	0.557624	1215704	0.521057	216677	0.0928689	0.934423	0.848729
case_13	519.0	1171040	0.494127	1005079	0.424099	260456	0.109901	0.858279	0.794193
case_13	519.0	1178249	0.498277	1011545	0.427779	255733	0.108149	0.858515	0.798203
case_13	403.0	1320398	0.562103	1237342	0.526746	219681	0.0935199	0.937098	0.849226
case_13	24.0	2613488	0.966087	2610338	0.964923	3947	0.00145903	0.998795	0.99849
case_13	32.0	2629960	0.968379	2623966	0.966172	8947	0.00329438	0.997721	0.996602
case_13	519.0	1393609	0.539141	1204244	0.465882	303733	0.117504	0.864119	0.798582
case_13	6.0	2693570	0.991834	2693068	0.991649	502	0.000184848	0.999814	0.999814
case_13	520.0	834709	0.417806	683871	0.342305	216058	0.108146	0.819293	0.759917
case_13	520.0	999846	0.46246	826097	0.382096	241197	0.111561	0.826224	0.774011
case_13	56.0	1882440	0.862357	1876801	0.859774	9934	0.00455082	0.997004	0.994735
case_13	519.0	1365670	0.53051	1178796	0.457917	304527	0.118297	0.863163	0.794699
case_13	32.0	2597323	0.961986	2591134	0.959694	9264	0.00343116	0.997617	0.996437
case_13	519.0	1342465	0.529761	1166738	0.460416	287475	0.113443	0.869101	0.802316
case_13	136.0	2058093	0.856424	2033320	0.846115	51269	0.0213343	0.987963	0.975406
case_13	136.0	1789498	0.799258	1770440	0.790746	51440	0.0229751	0.98935	0.971765
case_13	519.0	1341437	0.530478	1162691	0.459792	286719	0.113385	0.86675	0.802182
case_13	24.0	2608206	0.96605	2605139	0.964914	3864	0.00143118	0.998824	0.998519
case_13	519.0	1322034	0.524989	1150414	0.456837	285218	0.113262	0.870185	0.801329
case_13	403.0	1319472	0.562973	1235413	0.527108	212862	0.0908208	0.936293	0.853024
case_13	519.0	1153792	0.490133	991355	0.42113	255535	0.108552	0.859215	0.795062
case_13	519.0	1389492	0.536454	1195123	0.461413	309395	0.119451	0.860115	0.794356
case_13	32.0	2625271	0.968565	2618760	0.966163	8867	0.00327138	0.99752	0.996625
case_13	520.0	1030055	0.464394	848135	0.382377	246960	0.111341	0.823388	0.774485
case_13	519.0	1345575	0.532096	1172469	0.463642	284393	0.112461	0.871352	0.804791
case_13	519.0	1387901	0.536952	1192719	0.46144	306480	0.118571	0.859369	0.795571
case_13	403.0	1315532	0.561313	1233118	0.526149	222101	0.0947664	0.937353	0.847376
case_13	519.0	1170351	0.494956	1002391	0.423924	256349	0.108413	0.856487	0.796345
case_14	165.0	2380194	0.801227	2328613	0.783864	80527	0.0271072	0.978329	0.966574
case_14	321.0	1817501	0.644937	1506282	0.534501	175549	0.0622932	0.828765	0.89562
case_14	32.0	2900926	0.958873	2896187	0.957307	5346	0.00176707	0.998366	0.998158
case_14	320.0	1832001	0.649344	1543847	0.547209	155654	0.0551708	0.842711	0.908412
case_14	320.0	1842740	0.653198	1552144	0.55019	158235	0.0560897	0.842302	0.907485
case_14	17.0	2944349	0.977252	2942563	0.976659	1787	0.000593119	0.999393	0.999393
case_14	166.0	2379709	0.804439	2327580	0.786817	81461	0.0275371	0.978094	0.966185
case_14	17.0	2949445	0.978116	2947619	0.97751	1827	0.000605883	0.999381	0.999381
case_14	321.0	1840660	0.644503	1549962	0.542715	167100	0.0585097	0.842069	0.902683
case_14	165.0	2369546	0.797588	2323807	0.782192	82821	0.0278775	0.980697	0.965586
case_14	33.0	2906862	0.964875	2900945	0.962911	5236	0.00173799	0.997964	0.998198
case_14	321.0	1759865	0.633932	1461138	0.526326	185971	0.0669898	0.830256	0.887092
case_14	166.0	2396905	0.797502	2340672	0.778792	78525	0.026127	0.976539	0.967541
case_14	321.0	1831265	0.639095	1512793	0.527951	188430	0.0657604	0.826092	0.889239
case_14	184.0	2157002	0.821236	2117631	0.806246	93341	0.0355378	0.981747	0.957783
case_14	2.0	3022836	0.998261	3022216	0.998056	620	0.000204749	0.999795	0.999795
case_14	79.0	2752698	0.898773	2736903	0.893615	24360	0.00795369	0.994262	0.991178
case_14	79.0	2756085	0.900688	2739697	0.895332	20699	0.00676443	0.994054	0.992501
case_14	165.0	2374109	0.798439	2326823	0.782536	82861	0.0278671	0.980083	0.965613
case_14	321.0	1770432	0.63992	1487932	0.537811	158984	0.0574645	0.840434	0.903466
case_14	32.0	2906021	0.959749	2901242	0.95817	5386	0.00177879	0.998355	0.998147
case_14	320.0	1811644	0.639406	1509664	0.532825	173392	0.0611974	0.833312	0.896978
case_14	321.0	1841741	0.65574	1546745	0.550709	154630	0.055055	0.839828	0.909115
case_14	320.0	1807891	0.638702	1508281	0.532854	184513	0.0651858	0.834277	0.891001
case_14	79.0	2747602	0.897856	2731848	0.892708	24320	0.00794724	0.994266	0.991176
case_14	80.0	2755725	0.904253	2735759	0.897701	24472	0.00803015	0.992755	0.991134
case_14	320.0	1836342	0.650295	1549447	0.548698	153115	0.0542219	0.843768	0.910068
case_14	320.0	1808613	0.638911	1504064	0.531326	175932	0.0621498	0.831612	0.895278
case_15	12.0	2808838	0.9857	2807645	0.985282	1193	0.000418657	0.999575	0.999575
case_15	21.0	2783202	0.966141	2779135	0.964729	7431	0.00257954	0.998539	0.997333
case_15	557.0	1212255	0.474982	927278	0.363324	273861	0.107303	0.76492	0.771999
case_15	559.0	1478531	0.525645	1190367	0.423197	356056	0.126584	0.805101	0.769755
case_15	559.0	1465767	0.526022	1168503	0.419343	346714	0.124426	0.797196	0.771179
case_15	558.0	1489251	0.524266	1199653	0.422318	360549	0.126925	0.805541	0.768909
case_15	42.0	2578789	0.936217	2572400	0.933897	7740	0.00280997	0.997522	0.997
case_15	559.0	1471470	0.527169	1174359	0.420726	347653	0.12455	0.798086	0.771583
case_15	64.0	2082583	0.938516	2075442	0.935298	10005	0.00450875	0.996571	0.995202
case_15	4.0	2888069	0.994573	2887476	0.994369	630	0.000216955	0.999795	0.999782
case_15	21.0	2785951	0.968696	2783855	0.967967	6436	0.00223784	0.999248	0.997693
case_15	21.0	2788168	0.970584	2785638	0.969703	6870	0.0023915	0.999093	0.99754
case_15	558.0	1207050	0.47726	924991	0.365736	272779	0.107855	0.766324	0.772261
case_15	135.0	1914701	0.776425	1890624	0.766661	29226	0.0118513	0.987425	0.984777
case_15	558.0	1493744	0.525236	1201501	0.422476	361118	0.126978	0.804355	0.768902
case_15	21.0	2784060	0.96755	2780918	0.966458	7865	0.00273334	0.998871	0.99718
case_15	557.0	1219419	0.474365	933867	0.363283	280103	0.108963	0.765829	0.769267
case_15	557.0	1215947	0.475812	932198	0.364778	274025	0.107229	0.766644	0.772824
case_15	558.0	1479530	0.525708	1178759	0.418838	352019	0.12508	0.796712	0.770039
case_15	558.0	1202392	0.476315	920062	0.364473	272660	0.108011	0.765193	0.771397
case_15	559.0	1483145	0.526394	1196330	0.424599	356984	0.1267	0.806617	0.770179
case_15	135.0	1930756	0.778166	1902380	0.766729	33903	0.0136642	0.985303	0.982491
case_15	558.0	1484023	0.526685	1180607	0.419002	352588	0.125135	0.795545	0.770031
case_15	558.0	1212528	0.476578	926250	0.364058	276550	0.108697	0.7639	0.770078
case_15	135.0	1942045	0.774511	1912245	0.762626	31891	0.0127185	0.984655	0.983596
case_15	135.0	1934277	0.776091	1903167	0.763609	28142	0.0112914	0.983916	0.985429
case_15	557.0	1215690	0.473524	928947	0.361835	278581	0.10851	0.764131	0.769296
case_15	558.0	1207319	0.47542	921460	0.362854	278248	0.109569	0.763228	0.76807
case_16	217.0	2084616	0.760904	1993215	0.727542	109219	0.0398659	0.956155	0.948051
case_16	106.0	1721340	0.755684	1700360	0.746474	38627	0.0169576	0.987812	0.977788
case_16	139.0	1572847	0.692428	1531141	0.674067	37800	0.016641	0.973484	0.975907
case_16	0.0	2631597	1.0	2631597	1.0	0	0.0	1.0	1.0
case_16	24.0	2572443	0.97404	2569443	0.972904	4528	0.0017145	0.998834	0.998241
case_16	139.0	1657685	0.731278	1610914	0.710645	39050	0.0172267	0.971785	0.976333
case_16	139.0	2067358	0.80645	2023927	0.789508	47280	0.0184433	0.978992	0.977173
case_16	140.0	1716784	0.743612	1666288	0.72174	42093	0.0182323	0.970587	0.975361
case_16	217.0	1637814	0.680335	1560222	0.648104	85506	0.0355185	0.952625	0.948044
case_16	216.0	2030597	0.755325	1928272	0.717263	110711	0.0411814	0.949608	0.945703
case_16	140.0	2211888	0.847418	2160607	0.827771	51514	0.019736	0.976816	0.976713
case_16	140.0	2216197	0.85214	2164475	0.832253	51701	0.0198793	0.976662	0.976671
case_16	217.0	2101152	0.769582	2009708	0.736089	108199	0.0396297	0.956479	0.948912
case_16	140.0	1716784	0.743612	1666288	0.72174	42093	0.0182323	0.970587	0.975361
case_16	89.0	2306284	0.88733	2278397	0.876601	29682	0.01142	0.987908	0.98714
case_16	216.0	1929681	0.716544	1833999	0.681015	112784	0.0418798	0.950416	0.942066
case_16	217.0	2024855	0.750114	1932712	0.715979	117579	0.0435575	0.954494	0.942653
case_16	139.0	2148125	0.839483	2089812	0.816694	46594	0.0182088	0.972854	0.97819
case_16	24.0	2572443	0.97404	2569443	0.972904	4528	0.0017145	0.998834	0.998241
case_16	89.0	2203917	0.849495	2181355	0.840799	32572	0.0125548	0.989763	0.985288
case_16	140.0	1705775	0.735845	1656000	0.714373	40831	0.0176139	0.97082	0.975937
case_16	89.0	2314654	0.893785	2283989	0.881944	28930	0.0111711	0.986752	0.987492
case_16	217.0	2101152	0.769582	2009708	0.736089	108199	0.0396297	0.956479	0.948912
case_16	89.0	2196450	0.843559	2177753	0.836378	33118	0.0127191	0.991488	0.98502
case_16	89.0	2203917	0.849495	2181355	0.840799	32572	0.0125548	0.989763	0.985288
case_16	140.0	2216197	0.85214	2164475	0.832253	51701	0.0198793	0.976662	0.976671
case_16	89.0	2314654	0.893785	2283989	0.881944	28930	0.0111711	0.986752	0.987492
case_16	26.0	2357765	0.923705	2354084	0.922263	13035	0.00510674	0.998439	0.994493
case_17	91.0	2322963	0.887632	2301014	0.879245	20131	0.0076923	0.990551	0.991327
case_17	91.0	2307061	0.886585	2282532	0.877159	27100	0.0104143	0.989368	0.988267
case_17	10.0	2526464	0.983083	2525171	0.98258	1293	0.000503125	0.999488	0.999488
case_17	79.0	2332242	0.898361	2307530	0.888842	24374	0.00938867	0.989404	0.989548
case_17	79.0	2318548	0.899798	2297250	0.891533	23424	0.00909055	0.990814	0.989906
case_17	91.0	2335106	0.885717	2310004	0.876196	22050	0.00836367	0.98925	0.990545
case_17	92.0	2261562	0.876209	2228814	0.863521	23347	0.00904545	0.98552	0.989634
case_17	92.0	2319897	0.878241	2294834	0.868752	22477	0.00850909	0.989197	0.9903
case_17	91.0	2318235	0.884298	2292061	0.874313	28793	0.0109832	0.98871	0.987594
case_17	79.0	2249210	0.889206	2228493	0.881016	21683	0.00857219	0.990789	0.990364
case_17	16.0	2616113	0.980313	2611701	0.97866	4422	0.00165702	0.998314	0.99831
case_17	44.0	2336729	0.914346	2324922	0.909726	9720	0.00380337	0.994947	0.995837
case_17	8.0	2456430	0.985401	2455563	0.985053	867	0.000347799	0.999647	0.999647
case_17	16.0	2603928	0.97636	2600838	0.975202	4441	0.00166518	0.998813	0.998295
case_17	44.0	2347752	0.924274	2336974	0.92003	9078	0.00357387	0.995409	0.996131
case_17	4.0	2658393	0.991265	2658030	0.991129	363	0.000135356	0.999863	0.999863
case_17	92.0	2266878	0.879071	2239812	0.868575	19548	0.0075805	0.98806	0.991348
case_17	79.0	2265991	0.889033	2242168	0.879687	22710	0.00890998	0.989487	0.989973
case_17	91.0	2308807	0.882788	2285364	0.873825	23780	0.00909245	0.989846	0.989702
case_17	92.0	2264651	0.882715	2235866	0.871495	22138	0.00862894	0.987289	0.990196
case_17	92.0	2313648	0.880263	2287150	0.870182	25779	0.00980802	0.988547	0.988854
case_17	79.0	2259193	0.898668	2239352	0.890776	21630	0.00860404	0.991218	0.990433
case_17	92.0	2280791	0.883892	2252578	0.872958	18616	0.00721439	0.98763	0.991803
case_17	91.0	2320950	0.880908	2294354	0.870813	25699	0.00975396	0.988541	0.988923
case_17	92.0	2276544	0.87697	2244370	0.864576	19892	0.00766279	0.985867	0.991215
case_17	92.0	2262631	0.872173	2231604	0.860213	20824	0.008027	0.986287	0.990755
case_17	92.0	2334197	0.883094	2307813	0.873112	22656	0.00857142	0.988697	0.990278
case_17	79.0	2275628	0.898285	2253027	0.889364	22657	0.00894366	0.990068	0.990044
case_18	133.0	2381918	0.828887	2350658	0.818009	51339	0.0178655	0.986876	0.978627
case_18	6.0	2684039	0.993054	2683036	0.992683	1003	0.000371095	0.999626	0.999626
case_18	368.0	1712244	0.65798	1539626	0.591646	220679	0.0848024	0.899186	0.874636
case_18	133.0	2382552	0.829481	2354541	0.819729	54064	0.0188223	0.988243	0.977554
case_18	133.0	2389320	0.829523	2361481	0.819858	54462	0.0189081	0.988349	0.977457
case_18	4.0	2478872	0.995803	2478813	0.995779	59	2.37013e-05	0.999976	0.999976
case_18	369.0	1712962	0.657482	1545863	0.593345	218886	0.0840144	0.90245	0.875968
case_18	134.0	2377099	0.826701	2348350	0.816702	49655	0.0172689	0.987906	0.979293
case_18	133.0	2375150	0.828843	2343718	0.817875	50941	0.0177766	0.986766	0.978727
case_18	0.0	2709533	1.0	2709533	1.0	0	0.0	1.0	1.0
case_18	369.0	1719077	0.621709	1545514	0.55894	223703	0.0809028	0.899037	0.873558
case_18	13.0	2657880	0.982263	2656273	0.981669	1607	0.000593893	0.999395	0.999395
case_18	369.0	1721499	0.620786	1546987	0.557856	223608	0.0806348	0.898628	0.87371
case_18	368.0	1708273	0.657894	1536451	0.591721	219635	0.0845863	0.899418	0.874929
case_18	13.0	2664693	0.98234	2663897	0.982047	796	0.000293446	0.999701	0.999701
case_18	369.0	1709291	0.65751	1542692	0.593425	217840	0.0837962	0.902533	0.876265
case_18	133.0	2382552	0.829481	2354541	0.819729	54064	0.0188223	0.988243	0.977554
case_18	133.0	2389320	0.829523	2361481	0.819858	54462	0.0189081	0.988349	0.977457
case_18	4.0	3023934	0.993682	3023734	0.993616	200	6.57211e-05	0.999934	0.999934
case_18	134.0	2384929	0.827119	2356108	0.817123	50481	0.0175074	0.987915	0.979024
case_18	368.0	1712244	0.65798	1539626	0.591646	220679	0.0848024	0.899186	0.874636
case_18	368.0	1708694	0.658316	1533161	0.590688	218337	0.0841196	0.897271	0.875343
case_18	369.0	1714292	0.621258	1541556	0.558659	222564	0.0806571	0.899238	0.873839
case_18	368.0	1708273	0.657894	1536451	0.591721	219635	0.0845863	0.899418	0.874929
case_18	369.0	1716714	0.620335	1543029	0.557574	222469	0.0803892	0.898827	0.873991
case_18	13.0	2664693	0.98234	2663897	0.982047	796	0.000293446	0.999701	0.999701
case_18	368.0	1704723	0.658231	1529986	0.590761	217293	0.0839016	0.897498	0.875639
case_18	6.0	2684039	0.993054	2683036	0.992683	1003	0.000371095	0.999626	0.999626
case_19	154.0	1993053	0.820405	1935542	0.796731	61613	0.0253619	0.971144	0.96915
case_19	154.0	1979603	0.820373	1925146	0.797805	61520	0.0254947	0.972491	0.969034
case_19	600.0	1298171	0.498683	1050933	0.403709	323984	0.124456	0.809549	0.764361
case_19	600.0	1307209	0.490519	1047346	0.393008	310788	0.116621	0.801208	0.771165
case_19	599.0	1350491	0.509092	1090253	0.410991	344416	0.129834	0.807301	0.759933
case_19	153.0	2019216	0.832332	1970493	0.812249	55600	0.0229186	0.97587	0.972558
case_19	24.0	2391709	0.966985	2389600	0.966132	1596	0.000645274	0.999118	0.999333
case_19	599.0	1338933	0.506795	1083435	0.410087	337965	0.127922	0.809178	0.762231
case_19	8.0	2348512	0.989657	2348231	0.989539	281	0.000118413	0.99988	0.99988
case_19	102.0	2515165	0.873472	2503078	0.869274	47106	0.0163591	0.995194	0.981528
case_19	153.0	2007184	0.83297	1960265	0.813499	57239	0.0237539	0.976624	0.971629
case_19	599.0	1295475	0.498019	1053279	0.404912	313996	0.120709	0.813045	0.770349
case_19	599.0	1305271	0.499714	1057012	0.40467	319450	0.122299	0.809803	0.767919
case_19	600.0	1306327	0.490453	1046717	0.392984	312775	0.117429	0.801267	0.769932
case_19	600.0	1298601	0.498573	1050878	0.403465	323551	0.124221	0.809239	0.764592
case_19	600.0	1341854	0.495943	1069657	0.395341	328915	0.121566	0.797149	0.764821
case_19	113.0	2091686	0.880178	2071748	0.871788	42293	0.0177968	0.990468	0.979994
case_19	153.0	2008996	0.830009	1961999	0.810592	57404	0.0237162	0.976607	0.971574
case_19	599.0	1294194	0.497802	1052481	0.404829	315105	0.121203	0.813233	0.76959
case_19	600.0	1344836	0.508378	1085034	0.410167	342678	0.12954	0.806815	0.759981
case_19	600.0	1297552	0.489892	1041051	0.39305	315546	0.119135	0.802319	0.767399
case_19	2.0	2830226	0.996981	2829594	0.996759	632	0.00022263	0.999777	0.999777
case_19	599.0	1303990	0.499499	1056214	0.404587	320559	0.122792	0.809986	0.767166
case_19	600.0	1334121	0.496074	1070289	0.397972	331645	0.123318	0.802243	0.763438
case_19	153.0	2022266	0.829902	1973031	0.809697	55765	0.022885	0.975654	0.972513
case_19	113.0	2089268	0.883166	2068189	0.874256	42096	0.0177946	0.989911	0.980052
case_19	600.0	1296440	0.489738	1040422	0.393026	317533	0.11995	0.802522	0.766168
case_19	102.0	2518996	0.874366	2505539	0.869695	43976	0.0152645	0.994658	0.982751
case_1	78.0	2258580	0.893872	2229644	0.88242	27271	0.010793	0.987188	0.987917
case_1	85.0	2413369	0.8928	2400771	0.888139	33046	0.012225	0.99478	0.986422
case_1	351.0	1779134	0.687147	1633462	0.630885	237955	0.0919043	0.918122	0.872848
case_1	85.0	2413037	0.892957	2400606	0.888357	32879	0.012167	0.994848	0.986489
case_1	78.0	2262702	0.89466	2235712	0.883988	28030	0.0110829	0.988072	0.987618
case_1	351.0	1779491	0.686631	1634850	0.63082	235799	0.0909849	0.918718	0.873948
case_1	352.0	1786911	0.679511	1632009	0.620606	232195	0.0882971	0.913313	0.875445
case_1	351.0	1777311	0.678122	1630165	0.621979	226238	0.0863197	0.917209	0.878131
case_1	352.0	1772356	0.666142	1617902	0.608091	214868	0.0807584	0.912854	0.882763
case_1	352.0	1751375	0.671294	1603550	0.614634	218114	0.0836021	0.915595	0.880267
case_1	352.0	1771193	0.665494	1615462	0.60698	214968	0.0807703	0.912076	0.882559
case_1	352.0	1752360	0.67189	1605990	0.615769	218014	0.0835909	0.916473	0.880475
case_1	351.0	1760356	0.684752	1623217	0.631407	225624	0.0877644	0.922096	0.877965
case_1	68.0	2293634	0.918396	2274338	0.91067	35920	0.0143828	0.991587	0.984452
case_1	352.0	1788312	0.680263	1634449	0.621734	232095	0.0882875	0.913962	0.875655
case_1	352.0	1789575	0.680105	1636951	0.622102	229268	0.0871303	0.914715	0.877148
case_1	2.0	2739277	0.998701	2739072	0.998626	205	7.474e-05	0.999925	0.999925
case_1	352.0	1788174	0.679354	1634511	0.620975	229368	0.0871403	0.914067	0.876941
case_1	2.0	2471836	0.998077	2471798	0.998061	38	1.53436e-05	0.999985	0.999985
case_1	78.0	2261275	0.887649	2232736	0.876446	29177	0.0114532	0.987379	0.987101
case_1	351.0	1759218	0.684944	1620132	0.630791	224462	0.0873933	0.920939	0.878314
case_1	78.0	2258155	0.885567	2231654	0.875174	30335	0.0118963	0.988264	0.986589
case_1	352.0	1753498	0.671713	1609075	0.616389	219176	0.0839598	0.917637	0.880117
case_1	68.0	2299138	0.92151	2276800	0.912557	35220	0.0141164	0.990284	0.984767
case_1	68.0	2302537	0.921993	2282120	0.913817	36017	0.0144221	0.991133	0.984463
case_1	352.0	1752513	0.671118	1606635	0.615255	219276	0.0839709	0.916761	0.879909
case_1	68.0	2297033	0.918881	2279658	0.911931	36717	0.0146879	0.992436	0.984149
case_1	8.0	2492994	0.989997	2492366	0.989748	1431	0.000568267	0.999748	0.999426
case_20	176.0	2176838	0.784177	2105078	0.758326	87960	0.0316864	0.967035	0.959891
case_20	382.0	1558935	0.578437	1414459	0.52483	224037	0.0831281	0.907324	0.863267
case_20	177.0	2175219	0.781042	2104347	0.755594	87263	0.031333	0.967418	0.960183
case_20	0.0	2704699	1.0	2704699	1.0	0	0.0	1.0	1.0
case_20	176.0	2204643	0.783976	2131617	0.758008	88985	0.0316433	0.966876	0.959928
case_20	176.0	2204643	0.783976	2131617	0.758008	88985	0.0316433	0.966876	0.959928
case_20	27.0	2615021	0.963612	2612848	0.962811	2859	0.00105352	0.999169	0.998907
case_20	176.0	2169216	0.780904	2095952	0.75453	83416	0.0300292	0.966226	0.961725
case_20	382.0	1716948	0.60951	1544319	0.548228	233768	0.0829868	0.899456	0.868528
case_20	177.0	2199663	0.779691	2128028	0.754299	86624	0.0307047	0.967434	0.960886
case_20	27.0	2615021	0.963612	2612848	0.962811	2859	0.00105352	0.999169	0.998907
case_20	382.0	1567655	0.578577	1411072	0.520787	228692	0.0844038	0.900116	0.860534
case_20	42.0	2709419	0.950981	2703148	0.94878	11900	0.00417679	0.997685	0.995617
case_20	382.0	1705537	0.612924	1530555	0.55004	226413	0.0813667	0.897404	0.871134
case_20	176.0	2176838	0.784177	2105078	0.758326	87960	0.0316864	0.967035	0.959891
case_20	44.0	2561686	0.952201	2556565	0.950297	6401	0.00237931	0.998001	0.997503
case_20	382.0	1567655	0.578577	1411072	0.520787	228692	0.0844038	0.900116	0.860534
case_20	176.0	2157864	0.780871	2092357	0.757166	82238	0.0297597	0.969643	0.962182
case_20	176.0	2171803	0.786448	2100923	0.760781	87679	0.0317501	0.967364	0.959938
case_20	177.0	2165527	0.777039	2094782	0.751654	81494	0.0292419	0.967331	0.962553
case_20	176.0	2169216	0.780904	2095952	0.75453	83416	0.0300292	0.966226	0.961725
case_20	176.0	2198542	0.785836	2124845	0.759494	88292	0.0315587	0.966479	0.960105
case_20	383.0	1558592	0.573313	1397667	0.514119	228958	0.08422	0.89675	0.859244
case_20	44.0	2561686	0.952201	2556565	0.950297	6401	0.00237931	0.998001	0.997503
case_20	382.0	1704952	0.613126	1526239	0.548858	225807	0.0812035	0.89518	0.871118
case_20	70.0	2652659	0.919384	2634534	0.913102	28817	0.00998768	0.993167	0.98918
case_20	45.0	2552022	0.945421	2547272	0.943661	8187	0.00303295	0.998139	0.996796
case_20	70.0	2659395	0.922317	2633934	0.913487	29683	0.0102945	0.990426	0.988856
case_21	251.0	1829471	0.722351	1718421	0.678503	139950	0.055258	0.939299	0.924692
case_21	64.0	2180203	0.892037	2167818	0.886969	16538	0.00676657	0.994319	0.992429
case_21	116.0	2195287	0.866278	2153244	0.849687	57013	0.0224978	0.980849	0.974205
case_21	108.0	2111184	0.856388	2073761	0.841208	53208	0.0215835	0.982274	0.974984
case_21	251.0	1957953	0.747837	1842254	0.703646	142294	0.0543489	0.940908	0.928299
case_21	108.0	2109722	0.856088	2072307	0.840906	51954	0.021082	0.982265	0.975543
case_21	251.0	1825602	0.721064	1714319	0.67711	139986	0.0552907	0.939043	0.924508
case_21	116.0	2195287	0.866278	2153244	0.849687	57013	0.0224978	0.980849	0.974205
case_21	0.0	2550711	1.0	2550711	1.0	0	0.0	1.0	1.0
case_21	116.0	2168190	0.862785	2114423	0.841389	47325	0.018832	0.975202	0.978108
case_21	2.0	2372939	0.997502	2372901	0.997486	38	1.59739e-05	0.999984	0.999984
case_21	251.0	1942356	0.746599	1825642	0.701737	137618	0.0528973	0.939911	0.929903
case_21	14.0	2350173	0.986545	2349420	0.986229	753	0.000316091	0.99968	0.99968
case_21	108.0	2111184	0.856388	2073761	0.841208	53208	0.0215835	0.982274	0.974984
case_21	116.0	2067015	0.844138	2017702	0.824	54153	0.0221153	0.976143	0.973863
case_21	14.0	2347466	0.985758	2346717	0.985444	749	0.000314523	0.999681	0.999681
case_21	64.0	2175818	0.889334	2163414	0.884264	16681	0.00681811	0.994299	0.992348
case_21	251.0	1938702	0.746513	1815229	0.698969	136195	0.052443	0.936312	0.930207
case_21	108.0	2114368	0.856811	2075719	0.841149	52078	0.0211037	0.981721	0.975525
case_21	108.0	2199184	0.869392	2156336	0.852453	53173	0.0210206	0.980516	0.975934
case_21	116.0	2064308	0.843324	2014998	0.823179	54149	0.0221213	0.976113	0.97383
case_21	251.0	1957953	0.747837	1842254	0.703646	142294	0.0543489	0.940908	0.928299
case_21	64.0	2177496	0.891237	2165114	0.886169	16534	0.00676728	0.994314	0.992421
case_21	108.0	2109722	0.856088	2072307	0.840906	51954	0.021082	0.982265	0.975543
case_21	108.0	2199184	0.869392	2156336	0.852453	53173	0.0210206	0.980516	0.975934
case_21	108.0	2114368	0.856811	2075719	0.841149	52078	0.0211037	0.981721	0.975525
case_21	116.0	2070682	0.844774	2021331	0.82464	55012	0.0224432	0.976167	0.973505
case_21	251.0	1827691	0.720937	1714727	0.676378	141325	0.0557459	0.938193	0.923857
case_22	123.0	2248879	0.860248	2213379	0.846668	40181	0.0153702	0.984214	0.98217
case_22	58.0	2440629	0.940308	2425537	0.934494	23201	0.00893872	0.993816	0.990525
case_22	123.0	2253398	0.865686	2209391	0.84878	43238	0.0166107	0.980471	0.980806
case_22	123.0	2241532	0.862987	2193081	0.844333	41979	0.0161619	0.978385	0.981218
case_22	123.0	2286610	0.86205	2258503	0.851454	44364	0.0167252	0.987708	0.980735
case_22	123.0	2274615	0.865896	2234414	0.850593	49522	0.0188519	0.982326	0.978317
case_22	34.0	2490288	0.950029	2482809	0.947175	8524	0.00325185	0.996997	0.996579
case_22	123.0	2276678	0.86378	2240048	0.849882	43610	0.0165458	0.983911	0.980903
case_22	58.0	2478285	0.94093	2465418	0.936045	22834	0.00866938	0.994808	0.990823
case_22	30.0	2546094	0.958582	2543057	0.957439	6391	0.00240616	0.998807	0.997493
case_22	123.0	2236359	0.855433	2202633	0.842532	44022	0.0168389	0.984919	0.980406
case_22	58.0	2429900	0.936146	2414296	0.930135	24587	0.00947242	0.993578	0.989919
case_22	123.0	2240877	0.86085	2199300	0.844877	47050	0.0180746	0.981446	0.979055
case_22	123.0	2290199	0.867065	2256749	0.854401	44789	0.016957	0.985394	0.98054
case_22	16.0	2522932	0.976755	2520360	0.975759	2572	0.000995752	0.998981	0.998981
case_22	123.0	2285210	0.86629	2246718	0.851698	40679	0.0154208	0.983156	0.982216
case_22	16.0	2585634	0.981508	2582830	0.980443	2804	0.0010644	0.998916	0.998916
case_22	123.0	2273287	0.863606	2229124	0.846829	39500	0.0150058	0.980573	0.982589
case_22	14.0	2576804	0.984438	2575017	0.983755	1787	0.000682702	0.999307	0.999307
case_22	16.0	2575779	0.979853	2572751	0.978701	3028	0.00115188	0.998824	0.998824
case_22	34.0	2507352	0.956567	2500979	0.954136	7614	0.00290478	0.997458	0.996965
case_22	123.0	2227741	0.857651	2182990	0.840422	45791	0.0176289	0.979912	0.979455
case_22	58.0	2467812	0.938164	2456612	0.933907	21875	0.00831601	0.995462	0.991174
case_22	123.0	2279564	0.871497	2227841	0.851722	52541	0.0200869	0.97731	0.97696
case_22	123.0	2262893	0.866982	2211139	0.847153	51363	0.0196787	0.977129	0.977298
case_22	34.0	2500390	0.955149	2495294	0.953203	6241	0.00238406	0.997962	0.997505
case_22	34.0	2484532	0.949063	2478257	0.946666	7141	0.00272778	0.997474	0.997127
case_22	123.0	2283703	0.862058	2250810	0.849642	37622	0.0142017	0.985597	0.98356
case_23	257.0	1632644	0.68057	1520826	0.633959	143559	0.0598428	0.931511	0.913747
case_23	89.0	1968266	0.813962	1945422	0.804515	22203	0.00918189	0.988394	0.988716
case_23	257.0	1633075	0.678043	1520185	0.631172	142463	0.0591498	0.930873	0.914316
case_23	83.0	1905663	0.795239	1887166	0.787521	20520	0.00856306	0.990294	0.989244
case_23	257.0	1671502	0.688519	1554585	0.640359	146838	0.060485	0.930053	0.913697
case_23	256.0	1923256	0.73982	1793925	0.69007	181713	0.0698996	0.932754	0.908023
case_23	83.0	1967364	0.811257	1945327	0.80217	20191	0.00832591	0.988799	0.989727
case_23	257.0	1617896	0.675169	1504800	0.627973	142355	0.0594066	0.930097	0.913575
case_23	89.0	2021489	0.826152	2001494	0.817981	22207	0.00907567	0.990109	0.989027
case_23	257.0	1670597	0.685634	1552337	0.637099	146035	0.0599346	0.929211	0.914015
case_23	257.0	1617724	0.677613	1505867	0.630759	143372	0.0600539	0.930855	0.913068
case_23	256.0	1889202	0.730343	1767170	0.683167	177114	0.0684702	0.935406	0.908905
case_23	89.0	1946443	0.8088	1923354	0.799206	22206	0.00922719	0.988138	0.988586
case_23	257.0	1618155	0.675085	1505226	0.627972	142276	0.0593568	0.930211	0.913641
case_23	257.0	1632816	0.678127	1519759	0.631174	142542	0.0591993	0.930759	0.91425
case_23	88.0	2288929	0.881364	2260576	0.870446	39128	0.0150664	0.987613	0.982986
case_23	52.0	2109706	0.939242	2103404	0.936436	11095	0.0049395	0.997013	0.994753
case_23	257.0	1670856	0.685549	1553942	0.637579	145956	0.0598855	0.930027	0.914138
case_23	2.0	2192665	0.994005	2192611	0.99398	54	2.44799e-05	0.999975	0.999975
case_23	52.0	2087642	0.934222	2081285	0.931377	11149	0.00498919	0.996955	0.994672
case_23	256.0	1926685	0.738611	1797355	0.689032	181523	0.0695884	0.932874	0.90827
case_23	4.0	2595505	0.998692	2595420	0.998659	85	3.27061e-05	0.999967	0.999967
case_23	14.0	2550700	0.984823	2549405	0.984323	2149	0.000829727	0.999492	0.999158
case_23	256.0	1888991	0.73007	1767756	0.683214	177891	0.0687525	0.93582	0.90857
case_23	256.0	1886757	0.731915	1765772	0.684982	177233	0.0687526	0.935877	0.908784
case_23	83.0	1883840	0.789939	1865051	0.782061	20570	0.0086255	0.990026	0.989091
case_23	256.0	1925593	0.738	1797611	0.68895	181442	0.0695392	0.933536	0.908319
case_23	14.0	2550696	0.98508	2549320	0.984549	2230	0.000861227	0.999461	0.999126
case_24	558.0	1571427	0.487972	1340403	0.416233	327197	0.101604	0.852985	0.803792
case_24	559.0	1581517	0.486033	1349791	0.414819	327553	0.100664	0.853479	0.804719
case_24	100.0	2623651	0.896908	2582687	0.882904	33496	0.0114508	0.984387	0.987197
case_24	558.0	1566020	0.483828	1341947	0.4146	328482	0.101486	0.856916	0.803355
case_24	100.0	2603848	0.893429	2567660	0.881013	26113	0.00895986	0.986102	0.989932
case_24	558.0	1553587	0.482394	1341292	0.416476	318277	0.0988262	0.863352	0.808217
case_24	54.0	2719928	0.930182	2712951	0.927796	16205	0.00554191	0.997435	0.994062
case_24	559.0	1544782	0.477366	1329974	0.410986	320229	0.0989566	0.860946	0.805946
case_24	100.0	2601535	0.89769	2565344	0.885202	27916	0.00963274	0.986089	0.989235
case_24	559.0	1571190	0.48455	1343731	0.414403	327796	0.101091	0.855231	0.803894
case_24	558.0	1541623	0.477251	1328172	0.411171	320946	0.0993575	0.861541	0.805383
case_24	559.0	1574037	0.485258	1350501	0.416345	325706	0.100412	0.857986	0.805689
case_24	559.0	1551730	0.475433	1339294	0.410345	321797	0.0985951	0.863097	0.806274
case_24	559.0	1575932	0.488485	1342016	0.415979	325959	0.101036	0.85157	0.804578
case_24	100.0	2639686	0.905452	2596188	0.890531	28819	0.00988535	0.983522	0.989021
case_24	92.0	2631442	0.902546	2614381	0.896694	28124	0.00964611	0.993516	0.989357
case_24	559.0	1577880	0.482482	1352639	0.413608	329366	0.100713	0.857251	0.804183
case_24	559.0	1558938	0.483179	1343976	0.416554	318446	0.0986996	0.86211	0.808445
case_24	10.0	3538905	0.987883	3538235	0.987696	670	0.00018703	0.999811	0.999811
case_24	13.0	3519278	0.984009	3515840	0.983047	1698	0.00047477	0.999023	0.999517
case_24	559.0	1579851	0.482917	1359180	0.415464	327394	0.100075	0.860322	0.805882
case_24	100.0	2595803	0.892665	2556469	0.879138	31305	0.0107654	0.984847	0.987903
case_24	558.0	1568777	0.484509	1349033	0.416643	326671	0.100891	0.859927	0.805054
case_24	72.0	2689450	0.922881	2673029	0.917246	15843	0.0054365	0.993894	0.994108
case_24	72.0	2673742	0.919547	2655924	0.913419	19414	0.00667682	0.993336	0.992743
case_24	559.0	1567574	0.481711	1354266	0.416162	320134	0.0983762	0.863925	0.808807
case_24	100.0	2640566	0.900684	2594837	0.885086	28447	0.00970313	0.982682	0.989156
case_24	13.0	3482461	0.981333	3475558	0.979388	1883	0.000530616	0.998018	0.999459
case_25	135.0	2266605	0.852241	2205199	0.829152	51703	0.0194403	0.972908	0.977091
case_25	135.0	2262779	0.852244	2207799	0.831537	52378	0.0197274	0.975702	0.976826
case_25	135.0	2258422	0.851608	2195426	0.827853	50148	0.0189099	0.972106	0.977668
case_25	134.0	2238735	0.847485	2167275	0.820433	56020	0.0212067	0.96808	0.974803
case_25	130.0	2277490	0.855149	2229910	0.837284	57803	0.0217038	0.979109	0.974733
case_25	57.0	2426719	0.925844	2418922	0.922869	10080	0.00384573	0.996787	0.99585
case_25	35.0	2501226	0.950926	2495616	0.948793	7246	0.00275481	0.997757	0.997105
case_25	2.0	2636328	0.993923	2635751	0.993705	577	0.000217535	0.999781	0.999781
case_25	90.0	2369499	0.894264	2353278	0.888142	40791	0.0153948	0.993154	0.982962
case_25	16.0	2576782	0.973124	2574237	0.972163	3623	0.00136823	0.999012	0.998595
case_25	35.0	2517888	0.954491	2512469	0.952437	7230	0.00274078	0.997848	0.997131
case_25	135.0	2223019	0.835952	2163499	0.81357	55951	0.02104	0.973226	0.974791
case_25	134.0	2237131	0.852211	2169041	0.826273	50411	0.0192035	0.969564	0.977287
case_25	134.0	2263643	0.858273	2193231	0.831576	56178	0.0213002	0.968894	0.975025
case_25	56.0	2436530	0.935887	2427393	0.932377	9491	0.00364555	0.99625	0.996105
case_25	135.0	2226599	0.842601	2174290	0.822806	44877	0.0169826	0.976507	0.979778
case_25	130.0	2256856	0.850409	2216475	0.835193	49906	0.0188052	0.982107	0.97798
case_25	135.0	2219616	0.835657	2150614	0.809679	55330	0.020831	0.968913	0.974918
case_25	35.0	2515372	0.955166	2510511	0.95332	7617	0.00289242	0.998067	0.996975
case_25	135.0	2227409	0.836189	2161866	0.811583	55536	0.0208487	0.970574	0.974954
case_25	135.0	2233256	0.844119	2186097	0.826294	45151	0.017066	0.978883	0.979764
case_25	16.0	2593444	0.976601	2591117	0.975725	3580	0.0013481	0.999103	0.99862
case_25	57.0	2413050	0.921731	2404705	0.918543	9680	0.00369754	0.996542	0.995991
case_25	134.0	2214144	0.846492	2160598	0.826021	40027	0.0153028	0.975816	0.981811
case_25	134.0	2198128	0.836022	2133086	0.811284	53262	0.0202573	0.97041	0.975639
case_25	134.0	2241462	0.852909	2184753	0.83133	46513	0.0176989	0.9747	0.979154
case_25	57.0	2429712	0.925398	2421585	0.922302	9637	0.00367042	0.996655	0.996036
case_25	135.0	2234052	0.842987	2185201	0.824553	45086	0.0170125	0.978133	0.979785
case_26	10.0	2404591	0.990506	2404196	0.990344	395	0.00016271	0.999836	0.999836
case_26	88.0	2198076	0.904962	2183834	0.899098	32028	0.0131861	0.993521	0.985546
case_26	4.0	2410451	0.993703	2409884	0.99347	195	8.03883e-05	0.999765	0.999919
case_26	88.0	2194925	0.904107	2180620	0.898215	31505	0.0129772	0.993483	0.985758
case_26	2.0	2421987	0.99825	2421944	0.998233	43	1.7723e-05	0.999982	0.999982
case_26	88.0	2201324	0.902333	2185104	0.895685	36506	0.014964	0.992632	0.983568
case_26	89.0	2170945	0.900716	2145568	0.890187	27468	0.0113964	0.988311	0.98736
case_26	270.0	1740885	0.697817	1619309	0.649084	128369	0.0514555	0.930164	0.926549
case_26	10.0	2408670	0.992465	2408012	0.992194	286	0.000117843	0.999727	0.999881
case_26	10.0	2410369	0.992679	2410126	0.992579	243	0.000100076	0.999899	0.999899
case_26	89.0	2154848	0.893043	2134403	0.88457	25251	0.0104649	0.990512	0.988308
case_26	10.0	2401266	0.985099	2400413	0.984749	853	0.000349936	0.999645	0.999645
case_26	89.0	2173081	0.897186	2145486	0.885793	33466	0.0138169	0.987301	0.984641
case_26	88.0	2192205	0.902733	2176629	0.896319	31830	0.0131073	0.992895	0.985587
case_26	269.0	1791270	0.713441	1662233	0.662047	138931	0.0553345	0.927963	0.922866
case_26	89.0	2173376	0.90128	2148062	0.890783	28539	0.0118349	0.988353	0.986888
case_26	10.0	2405346	0.987049	2404229	0.986591	744	0.000305305	0.999536	0.999691
case_26	269.0	1792054	0.710731	1663327	0.659678	143338	0.0568481	0.928168	0.920662
case_26	269.0	1790148	0.713138	1657788	0.66041	141475	0.0563591	0.926062	0.921371
case_26	10.0	2413066	0.98944	2412294	0.989124	772	0.000316547	0.99968	0.99968
case_26	10.0	2407045	0.987264	2406343	0.986977	701	0.00028752	0.999708	0.999709
case_26	4.0	2412150	0.993917	2411998	0.993854	152	6.2631e-05	0.999937	0.999937
case_26	269.0	1789787	0.713188	1660138	0.661526	138645	0.0552467	0.927562	0.922923
case_26	89.0	2174111	0.901314	2147455	0.890264	28380	0.0117654	0.987739	0.986957
case_26	269.0	1771901	0.705306	1654719	0.658662	129609	0.0515909	0.933867	0.927363
case_26	89.0	2167677	0.899106	2140856	0.887981	29701	0.0123193	0.987627	0.986316
case_26	269.0	1795943	0.715096	1665974	0.663346	138855	0.0552883	0.927632	0.923065
case_26	88.0	2202625	0.906564	2187987	0.90054	31862	0.0131139	0.993354	0.985647
case_27	483.0	1534343	0.567017	1340792	0.49549	260680	0.0963344	0.873854	0.837225
case_27	141.0	2201805	0.852143	2166147	0.838342	50148	0.0194083	0.983805	0.977373
case_27	132.0	2466412	0.845804	2442642	0.837653	65733	0.0225418	0.990363	0.973795
case_27	484.0	1523799	0.564473	1322487	0.4899	277564	0.10282	0.867888	0.826528
case_27	141.0	2189884	0.855661	2153671	0.841512	43243	0.0168965	0.983464	0.980316
case_27	96.0	2285540	0.894348	2261601	0.884981	35742	0.0139861	0.989526	0.984442
case_27	141.0	2207230	0.853339	2168717	0.83845	50411	0.0194894	0.982551	0.977283
case_27	484.0	1538093	0.555398	1335943	0.482403	266856	0.0963604	0.868571	0.833506
case_27	484.0	1512231	0.565331	1315775	0.491888	253691	0.0948396	0.870089	0.838358
case_27	484.0	1559825	0.557667	1348157	0.481992	289413	0.103471	0.8643	0.823267
case_27	16.0	2537954	0.983667	2536625	0.983152	1689	0.000654627	0.999476	0.999335
case_27	64.0	2359660	0.91673	2351157	0.913426	22992	0.00893241	0.996397	0.990316
case_27	483.0	1582689	0.565166	1373379	0.490423	270098	0.0964499	0.86775	0.835655
case_27	96.0	2276922	0.89193	2252221	0.882254	34975	0.0137006	0.989152	0.984708
case_27	484.0	1560043	0.558373	1348654	0.482712	287453	0.102886	0.864498	0.824307
case_27	16.0	2540160	0.984367	2538953	0.983899	1567	0.000607246	0.999525	0.999383
case_27	64.0	2366611	0.918309	2357668	0.914839	23330	0.00905267	0.996221	0.990202
case_27	64.0	2365689	0.918096	2356652	0.914589	24856	0.00964632	0.99618	0.989563
case_27	141.0	2209056	0.85391	2169930	0.838786	50075	0.0193565	0.982288	0.977444
case_27	484.0	1513562	0.56138	1295642	0.480554	275214	0.102077	0.856022	0.8248
case_27	484.0	1524514	0.564082	1321735	0.489052	279200	0.103306	0.866988	0.825602
case_27	484.0	1559210	0.557529	1347776	0.481926	290425	0.103848	0.864397	0.822717
case_27	2.0	2576862	0.997532	2576628	0.997442	234	9.0584e-05	0.999909	0.999909
case_27	484.0	1523534	0.563804	1320840	0.488794	279517	0.103439	0.866958	0.825341
case_27	96.0	2285877	0.894337	2262554	0.885212	34404	0.0134604	0.989797	0.985022
case_27	96.0	2281070	0.894733	2263318	0.88777	24036	0.00942795	0.992218	0.989492
case_27	484.0	1552641	0.556393	1330599	0.476823	285008	0.102133	0.856991	0.823591
case_27	141.0	2197477	0.851576	2155025	0.835124	40397	0.0156548	0.980681	0.981599
case_28	23.0	2500923	0.963703	2498580	0.962801	4253	0.00163885	0.999063	0.998301
case_28	225.0	1979969	0.742301	1811178	0.679021	122247	0.0458311	0.914751	0.936772
case_28	224.0	1985113	0.746245	1804859	0.678484	123205	0.0463153	0.909197	0.936099
case_28	225.0	2002840	0.75191	1823909	0.684735	123720	0.0464472	0.910661	0.936477
case_28	226.0	1989998	0.745548	1823610	0.683211	124914	0.0467987	0.916388	0.935893
case_28	2.0	2580106	0.996329	2579782	0.996204	324	0.000125115	0.999874	0.999874
case_28	226.0	1979321	0.748305	1812307	0.685164	120961	0.0457307	0.915621	0.937432
case_28	33.0	2632448	0.962787	2628404	0.961308	6411	0.00234475	0.998464	0.997567
case_28	4.0	2565971	0.991989	2565351	0.99175	620	0.000239688	0.999758	0.999758
case_28	4.0	2725562	0.997701	2725288	0.997601	274	0.000100299	0.999899	0.999899
case_28	224.0	1987161	0.746538	1807244	0.678947	122081	0.0458635	0.90946	0.936723
case_28	225.0	1967684	0.742043	1800541	0.679011	120881	0.045586	0.915056	0.937088
case_28	33.0	2641646	0.969156	2637841	0.96776	6172	0.00226436	0.99856	0.997666
case_28	23.0	2483538	0.962169	2480339	0.960929	4487	0.00173835	0.998712	0.998194
case_28	33.0	2643687	0.970088	2640096	0.968771	5958	0.00218626	0.998642	0.997748
case_28	33.0	2634489	0.963716	2630659	0.962315	6197	0.00226691	0.998546	0.99765
case_28	226.0	1990898	0.748261	1823287	0.685266	122906	0.0461931	0.915811	0.936848
case_28	224.0	1986302	0.746837	1807050	0.679439	123635	0.046486	0.909756	0.935963
case_28	225.0	2000725	0.753996	1819523	0.685708	123218	0.0464361	0.909432	0.936575
case_28	226.0	1978422	0.745576	1812630	0.683097	122969	0.0463414	0.9162	0.93647
case_28	23.0	2483879	0.962935	2480950	0.961799	4217	0.00163482	0.998821	0.998303
case_28	8.0	2697988	0.98916	2697533	0.988993	455	0.000166816	0.999831	0.999831
case_28	225.0	2000792	0.75162	1821524	0.684276	124844	0.0468991	0.910401	0.935858
case_28	225.0	2002773	0.754285	1821908	0.686167	122094	0.0459831	0.909693	0.937195
case_28	224.0	1988350	0.74713	1809435	0.679902	122511	0.0460339	0.910018	0.936587
case_28	225.0	1968636	0.742547	1801641	0.679558	121171	0.0457043	0.915172	0.936982
case_28	23.0	2500582	0.962942	2497969	0.961935	4523	0.00174175	0.998955	0.998193
case_28	225.0	1980921	0.742802	1812278	0.679565	123186	0.0461921	0.914866	0.936353
case_29	134.0	2062703	0.811609	1994440	0.784749	59667	0.0234771	0.966906	0.970952
case_29	134.0	2130402	0.829777	2059089	0.802001	71742	0.027943	0.966526	0.966331
case_29	134.0	2148323	0.825376	2077999	0.798358	64046	0.0246062	0.967266	0.970101
case_29	133.0	2087876	0.819491	2013446	0.790277	63428	0.0248955	0.964351	0.96946
case_29	134.0	2040849	0.808243	1958014	0.775437	67892	0.0268874	0.959411	0.966488
case_29	22.0	2486394	0.968325	2483047	0.967021	5207	0.00202786	0.998654	0.997907
case_29	133.0	2176016	0.834006	2102724	0.805915	66832	0.0256148	0.966318	0.969196
case_29	34.0	2474012	0.953402	2470616	0.952094	3619	0.00139464	0.998627	0.998537
case_29	83.0	2223272	0.878283	2206504	0.871659	30885	0.0122008	0.992458	0.986196
case_29	84.0	2195378	0.869418	2166353	0.857924	29078	0.0115155	0.986779	0.986755
case_29	34.0	2449334	0.948871	2444769	0.947103	5237	0.00202881	0.998136	0.997862
case_29	133.0	2098759	0.819383	2026395	0.791132	58542	0.0228556	0.965521	0.971921
case_29	83.0	2238050	0.879391	2222304	0.873204	28067	0.0110283	0.992964	0.987528
case_29	133.0	2170541	0.838912	2100734	0.811932	68585	0.026508	0.967839	0.968384
case_29	56.0	2344730	0.91328	2335335	0.909621	11060	0.00430791	0.995993	0.995286
case_29	133.0	2154240	0.837017	2081804	0.808872	73645	0.0286143	0.966375	0.965833
case_29	133.0	2194941	0.843911	2132589	0.819938	66416	0.0255356	0.971593	0.969797
case_29	133.0	2214034	0.839821	2148446	0.814942	58183	0.0220698	0.970376	0.973633
case_29	56.0	2435322	0.926431	2428282	0.923752	11838	0.00450334	0.997109	0.995149
case_29	26.0	2485028	0.954761	2482877	0.953935	3654	0.00140389	0.999134	0.99853
case_29	83.0	2231074	0.875673	2211515	0.867997	23721	0.00931025	0.991233	0.989388
case_29	133.0	2189226	0.834712	2117862	0.807503	61983	0.023633	0.967402	0.971565
case_29	83.0	2265888	0.885601	2253389	0.880716	30899	0.0120766	0.994484	0.986473
case_29	83.0	2260705	0.882586	2239511	0.874312	20496	0.0080017	0.990625	0.990931
case_29	134.0	2103414	0.82455	2027034	0.794608	81134	0.031805	0.963688	0.961514
case_29	134.0	2119607	0.819524	2041507	0.789327	71026	0.0274615	0.963154	0.966379
case_29	83.0	2289359	0.889057	2267164	0.880438	23312	0.00905306	0.990305	0.989822
case_29	133.0	2121083	0.82373	2054579	0.797903	54838	0.0212965	0.968646	0.974003
case_2	870.0	1046965	0.418505	757736	0.302891	429973	0.171874	0.723745	0.637981
case_2	870.0	1038941	0.41383	740467	0.294942	439992	0.175257	0.712713	0.62727
case_2	71.0	2395631	0.922357	2386003	0.91865	13273	0.00511032	0.995981	0.994468
case_2	870.0	1048544	0.417303	742661	0.295567	438841	0.174651	0.708278	0.628574
case_2	18.0	2564176	0.97308	2562002	0.972255	3416	0.00129634	0.999152	0.998668
case_2	870.0	732676	0.332594	512929	0.232841	280247	0.127217	0.700076	0.646677
case_2	870.0	734286	0.338836	512897	0.236676	272625	0.125803	0.698498	0.652938
case_2	71.0	2373744	0.912776	2362192	0.908334	13585	0.00522384	0.995133	0.994282
case_2	130.0	1462674	0.706785	1445648	0.698558	37492	0.0181167	0.98836	0.974721
case_2	71.0	2409098	0.91492	2391819	0.908358	14135	0.00536815	0.992828	0.994125
case_2	66.0	2412406	0.926934	2401371	0.922694	16055	0.00616892	0.995426	0.993359
case_2	71.0	2377482	0.911511	2365883	0.907064	12304	0.00471727	0.995121	0.994826
case_2	22.0	2527504	0.967858	2525459	0.967075	2404	0.000920565	0.999191	0.999049
case_2	869.0	1048356	0.419395	752748	0.301137	433903	0.173583	0.718027	0.634347
case_2	870.0	1048285	0.413116	754538	0.297354	437494	0.172411	0.719783	0.632985
case_2	870.0	1053148	0.420425	754706	0.301285	437592	0.17469	0.716619	0.632984
case_2	66.0	2414419	0.915109	2403120	0.910827	17261	0.00654224	0.99532	0.992868
case_2	71.0	2369753	0.909286	2358018	0.904783	12910	0.00495363	0.995048	0.994555
case_2	869.0	709030	0.327482	486484	0.224694	273690	0.12641	0.686126	0.639964
case_2	66.0	2412689	0.925055	2401521	0.920773	17379	0.00666332	0.995371	0.992815
case_2	24.0	2514941	0.960212	2511044	0.958724	5614	0.00214344	0.99845	0.997769
case_2	870.0	727120	0.335022	499984	0.230369	277930	0.128057	0.687622	0.642724
case_2	66.0	2422571	0.92809	2412559	0.924255	13251	0.00507648	0.995867	0.994537
case_2	24.0	2520057	0.964225	2517211	0.963136	4909	0.00187828	0.998871	0.998054
case_2	870.0	723090	0.332309	499056	0.22935	280057	0.128705	0.690171	0.640544
case_2	870.0	720154	0.330638	493056	0.226372	278444	0.12784	0.684654	0.639087
case_2	66.0	2414206	0.913093	2403891	0.909191	18590	0.00703105	0.995727	0.992326
case_2	66.0	2428835	0.917891	2416289	0.913149	15716	0.0059393	0.994835	0.993538
case_30	346.0	1752659	0.675814	1517714	0.585221	217076	0.0837032	0.865949	0.874869
case_30	30.0	2453035	0.95199	2445071	0.948899	12129	0.0047071	0.996753	0.995064
case_30	315.0	1711899	0.678078	1590513	0.629998	202207	0.0800936	0.929093	0.887207
case_30	315.0	1663035	0.679831	1541672	0.630219	178427	0.0729391	0.927023	0.896269
case_30	219.0	1920417	0.773527	1860657	0.749456	116792	0.0470428	0.968882	0.940938
case_30	345.0	1712648	0.67494	1537452	0.605897	190980	0.0752636	0.897705	0.889507
case_30	316.0	1691901	0.667472	1557950	0.614627	218997	0.0863966	0.920828	0.876757
case_30	104.0	2093316	0.875745	2085741	0.872576	23703	0.00991622	0.996381	0.988763
case_30	345.0	1635138	0.664798	1462049	0.594425	179528	0.0729907	0.894144	0.890637
case_30	315.0	1689987	0.670411	1572621	0.623852	202050	0.0801524	0.930552	0.886148
case_30	316.0	1722726	0.678613	1581190	0.622859	225326	0.08876	0.917842	0.87527
case_30	316.0	1720544	0.675521	1584541	0.622124	219548	0.0861991	0.920953	0.878305
case_30	26.0	2502924	0.966774	2497304	0.964604	7835	0.00302633	0.997755	0.996872
case_30	6.0	2588932	0.993162	2588488	0.992991	444	0.000170327	0.999829	0.999829
case_30	315.0	1716034	0.677465	1602243	0.632542	195433	0.0771541	0.93369	0.891286
case_30	346.0	1766256	0.678729	1530788	0.588245	217594	0.0836161	0.866685	0.875546
case_30	346.0	1754205	0.676278	1517872	0.585167	217178	0.0837261	0.865276	0.874829
case_30	30.0	2460068	0.951622	2453606	0.949122	8932	0.00345514	0.997373	0.996373
case_30	315.0	1647972	0.674725	1532134	0.627297	173941	0.0712162	0.929709	0.898046
case_30	346.0	1723351	0.665491	1504907	0.581137	213510	0.0824493	0.873245	0.875752
case_30	346.0	1764371	0.678137	1529407	0.587829	217358	0.0835417	0.866828	0.875565
case_30	219.0	1831771	0.761876	1773612	0.737686	104139	0.0433138	0.96825	0.944541
case_30	345.0	1715857	0.67607	1542105	0.607609	191431	0.0754263	0.898737	0.889572
case_30	346.0	1708544	0.669638	1497853	0.58706	234140	0.0917676	0.876684	0.864815
case_30	346.0	1709733	0.66997	1501193	0.588252	235598	0.0923206	0.878028	0.864349
case_30	315.0	1663988	0.677896	1550936	0.63184	168770	0.0687556	0.93206	0.901861
case_30	345.0	1630555	0.663071	1457213	0.592581	178703	0.0726702	0.893691	0.890763
case_30	346.0	1724423	0.665775	1504829	0.580993	213847	0.0825632	0.872657	0.875575
case_3	92.0	2150542	0.86758	2127119	0.85813	35221	0.014209	0.989108	0.983712
case_3	92.0	2133491	0.865388	2107686	0.854921	33890	0.0137465	0.987905	0.984175
case_3	251.0	1214495	0.584384	1139571	0.548332	97612	0.0469684	0.938309	0.921101
case_3	4.0	2436915	0.993003	2435923	0.992599	992	0.000404224	0.999593	0.999593
case_3	251.0	1138756	0.55453	1070185	0.521139	86124	0.0419391	0.939784	0.925518
case_3	92.0	2149500	0.86556	2123822	0.85522	35304	0.0142162	0.988054	0.983649
case_3	251.0	1225543	0.579541	1153803	0.545617	99685	0.0471396	0.941463	0.920474
case_3	92.0	2121846	0.859868	2092673	0.848046	32998	0.0133723	0.986251	0.984476
case_3	129.0	1936570	0.789859	1896160	0.773377	54267	0.0221336	0.979133	0.972177
case_3	92.0	2132738	0.863478	2104677	0.852117	33806	0.013687	0.986843	0.984192
case_3	82.0	2235651	0.888852	2226978	0.885404	26293	0.0104536	0.996121	0.988331
case_3	92.0	2233706	0.883318	2208257	0.873254	28138	0.0111272	0.988607	0.987418
case_3	251.0	1137211	0.555016	1070989	0.522696	84652	0.0413144	0.941768	0.926749
case_3	129.0	1978562	0.801844	1946966	0.789039	55212	0.0223755	0.984031	0.972424
case_3	82.0	2234610	0.886823	2223681	0.882486	26376	0.0104675	0.995109	0.988278
case_3	252.0	1192143	0.585043	1125227	0.552204	98891	0.0485306	0.943869	0.919214
case_3	129.0	2039237	0.81441	2004072	0.800366	53518	0.0213735	0.982756	0.97399
case_3	129.0	1922556	0.788503	1879521	0.770852	59433	0.0243754	0.977616	0.969348
case_3	92.0	2247869	0.888112	2224326	0.87881	27798	0.0109827	0.989527	0.987657
case_3	10.0	2436363	0.982835	2436084	0.982722	279	0.000112549	0.999885	0.999885
case_3	42.0	2364255	0.947735	2362016	0.946838	4432	0.00177661	0.999053	0.998127
case_3	92.0	2284393	0.89778	2264362	0.889908	29504	0.0115952	0.991231	0.987138
case_3	251.0	1188277	0.576127	1108653	0.537522	98954	0.0479771	0.932992	0.918058
case_3	129.0	1920306	0.786103	1876579	0.768203	59639	0.024414	0.977229	0.969198
case_3	92.0	2122599	0.861773	2095681	0.850844	33083	0.0134317	0.987318	0.984459
case_3	42.0	2349922	0.942858	2344670	0.94075	3155	0.00126588	0.997765	0.998656
case_3	129.0	1947077	0.793401	1908310	0.777604	55392	0.0225713	0.98009	0.971792
case_3	251.0	1194001	0.578258	1117685	0.541298	102321	0.0495544	0.936084	0.916131
case_4	580.0	1151482	0.484909	895993	0.377318	264046	0.111194	0.778122	0.772382
case_4	44.0	2219018	0.956053	2215042	0.95434	4022	0.00173286	0.998208	0.998188
case_4	580.0	1338044	0.513889	1065814	0.409336	295164	0.113361	0.796546	0.783124
case_4	44.0	2211127	0.954993	2201996	0.951049	12073	0.00521437	0.99587	0.994547
case_4	580.0	1330194	0.513551	1066812	0.411866	294393	0.113657	0.801997	0.783726
case_4	580.0	1348172	0.51665	1078264	0.413215	295308	0.113169	0.799797	0.785007
case_4	230.0	1823109	0.684591	1789915	0.672126	109670	0.0411819	0.981793	0.942266
case_4	580.0	1146560	0.486766	897227	0.380913	261302	0.110934	0.782538	0.774454
case_4	34.0	2231242	0.963644	2225358	0.961103	7235	0.0031247	0.997363	0.996759
case_4	24.0	2249908	0.977435	2248470	0.97681	1662	0.000722028	0.999361	0.999261
case_4	580.0	1348172	0.51665	1078264	0.413215	295308	0.113169	0.799797	0.785007
case_4	34.0	2219547	0.966633	2212734	0.963666	9018	0.00392742	0.99693	0.995941
case_4	580.0	1161270	0.489013	908496	0.382569	261943	0.110305	0.78233	0.776201
case_4	230.0	1801875	0.682491	1767472	0.66946	105268	0.039872	0.980907	0.943789
case_4	580.0	1134201	0.482286	878509	0.373561	257544	0.109513	0.774562	0.773299
case_4	580.0	1331438	0.510254	1061330	0.406739	295882	0.113392	0.797131	0.781993
case_4	580.0	1330194	0.513551	1066812	0.411866	294393	0.113657	0.801997	0.783726
case_4	44.0	2207151	0.958896	2202147	0.956722	4013	0.00174345	0.997733	0.998181
case_4	230.0	1801875	0.682491	1767472	0.66946	105268	0.039872	0.980907	0.943789
case_4	230.0	1823109	0.684591	1789915	0.672126	109670	0.0411819	0.981793	0.942266
case_4	0.0	2897791	1.0	2897791	1.0	0	0.0	1.0	1.0
case_4	580.0	1331438	0.510254	1061330	0.406739	295882	0.113392	0.797131	0.781993
case_4	580.0	1338044	0.513889	1065814	0.409336	295164	0.113361	0.796546	0.783124
case_4	580.0	1143858	0.486375	891442	0.379046	255441	0.108615	0.779329	0.777274
case_4	580.0	1136483	0.48441	877838	0.374166	255797	0.10903	0.772416	0.774357
case_4	580.0	1128280	0.483712	878880	0.37679	254376	0.109055	0.778956	0.775535
case_4	580.0	1153764	0.487018	895821	0.378137	263329	0.111154	0.776433	0.772826
case_4	14.0	2357355	0.980018	2356628	0.979716	728	0.00030265	0.999692	0.999691
case_5	90.0	2094091	0.635432	2067984	0.62751	29132	0.00883983	0.987533	0.986109
case_5	49.0	4011877	0.93216	3992201	0.927588	25109	0.00583408	0.995096	0.99375
case_5	89.0	2302499	0.659952	2276850	0.652601	21920	0.00628281	0.98886	0.990464
case_5	445.0	1740227	0.475957	1246099	0.340811	269999	0.0738454	0.716055	0.821912
case_5	446.0	1473746	0.556488	1158836	0.437578	256313	0.0967841	0.78632	0.818879
case_5	89.0	2133948	0.63094	2109967	0.623849	21110	0.00624155	0.988762	0.990094
case_5	446.0	1597817	0.580075	1284229	0.466229	278059	0.100947	0.80374	0.822018
case_5	2.0	2916954	0.998198	2916869	0.998169	85	2.90875e-05	0.999971	0.999971
case_5	12.0	2869911	0.982041	2869236	0.98181	675	0.000230975	0.999765	0.999765
case_5	446.0	1667949	0.46726	1241491	0.347792	259066	0.0725749	0.744322	0.827353
case_5	28.0	4238941	0.970015	4234923	0.969096	6117	0.00139978	0.999052	0.998558
case_5	446.0	1658705	0.464627	1246515	0.349167	261780	0.0733283	0.751499	0.82644
case_5	14.0	2343004	0.94454	2342099	0.944176	1861	0.000750229	0.999614	0.999206
case_5	445.0	1729628	0.47308	1246911	0.34105	272356	0.0744936	0.720913	0.820732
case_5	12.0	2872450	0.983081	2871858	0.982878	592	0.000202609	0.999794	0.999794
case_5	445.0	1729334	0.472934	1248337	0.341392	272899	0.0746318	0.72186	0.820607
case_5	445.0	1740558	0.478733	1246518	0.342849	270829	0.0744903	0.71616	0.821511
case_5	89.0	2132754	0.634434	2110082	0.62769	25145	0.00747993	0.98937	0.988224
case_5	446.0	1472380	0.556043	1157380	0.437083	254567	0.096137	0.786061	0.819705
case_5	446.0	1597105	0.57971	1283782	0.465981	278686	0.101156	0.803818	0.821637
case_5	89.0	2297226	0.662335	2274053	0.655654	25137	0.00724749	0.989913	0.989067
case_5	90.0	2257368	0.663492	2233835	0.656576	29432	0.00865074	0.989575	0.986996
case_5	446.0	1595359	0.579146	1282326	0.465509	276938	0.100534	0.803785	0.822392
case_5	445.0	1731497	0.476263	1248494	0.343409	273168	0.0751372	0.721049	0.820481
case_5	446.0	1474458	0.556864	1159283	0.437831	255686	0.0965659	0.786243	0.819299
case_5	445.0	1731113	0.476091	1248984	0.343496	272853	0.0750401	0.721492	0.820708
case_5	446.0	1659826	0.465007	1245089	0.348817	261237	0.0731866	0.750132	0.826573
case_5	49.0	3997237	0.933206	3984082	0.930134	26490	0.00618443	0.996709	0.993395
case_6	0.0	2530584	1.0	2530584	1.0	0	0.0	1.0	1.0
case_6	42.0	2208929	0.910783	2200885	0.907466	6163	0.00254112	0.996358	0.997208
case_6	1076.0	874845	0.338279	596125	0.230505	451001	0.17439	0.681406	0.569296
case_6	82.0	2149165	0.885781	2135290	0.880063	7700	0.00317357	0.993544	0.996407
case_6	1076.0	868560	0.336142	592878	0.22945	468260	0.181222	0.682599	0.558719
case_6	1076.0	827743	0.333344	562383	0.226479	444805	0.179129	0.679417	0.558369
case_6	42.0	2408845	0.951851	2398750	0.947862	7645	0.00302091	0.995809	0.996823
case_6	1076.0	827745	0.333516	561897	0.2264	444805	0.179221	0.678829	0.558156
case_6	82.0	2149165	0.885781	2135290	0.880063	7700	0.00317357	0.993544	0.996407
case_6	96.0	2326152	0.871418	2312892	0.866451	13976	0.00523566	0.9943	0.993994
case_6	82.0	2304327	0.911405	2290953	0.906116	10836	0.00428585	0.994196	0.995292
case_6	82.0	2149167	0.885317	2135293	0.879601	7699	0.00317149	0.993544	0.996407
case_6	2.0	2318092	0.997768	2318091	0.997767	1	4.30426e-07	1.0	1.0
case_6	1076.0	873749	0.337545	593556	0.229301	465822	0.179955	0.679321	0.560287
case_6	82.0	2331648	0.920524	2315795	0.914265	11900	0.00469806	0.993201	0.994888
case_6	1076.0	907379	0.346834	616680	0.235718	476740	0.182228	0.679628	0.563992
case_6	82.0	2331648	0.920524	2315795	0.914265	11900	0.00469806	0.993201	0.994888
case_6	1076.0	844440	0.336325	571173	0.227487	446792	0.177949	0.676393	0.561093
case_6	36.0	2265254	0.932225	2263189	0.931375	3946	0.00162391	0.999088	0.998259
case_6	42.0	2208928	0.911262	2200884	0.907944	6163	0.00254246	0.996358	0.997208
case_6	82.0	2149167	0.885317	2135293	0.879601	7699	0.00317149	0.993544	0.996407
case_6	1076.0	874845	0.338279	596125	0.230505	451001	0.17439	0.681406	0.569296
case_6	1076.0	844441	0.336496	570687	0.227409	446792	0.178039	0.675816	0.560883
case_6	82.0	2304327	0.911405	2290953	0.906116	10836	0.00428585	0.994196	0.995292
case_6	36.0	2265252	0.932714	2263186	0.931863	3947	0.00162517	0.999088	0.998259
case_6	1076.0	908980	0.347761	622772	0.238263	464395	0.17767	0.685133	0.572839
case_6	1076.0	901097	0.345044	614877	0.235446	476502	0.18246	0.682365	0.563395
case_6	1076.0	908980	0.347761	622772	0.238263	464395	0.17767	0.685133	0.572839
case_7	346.0	1608214	0.607955	1399688	0.529125	197905	0.0748142	0.870337	0.876123
case_7	20.0	2404596	0.953533	2402282	0.952616	2315	0.000918004	0.999038	0.999037
case_7	12.0	2569960	0.983926	2569140	0.983612	526	0.000201382	0.999681	0.999795
case_7	116.0	2140524	0.844722	2110730	0.832964	36724	0.0144925	0.986081	0.982899
case_7	116.0	2242946	0.862766	2216048	0.85242	38270	0.0147208	0.988008	0.983024
case_7	116.0	2217711	0.858047	2184925	0.845362	38132	0.0147535	0.985216	0.982847
case_7	346.0	1804721	0.687896	1594760	0.607866	207164	0.0789636	0.88366	0.885032
case_7	20.0	2496366	0.97045	2492653	0.969007	3479	0.00135244	0.998513	0.998606
case_7	346.0	1849600	0.712425	1631651	0.628476	202004	0.0778075	0.882164	0.889835
case_7	346.0	1621060	0.60933	1415433	0.532038	202571	0.0761431	0.873153	0.874802
case_7	116.0	2165681	0.849583	2142379	0.840442	36785	0.0144305	0.98924	0.98312
case_7	346.0	1765259	0.693457	1560808	0.613142	192231	0.0755153	0.884181	0.890344
case_7	346.0	1572996	0.60911	1371721	0.53117	187176	0.07248	0.872044	0.87993
case_7	50.0	2426601	0.908905	2418480	0.905863	12401	0.0046449	0.996653	0.994899
case_7	300.0	1765666	0.664564	1687102	0.634994	178639	0.0672364	0.955505	0.904253
case_7	346.0	1750817	0.658644	1526996	0.574444	182830	0.0687792	0.872162	0.893071
case_7	346.0	1788056	0.685492	1574860	0.603759	203247	0.0779194	0.880767	0.885695
case_7	116.0	2257472	0.868351	2231042	0.858185	41583	0.0159952	0.988292	0.981703
case_7	20.0	2392993	0.948935	2390687	0.94802	3055	0.00121145	0.999036	0.998724
case_7	346.0	1795973	0.678752	1576646	0.595862	180578	0.0682459	0.877878	0.897237
case_7	346.0	1660821	0.630756	1445527	0.548991	202799	0.0770202	0.870369	0.876967
case_7	116.0	2233433	0.864128	2200576	0.851415	41447	0.0160361	0.985289	0.981514
case_7	346.0	1827542	0.703931	1611315	0.620645	202155	0.0778659	0.881684	0.888526
case_7	346.0	1717753	0.66185	1510551	0.582015	170197	0.0655769	0.879376	0.898737
case_7	346.0	1777601	0.671811	1561332	0.590076	178386	0.0674176	0.878337	0.897463
case_7	346.0	1766696	0.66086	1548672	0.579305	186785	0.0698699	0.876592	0.892371
case_7	346.0	1640117	0.622895	1434244	0.544707	201631	0.0765768	0.874477	0.876744
case_7	300.0	1714582	0.633466	1624717	0.600265	175334	0.0647785	0.947588	0.902595
case_8	678.0	1113885	0.443004	857679	0.341108	317825	0.126402	0.769989	0.729627
case_8	42.0	2429293	0.938804	2420752	0.935504	5273	0.00203776	0.996484	0.997826
case_8	22.0	2553918	0.975901	2551189	0.974859	3054	0.00116699	0.998931	0.998804
case_8	78.0	2140837	0.846885	2125642	0.840874	24181	0.00956566	0.992902	0.988752
case_8	55.0	2420693	0.930477	2410353	0.926502	8172	0.00314119	0.995728	0.996621
case_8	69.0	2332147	0.897419	2319192	0.892434	16404	0.00631232	0.994445	0.992977
case_8	78.0	2140837	0.846885	2125642	0.840874	24181	0.00956566	0.992902	0.988752
case_8	0.0	2432049	1.0	2432049	1.0	0	0.0	1.0	1.0
case_8	677.0	1103115	0.441162	838368	0.335283	312387	0.124931	0.760001	0.728537
case_8	677.0	1127649	0.445744	860754	0.340244	312241	0.123425	0.763317	0.733809
case_8	677.0	1127649	0.445744	860754	0.340244	312241	0.123425	0.763317	0.733809
case_8	42.0	2438480	0.938513	2432133	0.93607	5800	0.00223228	0.997397	0.997621
case_8	69.0	2377860	0.908457	2362417	0.902557	15006	0.00573301	0.993506	0.993688
case_8	678.0	1120957	0.443013	855068	0.337931	322962	0.127638	0.762802	0.725846
case_8	677.0	1117393	0.443547	854960	0.339375	309632	0.122908	0.765138	0.734128
case_8	677.0	1139086	0.433829	848771	0.32326	325835	0.124096	0.745133	0.722601
case_8	678.0	1124782	0.430912	841902	0.322538	332989	0.12757	0.748502	0.716579
case_8	55.0	2422920	0.927556	2414367	0.924282	9197	0.00352085	0.99647	0.996205
case_8	678.0	1113885	0.443004	857679	0.341108	317825	0.126402	0.769989	0.729627
case_8	677.0	1115829	0.429773	823718	0.317263	329171	0.126784	0.738212	0.714482
case_8	677.0	1117393	0.443547	854960	0.339375	309632	0.122908	0.765138	0.734128
case_8	677.0	1103115	0.441162	838368	0.335283	312387	0.124931	0.760001	0.728537
case_8	55.0	2361905	0.914468	2354234	0.911498	9247	0.0035802	0.996752	0.996088
case_8	69.0	2384553	0.907342	2368566	0.901259	15338	0.00583624	0.993296	0.993566
case_8	677.0	1125045	0.430217	840137	0.321268	322783	0.123432	0.746759	0.722437
case_8	678.0	1143238	0.435329	836640	0.318581	341923	0.130199	0.731816	0.709881
case_8	70.0	2387308	0.913752	2375850	0.909367	14711	0.0056307	0.9952	0.993846
case_8	678.0	1120957	0.443013	855068	0.337931	322962	0.127638	0.762802	0.725846
case_9	150.0	2212555	0.823033	2154321	0.801371	61649	0.0229324	0.97368	0.97218
case_9	8.0	2035654	0.991846	2035177	0.991614	477	0.000232412	0.999766	0.999766
case_9	149.0	2148868	0.817301	2091213	0.795373	65039	0.024737	0.97317	0.969837
case_9	314.0	1467987	0.614247	1391592	0.582281	116948	0.0489343	0.947959	0.922476
case_9	149.0	2198133	0.837624	2149873	0.819234	55379	0.0211028	0.978045	0.974888
case_9	314.0	1468547	0.614438	1389836	0.581505	115535	0.0483397	0.946402	0.923251
case_9	144.0	2234498	0.84473	2208241	0.834804	78091	0.0295215	0.988249	0.965844
case_9	149.0	2244638	0.836742	2189810	0.816303	54373	0.0202688	0.975574	0.975772
case_9	315.0	1422078	0.606452	1345346	0.573729	124695	0.0531767	0.946042	0.915176
case_9	315.0	1409772	0.599931	1327104	0.564751	131661	0.0560285	0.941361	0.909745
case_9	315.0	1468766	0.614343	1385887	0.579677	119425	0.0499521	0.943572	0.920664
case_9	8.0	2037866	0.993006	2037113	0.992639	753	0.00036692	0.99963	0.99963
case_9	315.0	1428065	0.608322	1351018	0.575502	124477	0.0530243	0.946048	0.915637
case_9	315.0	1410689	0.599606	1328007	0.564462	130312	0.0553884	0.941389	0.910642
case_9	20.0	2526870	0.947601	2524235	0.946613	5239	0.00196468	0.998957	0.997929
case_9	314.0	1404684	0.603149	1334981	0.573219	109779	0.0471373	0.950378	0.924016
case_9	37.0	2491320	0.934016	2484957	0.93163	12363	0.00463499	0.997446	0.995049
case_9	315.0	1464100	0.61311	1384736	0.579875	120234	0.0503495	0.945793	0.920109
case_9	8.0	2039569	0.992481	2039267	0.992334	302	0.000146957	0.999852	0.999852
case_9	150.0	2252226	0.839344	2192867	0.817222	56734	0.0211432	0.973644	0.97478
case_9	315.0	1424354	0.606697	1346621	0.573587	123539	0.0526209	0.945426	0.915969
case_9	149.0	2207320	0.821307	2144984	0.798113	61275	0.0227994	0.971759	0.972227
case_9	314.0	1461768	0.61232	1386417	0.580756	117255	0.0491169	0.948452	0.922021
case_9	37.0	2543761	0.933262	2536266	0.930512	12490	0.00458237	0.997054	0.9951
case_9	314.0	1411465	0.605332	1338402	0.573997	108059	0.046343	0.948236	0.925294
case_9	314.0	1410903	0.605135	1340156	0.574792	109472	0.0469524	0.949857	0.924483
case_9	315.0	1468206	0.614153	1387643	0.580453	120838	0.0505467	0.945128	0.919894
case_9	315.0	1411816	0.600128	1329762	0.565249	131725	0.055993	0.941881	0.909869
