case_10	136.0	2033077	0.843926	2010870	0.834708	48761	0.0202406	0.989077	0.976325
case_10	969.0	836658	0.31669	577540	0.218609	418841	0.158539	0.690294	0.579638
case_10	159.0	2023902	0.832304	1969336	0.809864	52118	0.0214329	0.973039	0.974218
case_10	970.0	826372	0.302323	566357	0.207198	428277	0.156682	0.685354	0.569412
case_10	135.0	2044634	0.847794	2018113	0.836798	46464	0.019266	0.987029	0.977495
case_10	72.0	2558107	0.90112	2537354	0.89381	21536	0.00758628	0.991887	0.991584
case_10	970.0	848215	0.308062	566341	0.205689	450615	0.163658	0.667686	0.556898
case_10	160.0	2010152	0.827548	1955877	0.805203	52836	0.0217517	0.973	0.973697
case_10	970.0	847684	0.317638	569577	0.213428	446113	0.167164	0.671921	0.560778
case_10	970.0	836008	0.306913	574061	0.210748	427941	0.157104	0.686669	0.572914
case_10	970.0	824855	0.311415	564910	0.213276	424201	0.160153	0.68486	0.571129
case_10	969.0	830289	0.319123	580297	0.223038	405367	0.155803	0.69891	0.588737
case_10	969.0	840286	0.308185	579012	0.21236	425031	0.155885	0.689065	0.57668
case_10	72.0	2564096	0.877068	2543206	0.869922	21480	0.00734739	0.991853	0.991625
case_10	9.0	2369707	0.986464	2368705	0.986047	690	0.000287234	0.999577	0.999709
case_10	160.0	2014092	0.828626	1957403	0.805303	52595	0.0216383	0.971854	0.973833
case_10	136.0	2036649	0.844849	2010579	0.834035	47851	0.0198497	0.9872	0.976754
case_10	160.0	2046194	0.839109	1998743	0.81965	45613	0.0187051	0.97681	0.977688
case_10	16.0	2807280	0.947257	2802204	0.945545	2392	0.00080713	0.998192	0.999147
case_10	970.0	834134	0.315859	573999	0.217355	417929	0.158256	0.688138	0.57867
case_10	970.0	831950	0.315223	572589	0.216952	421751	0.1598	0.688249	0.575848
case_10	970.0	840402	0.319714	572293	0.217717	435934	0.165842	0.680975	0.567623
case_10	9.0	2376749	0.988739	2375940	0.988402	1243	0.000517094	0.99966	0.999477
case_10	970.0	826973	0.317976	576319	0.221598	404985	0.155719	0.696902	0.587299
case_10	970.0	815693	0.31269	566999	0.217355	410786	0.157472	0.695113	0.579881
case_10	970.0	838192	0.307535	575471	0.211142	424119	0.15561	0.686562	0.575707
case_10	970.0	823884	0.316983	574642	0.221089	407768	0.156885	0.697479	0.584931
case_10	6.0	2370356	0.987163	2369319	0.986731	1037	0.000431871	0.999563	0.999563
case_11	154.0	941649	0.605211	927623	0.596196	27539	0.0176997	0.985105	0.971168
case_11	22.0	1882526	0.972727	1880139	0.971494	3457	0.00178628	0.998732	0.998165
case_11	154.0	936330	0.604441	921520	0.59488	27565	0.0177944	0.984183	0.970956
case_11	730.0	792392	0.35399	696108	0.310976	268290	0.119855	0.878489	0.721806
case_11	154.0	962267	0.615819	943758	0.603974	28400	0.0181751	0.980765	0.970787
case_11	162.0	1646057	0.797672	1617484	0.783825	46678	0.0226199	0.982642	0.971951
case_11	22.0	1871872	0.966378	1870739	0.965793	3897	0.00201188	0.999395	0.997921
case_11	730.0	382913	0.206864	332576	0.17967	137183	0.0741113	0.868542	0.707972
case_11	12.0	1918500	0.987046	1918299	0.986943	583	0.000299947	0.999895	0.999696
case_11	730.0	819440	0.34648	714715	0.3022	289445	0.122385	0.872199	0.711754
case_11	730.0	382581	0.205057	332862	0.178408	137177	0.0735244	0.870043	0.708158
case_11	4.0	1149387	0.995152	1149293	0.995071	94	8.13862e-05	0.999918	0.999918
case_11	154.0	915080	0.593281	901709	0.584612	27493	0.0178248	0.985388	0.970412
case_11	730.0	799032	0.355894	701032	0.312244	272247	0.121261	0.877352	0.720279
case_11	154.0	916914	0.594932	903796	0.58642	27764	0.0180144	0.985693	0.970196
case_11	162.0	1656325	0.803306	1625527	0.788369	41719	0.0202334	0.981406	0.974977
case_11	154.0	938807	0.606508	923922	0.596892	28444	0.018376	0.984145	0.970133
case_11	162.0	972226	0.582943	949934	0.569577	36849	0.0220945	0.977071	0.962657
case_11	730.0	381556	0.205997	331020	0.178714	137276	0.0741136	0.867553	0.706861
case_11	730.0	796047	0.354298	698850	0.311038	273083	0.121541	0.8779	0.719031
case_11	6.0	1141901	0.976251	1141545	0.975947	356	0.000304357	0.999688	0.999688
case_11	154.0	937570	0.605048	921652	0.594776	30850	0.0199086	0.983022	0.967612
case_11	6.0	1143599	0.978704	1143337	0.97848	262	0.000224222	0.999771	0.999771
case_11	154.0	935093	0.602984	919250	0.592768	29971	0.0193265	0.983057	0.968426
case_11	154.0	960860	0.614254	941488	0.60187	30806	0.0196935	0.979839	0.968316
case_11	162.0	969641	0.580977	947096	0.567468	35970	0.021552	0.976749	0.96341
case_11	162.0	1003462	0.596418	979748	0.582323	35886	0.0213292	0.976368	0.964666
case_11	162.0	1647204	0.801478	1618732	0.787625	39325	0.0191343	0.982715	0.976282
case_12	216.0	2045383	0.769378	1949206	0.733201	111624	0.0419878	0.952978	0.945835
case_12	118.0	2203009	0.841613	2166761	0.827765	57944	0.0221363	0.983546	0.973954
case_12	82.0	2474903	0.925073	2466334	0.92187	13903	0.00519668	0.996538	0.994394
case_12	216.0	2062103	0.769777	1957608	0.73077	109317	0.0408077	0.949326	0.947111
case_12	216.0	2045071	0.763214	1940573	0.724216	112366	0.0419346	0.948903	0.945266
case_12	119.0	2194861	0.834129	2151913	0.817807	58463	0.0222181	0.980432	0.973551
case_12	24.0	2564544	0.963405	2559613	0.961553	5024	0.00188733	0.998077	0.998041
case_12	215.0	2046487	0.779925	1967740	0.749914	102900	0.0392156	0.961521	0.950305
case_12	0.0	2663382	1.0	2663382	1.0	0	0.0	1.0	1.0
case_12	23.0	2585335	0.974811	2580433	0.972963	5801	0.00218729	0.998104	0.997757
case_12	216.0	2067730	0.777995	1971234	0.741688	109248	0.0411052	0.953332	0.947489
case_12	119.0	2178459	0.835824	2141769	0.821747	57593	0.0220971	0.983158	0.973814
case_12	24.0	2575934	0.966269	2570643	0.964284	4508	0.00169101	0.997946	0.998249
case_12	215.0	2042178	0.778497	1968107	0.75026	101384	0.0386485	0.963729	0.95101
case_12	19.0	2602822	0.972254	2598192	0.970525	3849	0.00143775	0.998221	0.998521
case_12	19.0	2589855	0.968822	2586538	0.967581	4311	0.00161267	0.998719	0.998336
case_12	216.0	2051087	0.764347	1947939	0.725909	112653	0.0419807	0.949711	0.94533
case_12	19.0	2602822	0.972254	2598192	0.970525	3849	0.00143775	0.998221	0.998521
case_12	119.0	2183606	0.831083	2139174	0.814172	59272	0.022559	0.979652	0.973039
case_12	215.0	2057459	0.770661	1968203	0.737229	108100	0.040491	0.956618	0.947936
case_12	6.0	2668171	0.993023	2666648	0.992456	742	0.000276153	0.999429	0.999722
case_12	19.0	2589855	0.968822	2586538	0.967581	4311	0.00161267	0.998719	0.998336
case_12	216.0	2069513	0.771421	1966624	0.733069	109525	0.040826	0.950283	0.947246
case_12	23.0	2585335	0.974811	2580433	0.972963	5801	0.00218729	0.998104	0.997757
case_12	215.0	2079624	0.779174	1989904	0.745559	105182	0.0394086	0.956858	0.949796
case_12	215.0	2079624	0.779174	1989904	0.745559	105182	0.0394086	0.956858	0.949796
case_12	118.0	2203009	0.841613	2166761	0.827765	57944	0.0221363	0.983546	0.973954
case_12	215.0	2057459	0.770661	1968203	0.737229	108100	0.040491	0.956618	0.947936
case_13	115.0	2103332	0.843781	2042069	0.819204	35100	0.0140809	0.970873	0.983102
case_13	116.0	2090058	0.836026	2027029	0.810815	41967	0.0167869	0.969843	0.979716
case_13	79.0	2439653	0.916121	2420491	0.908926	24886	0.00934502	0.992146	0.989823
case_13	116.0	2086317	0.83586	2024516	0.8111	41643	0.0166838	0.970378	0.979845
case_13	116.0	2096715	0.839443	2033312	0.814058	37727	0.0151044	0.969761	0.981784
case_13	38.0	2548720	0.957123	2542712	0.954867	8788	0.00330016	0.997643	0.996556
case_13	35.0	2248433	0.965989	2244898	0.96447	3140	0.00134903	0.998428	0.998603
case_13	79.0	2425518	0.909741	2403234	0.901383	29687	0.0111347	0.990813	0.987798
case_13	12.0	2308569	0.985686	2307517	0.985237	2411	0.00102942	0.999544	0.998956
case_13	115.0	2107198	0.843985	2043930	0.818644	37694	0.0150974	0.969975	0.981892
case_13	20.0	2602753	0.97617	2601044	0.975529	3424	0.00128418	0.999343	0.998685
case_13	115.0	2108862	0.845598	2046073	0.820421	39625	0.0158886	0.970226	0.981002
case_13	117.0	2084864	0.838414	2020034	0.812343	42402	0.0170517	0.968904	0.979441
case_13	116.0	2092733	0.838033	2031746	0.813611	43867	0.0175665	0.970858	0.978866
case_13	23.0	2281504	0.9797	2279626	0.978893	5166	0.00221833	0.999177	0.997739
case_13	79.0	2436304	0.918727	2416097	0.911107	29956	0.0112964	0.991706	0.987753
case_13	79.0	2429586	0.907456	2407860	0.899341	24551	0.00916985	0.991058	0.989907
case_13	116.0	2094183	0.833941	2035759	0.810676	40463	0.0161131	0.972102	0.980511
case_13	116.0	2088612	0.833042	2031577	0.810294	40047	0.0159727	0.972692	0.980669
case_13	34.0	2256703	0.964027	2253239	0.962548	4740	0.00202485	0.998465	0.997901
case_13	115.0	2102046	0.838047	2041162	0.813774	40511	0.016151	0.971036	0.980539
case_13	34.0	2260943	0.966994	2258108	0.965781	7220	0.00308796	0.998746	0.996813
case_13	115.0	2101321	0.836826	2037806	0.811532	38244	0.0152302	0.969774	0.981578
case_13	115.0	2097725	0.836719	2038588	0.813131	36622	0.0146074	0.971809	0.982353
case_13	23.0	2277264	0.976706	2275504	0.975951	3689	0.00158219	0.999227	0.998381
case_13	117.0	2089386	0.836466	2028397	0.81205	40311	0.0161381	0.97081	0.980514
case_13	116.0	2096494	0.835792	2039868	0.813217	42208	0.0168267	0.97299	0.979728
case_13	116.0	2100905	0.845976	2035375	0.819589	37624	0.0151501	0.968809	0.98185
case_14	225.0	1937199	0.772008	1877543	0.748234	143103	0.0570291	0.969205	0.92918
case_14	2.0	2505154	0.997498	2504946	0.997416	208	8.28211e-05	0.999917	0.999917
case_14	225.0	1935489	0.774922	1872558	0.749726	142695	0.0571315	0.967486	0.929193
case_14	57.0	2325717	0.934922	2317987	0.931815	9769	0.00392707	0.996676	0.995803
case_14	24.0	2419453	0.969822	2418432	0.969413	1021	0.000409261	0.999578	0.999578
case_14	335.0	1749253	0.686123	1624288	0.637107	196858	0.0772151	0.928561	0.891904
case_14	225.0	1935842	0.771729	1875977	0.747863	143311	0.0571313	0.969075	0.929029
case_14	335.0	1736496	0.687195	1610401	0.637294	199735	0.0790424	0.927385	0.889657
case_14	224.0	1912369	0.769946	1849505	0.744636	139300	0.0560841	0.967128	0.929958
case_14	335.0	1736701	0.686815	1609672	0.636578	201140	0.079545	0.926856	0.888923
case_14	224.0	1913647	0.773822	1846608	0.746714	140781	0.0569277	0.964968	0.929163
case_14	57.0	2325889	0.934672	2320570	0.932534	9561	0.00384214	0.997713	0.995897
case_14	24.0	2418566	0.969798	2415849	0.968708	1229	0.000492805	0.998877	0.999492
case_14	224.0	1915022	0.773847	1848004	0.746766	140743	0.0568733	0.965004	0.92923
case_14	336.0	1747036	0.684451	1617641	0.633757	214174	0.0839088	0.925935	0.883081
case_14	18.0	2454177	0.983433	2451726	0.982451	2451	0.00098216	0.999001	0.999001
case_14	57.0	2320964	0.933648	2313193	0.930522	9810	0.00394624	0.996652	0.995777
case_14	2.0	2454436	0.996552	2454295	0.996495	141	5.72489e-05	0.999943	0.999943
case_14	336.0	1747753	0.68496	1616596	0.633559	214197	0.0839458	0.924957	0.883003
case_14	57.0	2313977	0.936489	2303854	0.932392	9078	0.00367395	0.995625	0.996075
case_14	225.0	1927718	0.77364	1861776	0.747176	139596	0.0560233	0.965793	0.93025
case_14	224.0	1913744	0.769973	1850901	0.744689	139262	0.0560305	0.967162	0.930025
case_14	335.0	1746487	0.68795	1621542	0.638734	198051	0.0780133	0.928459	0.891156
case_14	225.0	1926450	0.776494	1859109	0.749351	139448	0.0562073	0.965044	0.930226
case_14	225.0	1936846	0.775201	1874124	0.750097	142487	0.0570288	0.967616	0.929343
case_14	57.0	2309224	0.935208	2299060	0.931091	9119	0.00369308	0.995599	0.996049
case_14	336.0	1748019	0.689578	1615255	0.637203	205980	0.0812572	0.924049	0.886901
case_14	57.0	2321136	0.933398	2315776	0.931243	9602	0.00386125	0.997691	0.995871
case_15	60.0	2261588	0.900913	2255689	0.898563	16170	0.00644139	0.997392	0.992882
case_15	204.0	2034351	0.792684	1915748	0.746471	92059	0.0358708	0.9417	0.954149
case_15	160.0	1983546	0.799521	1934903	0.779914	88650	0.0357327	0.975477	0.956191
case_15	160.0	2079744	0.813487	2029334	0.793769	86232	0.0337294	0.975761	0.959239
case_15	204.0	1958673	0.789282	1836335	0.739984	94470	0.0380684	0.93754	0.951072
case_15	196.0	1823731	0.750683	1718573	0.707398	105948	0.0436102	0.942339	0.941931
case_15	196.0	1952135	0.764327	1837469	0.719432	94209	0.036886	0.941261	0.951229
case_15	196.0	1936005	0.768003	1835351	0.728074	108092	0.0428795	0.948009	0.944381
case_15	196.0	1881160	0.75486	1751305	0.702753	95507	0.0383244	0.930971	0.948285
case_15	196.0	1949591	0.765917	1831993	0.719717	123774	0.0486259	0.939681	0.936713
case_15	204.0	2000509	0.785085	1866151	0.732357	89601	0.0351632	0.932838	0.954186
case_15	204.0	1904210	0.769376	1790837	0.723569	89475	0.0361514	0.940462	0.952415
case_15	160.0	2083429	0.809942	2033228	0.790426	94460	0.0367217	0.975905	0.955604
case_15	196.0	1988461	0.772265	1864671	0.724188	123061	0.0477936	0.937746	0.93809
case_15	114.0	2168291	0.869422	2147273	0.860995	54828	0.0219844	0.990307	0.975102
case_15	204.0	2041381	0.796641	1921770	0.749963	89531	0.0349391	0.941407	0.955486
case_15	48.0	2370968	0.938193	2363870	0.935384	15047	0.00595411	0.997006	0.993675
case_15	204.0	2012413	0.790973	1875581	0.737192	87726	0.0344805	0.932006	0.955317
case_15	196.0	1895393	0.760768	1797456	0.721458	115781	0.0464719	0.948329	0.939484
case_15	204.0	1983141	0.781688	1864171	0.734794	92856	0.0366008	0.940009	0.952553
case_15	204.0	1979678	0.779548	1853951	0.73004	113046	0.0445147	0.936491	0.942529
case_15	160.0	2038539	0.814579	1990447	0.795362	81764	0.032672	0.976409	0.960543
case_15	196.0	1875735	0.755296	1756879	0.707437	116276	0.0468205	0.936635	0.937925
case_15	196.0	2019717	0.781786	1890657	0.73183	97091	0.0375817	0.9361	0.951155
case_15	204.0	1941963	0.781314	1824185	0.733928	98210	0.039513	0.939351	0.948913
case_15	204.0	1995874	0.787925	1872452	0.739201	89272	0.0352425	0.938161	0.954493
case_15	204.0	2000713	0.789049	1871613	0.738134	110505	0.0435814	0.935473	0.944249
case_15	204.0	1907387	0.771882	1791391	0.724941	89197	0.0360963	0.939186	0.95257
case_16	172.0	2107645	0.815757	2027132	0.784595	68414	0.0264794	0.9618	0.967353
case_16	172.0	1831695	0.76107	1772008	0.736271	62024	0.025771	0.967414	0.966182
case_16	172.0	2111687	0.815297	2010288	0.776148	71484	0.0275991	0.951982	0.965662
case_16	172.0	1927702	0.780583	1876112	0.759693	58741	0.0237859	0.973238	0.969641
case_16	10.0	2546422	0.989772	2545766	0.989517	656	0.000254982	0.999742	0.999742
case_16	172.0	2088522	0.813602	1994025	0.77679	65736	0.025608	0.954754	0.968086
case_16	72.0	2284651	0.910255	2269538	0.904234	21643	0.00862304	0.993385	0.990554
case_16	52.0	2435057	0.944131	2410001	0.934417	11441	0.00443596	0.98971	0.995275
case_16	102.0	2274726	0.882779	2241332	0.869819	47219	0.0183248	0.98532	0.979367
case_16	52.0	2428565	0.943537	2401283	0.932938	13094	0.00508723	0.988766	0.994577
case_16	172.0	1992720	0.797804	1912369	0.765634	67667	0.0270911	0.959678	0.965825
case_16	158.0	2049327	0.82296	1979567	0.794946	81154	0.0325895	0.96596	0.960619
case_16	158.0	2049290	0.815389	1981503	0.788417	94200	0.0374811	0.966922	0.954618
case_16	172.0	1921461	0.77604	1846414	0.74573	62294	0.0251593	0.960943	0.967363
case_16	172.0	1895484	0.778674	1806332	0.74205	89522	0.0367761	0.952966	0.95278
case_16	72.0	2277143	0.909167	2259862	0.902268	22135	0.00883757	0.992411	0.9903
case_16	172.0	1927386	0.778797	1872235	0.756513	59167	0.0239076	0.971386	0.969366
case_16	160.0	1891740	0.788498	1822629	0.759692	80093	0.0333837	0.963467	0.957906
case_16	172.0	2104774	0.820304	2030603	0.791397	60798	0.0236951	0.964761	0.97093
case_16	160.0	1982854	0.797686	1932939	0.777606	64538	0.0259631	0.974827	0.96769
case_16	172.0	1990952	0.795269	1895287	0.757056	86487	0.0345465	0.95195	0.956359
case_16	172.0	1993674	0.798402	1909286	0.764608	81967	0.0328251	0.957672	0.958836
case_16	172.0	2096279	0.81867	2023256	0.790152	61301	0.0239402	0.965165	0.970593
case_16	72.0	2280633	0.908234	2241315	0.892577	26320	0.0104816	0.98276	0.988393
case_16	160.0	1988405	0.807416	1939311	0.78748	55086	0.0223683	0.97531	0.97238
case_16	172.0	2005156	0.795433	1918252	0.760959	74787	0.0296676	0.95666	0.962476
case_16	172.0	2003623	0.800701	1917187	0.766159	82819	0.0330967	0.95686	0.958591
case_16	172.0	2117304	0.817832	2037039	0.786829	66757	0.0257856	0.962091	0.968268
case_17	265.0	1813541	0.717688	1584819	0.627174	123502	0.0488745	0.873881	0.927706
case_17	182.0	2105157	0.772852	1997730	0.733413	81348	0.0298647	0.94897	0.960873
case_17	264.0	1743313	0.698173	1519549	0.608558	117177	0.0469278	0.871644	0.928408
case_17	182.0	2092094	0.779189	2001361	0.745396	90557	0.0337275	0.956631	0.956711
case_17	264.0	1867225	0.687494	1622842	0.597514	130142	0.047917	0.86912	0.92576
case_17	265.0	1867724	0.686967	1619200	0.595558	134289	0.0493928	0.866938	0.923416
case_17	265.0	1847218	0.714236	1644469	0.635842	128426	0.0496565	0.890241	0.927561
case_17	265.0	1842976	0.71182	1631958	0.630318	130357	0.0503483	0.885501	0.926031
case_17	265.0	1850730	0.691329	1634463	0.610544	145109	0.0542046	0.883145	0.918458
case_17	182.0	2163547	0.77656	2068872	0.742579	83305	0.0299006	0.956241	0.961293
case_17	264.0	1786299	0.698005	1568793	0.613014	122385	0.0478225	0.878237	0.927633
case_17	141.0	2032310	0.815573	1994923	0.800569	56763	0.0227792	0.981604	0.972333
case_17	265.0	1817889	0.720212	1597091	0.632736	123127	0.0487805	0.878542	0.928424
case_17	70.0	2591442	0.900795	2571730	0.893943	29947	0.0104097	0.992393	0.988489
case_17	264.0	1804312	0.71483	1577955	0.625152	118835	0.0470799	0.874547	0.929965
case_17	140.0	2040966	0.81997	2002656	0.804579	56416	0.0226655	0.981229	0.972601
case_17	74.0	2309732	0.890348	2290135	0.882794	28005	0.0107953	0.991515	0.987919
case_17	264.0	1837057	0.710304	1627663	0.629341	124108	0.0479867	0.886017	0.929153
case_17	265.0	1876900	0.691059	1631970	0.600877	133952	0.04932	0.869503	0.924146
case_17	141.0	2041474	0.820178	2004009	0.805126	58413	0.0234679	0.981648	0.971677
case_17	264.0	1796220	0.677838	1566962	0.591323	134888	0.0509026	0.872366	0.92074
case_17	265.0	1845641	0.688703	1619004	0.604133	144816	0.0540383	0.877204	0.917896
case_17	182.0	2146329	0.781294	2062734	0.750864	90206	0.0328362	0.961052	0.958101
case_17	264.0	1830347	0.68072	1573782	0.585301	123061	0.0457673	0.859827	0.927476
case_17	37.0	2390517	0.950046	2384280	0.947568	7666	0.00304664	0.997391	0.996795
case_17	264.0	1845602	0.689411	1624551	0.606839	139200	0.0519971	0.880228	0.921077
case_17	37.0	2383974	0.946386	2377333	0.94375	5316	0.00211034	0.997214	0.997769
case_17	20.0	2440347	0.968769	2437671	0.967707	4844	0.00192297	0.998903	0.998017
case_18	83.0	2425613	0.894445	2362671	0.871235	29029	0.0107044	0.974051	0.987863
case_18	80.0	2499098	0.912654	2487381	0.908375	20901	0.00763291	0.995312	0.991667
case_18	83.0	2520679	0.906855	2500754	0.899686	29104	0.0104706	0.992095	0.988496
case_18	83.0	2515428	0.91378	2448345	0.889411	22601	0.00821027	0.973331	0.990853
case_18	347.0	1799977	0.666974	1582492	0.586386	234034	0.0867204	0.879173	0.871164
case_18	83.0	2528111	0.917626	2463004	0.893994	19400	0.0070416	0.974247	0.992185
case_18	347.0	1788947	0.661627	1616133	0.597713	242121	0.0895464	0.903399	0.869705
case_18	38.0	2533586	0.956285	2529367	0.954692	10458	0.0039473	0.998335	0.995882
case_18	347.0	1785292	0.662094	1571346	0.58275	234778	0.0870698	0.880162	0.87001
case_18	83.0	2413277	0.890646	2348440	0.866718	31036	0.0114542	0.973133	0.986957
case_18	14.0	2744069	0.98305	2743635	0.982894	280	0.000100309	0.999842	0.999898
case_18	20.0	2643315	0.960895	2637972	0.958952	6573	0.00238941	0.997979	0.997515
case_18	346.0	1803080	0.672305	1614365	0.60194	240076	0.0895159	0.895337	0.87054
case_18	20.0	2656187	0.964772	2654284	0.964081	1861	0.000675947	0.999284	0.999299
case_18	346.0	1837028	0.678937	1658743	0.613045	227073	0.0839226	0.902949	0.879589
case_18	346.0	1844631	0.676897	1659786	0.609067	231947	0.0851142	0.899793	0.877389
case_18	83.0	2522134	0.912927	2456952	0.889333	22307	0.00807438	0.974156	0.991003
case_18	83.0	2534528	0.916655	2471611	0.8939	19106	0.00691001	0.975176	0.992329
case_18	16.0	2680058	0.983016	2677655	0.982135	7133	0.00261631	0.999103	0.997343
case_18	347.0	1799633	0.660841	1623501	0.596164	244425	0.089755	0.902129	0.869146
case_18	83.0	2526395	0.90568	2508702	0.899337	28861	0.0103463	0.992997	0.988626
case_18	83.0	2417011	0.883284	2398944	0.876681	39257	0.0143463	0.992525	0.983899
case_18	347.0	1775296	0.663154	1563977	0.584217	232319	0.0867818	0.880967	0.870668
case_18	346.0	1847386	0.680271	1672803	0.615984	230825	0.0849977	0.905497	0.878745
case_18	347.0	1788801	0.667629	1575124	0.587879	231574	0.0864297	0.880547	0.871825
case_18	346.0	1856892	0.678925	1674373	0.612192	235942	0.0862662	0.901707	0.876491
case_18	346.0	1793941	0.673768	1609298	0.60442	237806	0.0893151	0.897074	0.871255
case_18	80.0	2504303	0.911255	2496097	0.908269	21225	0.00772326	0.996723	0.991568
case_19	40.0	2369660	0.951607	2364466	0.949521	3262	0.00130995	0.997808	0.998622
case_19	176.0	2081558	0.810422	2032136	0.79118	83051	0.0323346	0.976257	0.960736
case_19	50.0	2321711	0.939596	2308197	0.934127	7702	0.003117	0.994179	0.996674
case_19	50.0	2355756	0.943011	2344003	0.938306	6777	0.00271284	0.995011	0.997117
case_19	41.0	2397441	0.950656	2394155	0.949353	3097	0.00122805	0.998629	0.998708
case_19	6.0	2498522	0.992884	2497902	0.992638	620	0.000246381	0.999752	0.999752
case_19	6.0	2501399	0.992719	2501323	0.992689	76	3.01618e-05	0.99997	0.99997
case_19	51.0	2346692	0.941438	2336594	0.937387	10403	0.00417344	0.995697	0.995568
case_19	177.0	2107151	0.81038	2060851	0.792574	81131	0.0312018	0.978027	0.962123
case_19	51.0	2353579	0.940644	2342544	0.936233	8015	0.00320332	0.995311	0.99659
case_19	41.0	2393200	0.952534	2389296	0.95098	3715	0.00147863	0.998369	0.998448
case_19	51.0	2349740	0.941408	2339806	0.937428	8089	0.0032408	0.995772	0.996555
case_19	177.0	2103188	0.811799	2056782	0.793887	82436	0.0318191	0.977935	0.961464
case_19	51.0	2347580	0.941572	2337637	0.937584	10257	0.0041139	0.995765	0.995631
case_19	50.0	2352082	0.941319	2341579	0.937115	6620	0.00264937	0.995535	0.997181
case_19	50.0	2322999	0.940341	2307093	0.933902	8396	0.00339867	0.993153	0.996374
case_19	176.0	2070556	0.803466	2023933	0.785375	84724	0.0328766	0.977483	0.959821
case_19	29.0	2387021	0.959401	2383201	0.957866	2222	0.000893075	0.9984	0.999069
case_19	177.0	2105394	0.811611	2058773	0.793639	82984	0.0319896	0.977856	0.961254
case_19	51.0	2354535	0.940805	2343867	0.936542	7869	0.00314423	0.995469	0.996654
case_19	22.0	2411621	0.972851	2409381	0.971947	3248	0.00131025	0.999071	0.998654
case_19	51.0	2350605	0.941532	2341214	0.937771	8013	0.0032096	0.996005	0.996589
case_19	41.0	2393603	0.951438	2390552	0.950225	3171	0.00126045	0.998725	0.998675
case_19	29.0	2390859	0.958591	2387353	0.957185	2148	0.000861219	0.998534	0.999101
case_19	6.0	2494444	0.993676	2493750	0.993399	694	0.000276459	0.999722	0.999722
case_19	176.0	2072264	0.804313	2023801	0.785503	83108	0.0322569	0.976614	0.960555
case_19	29.0	2383904	0.959428	2379780	0.957768	2766	0.00111321	0.99827	0.998839
case_19	176.0	2117164	0.815477	2067048	0.796173	87824	0.0338275	0.976329	0.959244
case_1	122.0	2216369	0.860373	2143523	0.832095	52558	0.0204025	0.967133	0.976067
case_1	122.0	1920317	0.800732	1866437	0.778265	44215	0.0184367	0.971942	0.976859
case_1	122.0	1935517	0.804818	1878492	0.781106	46574	0.0193662	0.970538	0.975807
case_1	112.0	2154205	0.857156	2133354	0.848859	31760	0.0126373	0.990321	0.985331
case_1	71.0	1997141	0.844542	1983074	0.838593	25735	0.0108827	0.992956	0.987189
case_1	54.0	2004678	0.852496	1998194	0.849739	8051	0.00342371	0.996766	0.995987
case_1	122.0	2194401	0.861728	2128369	0.835797	56401	0.0221483	0.969909	0.974184
case_1	122.0	2190917	0.860588	2125787	0.835005	56467	0.0221801	0.970273	0.974124
case_1	122.0	2056092	0.833365	2012340	0.815632	36586	0.0148289	0.978721	0.982144
case_1	122.0	1920783	0.811147	1872995	0.790967	47267	0.0199609	0.975121	0.975385
case_1	122.0	1936430	0.815444	1887785	0.794959	48012	0.0202182	0.974879	0.975198
case_1	122.0	2219212	0.86125	2145479	0.832635	52529	0.0203859	0.966775	0.976102
case_1	122.0	1761508	0.769659	1732368	0.756927	32357	0.0141378	0.983457	0.981665
case_1	123.0	2233730	0.862684	2164252	0.835851	61364	0.0236993	0.968896	0.972428
case_1	72.0	2382358	0.918943	2371980	0.91494	21406	0.0082569	0.995644	0.991056
case_1	123.0	2215545	0.865766	2151591	0.840774	66684	0.026058	0.971134	0.969939
case_1	54.0	2019736	0.856209	2011603	0.852761	10048	0.00425956	0.995973	0.99503
case_1	54.0	2004650	0.852239	1998162	0.84948	8054	0.003424	0.996764	0.995985
case_1	54.0	2019764	0.856467	2011635	0.85302	10045	0.00425951	0.995975	0.995031
case_1	122.0	1772887	0.772366	1740597	0.758299	33822	0.0147347	0.981787	0.980939
case_1	122.0	2053856	0.832687	2011006	0.815315	36614	0.0148443	0.979137	0.982119
case_1	112.0	2128826	0.857367	2113379	0.851146	32911	0.0132546	0.992744	0.984666
case_1	10.0	2153984	0.987886	2152782	0.987335	3241	0.00148643	0.999442	0.998497
case_1	71.0	2010423	0.847752	1992741	0.840296	28111	0.0118538	0.991205	0.98609
case_1	71.0	2312189	0.909132	2287268	0.899333	35103	0.0138022	0.989222	0.984885
case_1	123.0	2088156	0.842079	2053321	0.828031	37997	0.0153228	0.983318	0.981831
case_1	71.0	2309474	0.908306	2284556	0.898506	35100	0.0138047	0.989211	0.984868
case_1	2.0	2526674	0.998658	2526669	0.998656	5	1.97623e-06	0.999998	0.999998
case_20	265.0	2010443	0.740564	1820423	0.670568	177240	0.0652878	0.905484	0.911276
case_20	265.0	2013704	0.74128	1815281	0.668237	186849	0.0687824	0.901464	0.906675
case_20	6.0	2952135	0.992348	2951843	0.99225	292	9.81546e-05	0.999901	0.999901
case_20	32.0	2518163	0.953551	2507469	0.949501	20842	0.00789222	0.995753	0.991757
case_20	265.0	1910330	0.683884	1720272	0.615845	162795	0.0582794	0.90051	0.913548
case_20	74.0	2389812	0.850305	2367295	0.842293	23829	0.00847846	0.990578	0.990034
case_20	265.0	1889543	0.718733	1711553	0.651031	157542	0.0599249	0.905803	0.915712
case_20	265.0	1898300	0.721577	1707380	0.649005	154967	0.0589057	0.899426	0.916789
case_20	265.0	1915656	0.685356	1725572	0.617351	164664	0.0589112	0.900773	0.912887
case_20	144.0	2308833	0.841303	2237041	0.815143	69263	0.0252384	0.968906	0.969968
case_20	265.0	1935246	0.732656	1752268	0.663383	153462	0.0580985	0.90545	0.919473
case_20	265.0	1916772	0.685755	1725392	0.617286	165068	0.0590556	0.900155	0.912684
case_20	74.0	2389755	0.850284	2366675	0.842072	24663	0.00877519	0.990342	0.989687
case_20	144.0	2301436	0.794614	2209505	0.762874	75318	0.026005	0.960055	0.967036
case_20	265.0	1898715	0.723205	1704317	0.64916	156571	0.0596366	0.897616	0.915862
case_20	66.0	2430346	0.915988	2411468	0.908873	23368	0.00880731	0.992232	0.990403
case_20	265.0	1938926	0.733557	1755321	0.664093	151875	0.0574591	0.905306	0.920367
case_20	74.0	2435754	0.862838	2414405	0.855275	23436	0.00830193	0.991235	0.990387
case_20	144.0	2303399	0.795291	2204929	0.761293	77408	0.0267265	0.95725	0.966084
case_20	66.0	2447335	0.920536	2433959	0.915505	19903	0.00748628	0.994534	0.991889
case_20	265.0	1888103	0.719649	1703187	0.649169	157566	0.0600562	0.902063	0.915321
case_20	144.0	2264141	0.828769	2202833	0.806328	69974	0.0256134	0.972922	0.969213
case_20	265.0	1908805	0.683339	1719704	0.615642	162190	0.0580629	0.900932	0.913816
case_20	106.0	2301515	0.880599	2270122	0.868587	64265	0.0245889	0.98636	0.97247
case_20	144.0	2259360	0.828641	2188126	0.802515	73235	0.0268596	0.968472	0.967615
case_20	74.0	2371584	0.845427	2337701	0.833348	27402	0.00976832	0.985713	0.988414
case_20	74.0	2435190	0.862637	2413422	0.854926	24081	0.00853041	0.991061	0.990121
case_20	74.0	2369698	0.844756	2337561	0.833299	26568	0.00947102	0.986438	0.988762
case_21	590.0	1223392	0.492564	935033	0.376464	300095	0.120825	0.764295	0.757033
case_21	32.0	2032464	0.942267	2027977	0.940187	5906	0.00273807	0.997792	0.997096
case_21	589.0	1212618	0.484244	939729	0.375269	298581	0.119235	0.774959	0.75888
case_21	62.0	2581957	0.932315	2570169	0.928058	24152	0.00872101	0.995434	0.99069
case_21	590.0	1220820	0.49158	933942	0.376064	294176	0.118454	0.765012	0.760466
case_21	162.0	1837375	0.832271	1808207	0.819058	47844	0.0216718	0.984125	0.974223
case_21	590.0	1264030	0.500803	975286	0.386404	296616	0.117518	0.771569	0.766793
case_21	590.0	1273647	0.502596	993890	0.392201	292363	0.11537	0.78035	0.772702
case_21	155.0	2324428	0.833102	2286612	0.819548	66258	0.0237476	0.983731	0.971839
case_21	589.0	1223722	0.488628	946613	0.377979	302793	0.120904	0.773552	0.75765
case_21	590.0	1223392	0.494581	929507	0.375772	302992	0.122491	0.759779	0.754165
case_21	162.0	1888500	0.843809	1862100	0.832013	44708	0.0199762	0.986021	0.976553
case_21	589.0	1259208	0.492876	994106	0.38911	290507	0.113709	0.789469	0.773856
case_21	590.0	1218487	0.492649	927002	0.374798	295444	0.119452	0.760781	0.758317
case_21	20.0	2143666	0.979894	2143047	0.979611	874	0.000399515	0.999711	0.999592
case_21	589.0	1223458	0.488358	946633	0.37786	303778	0.121257	0.773736	0.757057
case_21	590.0	1222036	0.491852	933961	0.375906	301105	0.12119	0.764266	0.756203
case_21	155.0	2353397	0.840433	2325500	0.830471	62881	0.0224557	0.988146	0.973672
case_21	590.0	1196243	0.489675	900487	0.368609	293400	0.120101	0.752763	0.754248
case_21	32.0	2042271	0.946332	2038105	0.944401	5633	0.00261018	0.99796	0.997244
case_21	32.0	2042268	0.946699	2038123	0.944778	5612	0.00260146	0.99797	0.997254
case_21	589.0	1192952	0.482245	918795	0.371418	293467	0.118633	0.770186	0.757918
case_21	590.0	1190243	0.485207	902200	0.367785	290526	0.118434	0.757996	0.756418
case_21	20.0	2143669	0.979519	2143029	0.979227	895	0.000408957	0.999701	0.999583
case_21	162.0	1893586	0.845667	1868676	0.834542	44794	0.0200048	0.986845	0.97659
case_21	590.0	1223093	0.494292	929285	0.375555	304002	0.122857	0.759783	0.753503
case_21	162.0	1895540	0.846857	1869906	0.835405	44506	0.0198836	0.986477	0.976752
case_21	2.0	2185192	0.998375	2185162	0.998361	30	1.37065e-05	0.999986	0.999986
case_22	156.0	2204910	0.843913	2123650	0.812812	99839	0.0382127	0.963146	0.955098
case_22	4.0	2567685	0.997593	2567540	0.997537	145	5.63352e-05	0.999944	0.999944
case_22	144.0	2125613	0.832879	2068425	0.810471	66796	0.0261727	0.973096	0.968717
case_22	156.0	2201387	0.84237	2120534	0.811432	100729	0.0385444	0.963272	0.954652
case_22	144.0	2206307	0.847609	2140787	0.822438	64447	0.024759	0.970303	0.970775
case_22	72.0	2367147	0.923939	2355005	0.9192	18431	0.00719394	0.994871	0.992234
case_22	12.0	2633224	0.986994	2632902	0.986873	1230	0.000461033	0.999878	0.999533
case_22	156.0	2188258	0.824612	2109442	0.794912	96501	0.036365	0.963982	0.956254
case_22	34.0	2454424	0.941903	2451093	0.940625	4459	0.00171117	0.998643	0.998184
case_22	144.0	2211187	0.836574	2161657	0.817835	70228	0.0265699	0.9776	0.968534
case_22	72.0	2364403	0.922651	2352205	0.917891	18869	0.00736317	0.994841	0.992042
case_22	34.0	2457701	0.94779	2447282	0.943772	3463	0.00133547	0.995761	0.998587
case_22	144.0	2122639	0.831517	2065988	0.809325	67046	0.0262644	0.973311	0.968568
case_22	144.0	2196474	0.836127	2145527	0.816733	69142	0.0263201	0.976805	0.96878
case_22	144.0	2203247	0.842594	2140422	0.818567	66117	0.0252853	0.971485	0.970036
case_22	144.0	2194548	0.835202	2143726	0.81586	69362	0.0263978	0.976842	0.968658
case_22	72.0	2381037	0.919298	2360510	0.911373	24484	0.00945306	0.991379	0.989734
case_22	144.0	2131133	0.829781	2078838	0.80942	67669	0.0263477	0.975461	0.968475
case_22	144.0	2120733	0.83465	2064785	0.81263	64699	0.0254634	0.973619	0.969618
case_22	72.0	2383780	0.920571	2363310	0.912666	24046	0.00928612	0.991413	0.989928
case_22	156.0	2107518	0.81322	2039952	0.787149	94123	0.0363189	0.96794	0.955895
case_22	156.0	2201597	0.837459	2126436	0.808869	103259	0.0392784	0.965861	0.953689
case_22	144.0	2200986	0.841451	2147974	0.821184	68336	0.0261253	0.975914	0.969167
case_22	156.0	2186359	0.819964	2117366	0.794089	96476	0.036182	0.968444	0.956421
case_22	44.0	2452017	0.951059	2445914	0.948692	11572	0.00448841	0.997511	0.995291
case_22	156.0	2188503	0.841259	2116566	0.813607	92913	0.0357157	0.96713	0.957948
case_22	144.0	2214523	0.84189	2154431	0.819045	66023	0.0250998	0.972865	0.970266
case_22	144.0	2205173	0.843525	2142223	0.819445	65897	0.025207	0.971453	0.970157
case_23	363.0	1648180	0.643515	1440927	0.562595	181182	0.0707407	0.874253	0.888305
case_23	22.0	2328108	0.969311	2324872	0.967964	3236	0.00134731	0.99861	0.99861
case_23	363.0	1618628	0.631011	1431575	0.55809	171711	0.0669404	0.884437	0.892901
case_23	22.0	2328786	0.969457	2325570	0.968118	3216	0.0013388	0.998619	0.998619
case_23	264.0	1957460	0.720934	1894274	0.697662	138096	0.0508608	0.96772	0.932052
case_23	363.0	1617950	0.63083	1430878	0.557892	171730	0.0669566	0.884377	0.892843
case_23	72.0	2500185	0.907226	2479397	0.899683	21794	0.00790825	0.991685	0.991287
case_23	264.0	1936860	0.720166	1859728	0.691487	131283	0.0488139	0.960177	0.934062
case_23	363.0	1633466	0.629113	1446464	0.557091	173914	0.0669812	0.885518	0.892671
case_23	363.0	1607566	0.635301	1458617	0.576437	163750	0.064713	0.907345	0.899067
case_23	363.0	1655364	0.643923	1447645	0.563122	184043	0.0715913	0.874518	0.887207
case_23	72.0	2514966	0.911181	2496837	0.904613	28058	0.0101655	0.992792	0.988887
case_23	363.0	1646000	0.641597	1451751	0.56588	176593	0.0688345	0.881987	0.891551
case_23	363.0	1626514	0.628744	1441346	0.557165	173796	0.0671824	0.886157	0.892396
case_23	264.0	1945603	0.725022	1884328	0.702188	131117	0.0488603	0.968506	0.934944
case_23	2.0	2411348	0.999859	2411328	0.999851	20	8.29295e-06	0.999992	0.999992
case_23	363.0	1606182	0.63724	1456598	0.577893	167916	0.0666193	0.90687	0.896636
case_23	72.0	2505021	0.918111	2489832	0.912544	26135	0.0095787	0.993937	0.989612
case_23	363.0	1606889	0.635118	1457921	0.576239	163769	0.0647292	0.907294	0.899013
case_23	72.0	2494778	0.915786	2476410	0.909044	18658	0.006849	0.992637	0.992522
case_23	24.0	2649435	0.963465	2647252	0.962671	4899	0.00178152	0.999176	0.998153
case_23	363.0	1613737	0.631535	1425294	0.557788	171821	0.067242	0.883226	0.892418
case_23	363.0	1634144	0.629292	1447161	0.557287	173895	0.0669652	0.885577	0.892727
case_23	363.0	1650992	0.641161	1457577	0.566048	179128	0.0695641	0.882849	0.890556
case_23	363.0	1651670	0.64134	1458274	0.566244	179109	0.0695476	0.882909	0.890613
case_23	264.0	1952263	0.724746	1887930	0.700863	134761	0.0500278	0.967047	0.933375
case_23	363.0	1656042	0.644102	1448342	0.563319	184024	0.0715744	0.87458	0.887265
case_23	36.0	2620931	0.958502	2613841	0.955909	12559	0.00459296	0.997295	0.995218
case_24	282.0	1864341	0.730358	1750145	0.685621	160887	0.0630277	0.938747	0.915811
case_24	282.0	1859141	0.730118	1742616	0.684357	171313	0.0672777	0.937323	0.910491
case_24	282.0	1831879	0.721871	1720023	0.677793	165355	0.0651598	0.938939	0.912296
case_24	283.0	1902693	0.728682	1772070	0.678657	174531	0.0668408	0.931348	0.910341
case_24	283.0	1862111	0.717249	1730496	0.666553	182475	0.0702858	0.929319	0.904612
case_24	283.0	1858149	0.715522	1727022	0.665028	172552	0.066445	0.929431	0.909163
case_24	283.0	1892427	0.726498	1758724	0.67517	186027	0.0714153	0.929348	0.904344
case_24	283.0	1883074	0.722582	1752696	0.672553	183556	0.070435	0.930763	0.9052
case_24	283.0	1875152	0.720651	1749469	0.672349	161797	0.0621812	0.932975	0.915346
case_24	8.0	2482734	0.979182	2478546	0.97753	7246	0.0028578	0.998313	0.997085
case_24	283.0	1866060	0.718893	1734688	0.668282	178546	0.0687842	0.929599	0.906678
case_24	66.0	2435852	0.916903	2427210	0.91365	26050	0.00980573	0.996452	0.989381
case_24	282.0	1861606	0.730749	1745709	0.685255	168712	0.0662257	0.937744	0.911873
case_24	283.0	1889693	0.72572	1755258	0.674091	177946	0.0683386	0.928859	0.907953
case_24	56.0	2360023	0.931216	2344063	0.924919	15249	0.00601694	0.993237	0.993537
case_24	209.0	2001916	0.767834	1933577	0.741622	122507	0.0469875	0.965863	0.940417
case_24	118.0	2326068	0.875257	2298358	0.86483	51159	0.0192502	0.988087	0.978226
case_24	283.0	1888280	0.72485	1757043	0.674473	173534	0.0666142	0.930499	0.910113
case_24	283.0	1901823	0.72862	1777169	0.680863	163739	0.0627311	0.934456	0.915638
case_24	283.0	1865820	0.718947	1732266	0.667485	179798	0.0692806	0.928421	0.905967
case_24	14.0	2473387	0.973534	2464690	0.97011	7350	0.00289298	0.996484	0.997027
case_24	209.0	2020379	0.774626	1952359	0.748547	109664	0.0420459	0.966333	0.946817
case_24	283.0	1836437	0.709853	1706450	0.659608	173553	0.0670848	0.929218	0.907685
case_24	56.0	2381028	0.935868	2370372	0.931679	10630	0.00417814	0.995525	0.995535
case_24	209.0	1998535	0.76894	1931630	0.743198	121504	0.0467489	0.966523	0.94082
case_24	56.0	2392771	0.938598	2382470	0.934558	9355	0.00366963	0.995695	0.996089
case_24	118.0	2331658	0.874679	2294129	0.860601	63871	0.02396	0.983905	0.972913
case_24	14.0	2497712	0.979312	2492340	0.977206	3082	0.0012084	0.997849	0.998765
case_25	235.0	2000592	0.753543	1870241	0.704445	119631	0.0450602	0.934844	0.93988
case_25	162.0	2145101	0.765183	2078515	0.741431	77214	0.0275431	0.968959	0.964182
case_25	235.0	1901813	0.7229	1757054	0.667876	147348	0.0560086	0.923884	0.922628
case_25	235.0	2008239	0.765047	1884287	0.717827	126243	0.0480928	0.938278	0.937209
case_25	235.0	1979393	0.758646	1841879	0.705941	141120	0.0540873	0.930527	0.928835
case_25	24.0	2550806	0.925015	2546132	0.92332	5037	0.0018266	0.998168	0.998026
case_25	235.0	1994438	0.720806	1852485	0.669503	139441	0.0503951	0.928826	0.929997
case_25	235.0	1988641	0.761821	1854395	0.710393	137414	0.0526414	0.932494	0.93101
case_25	22.0	2545966	0.971836	2542823	0.970636	7192	0.0027453	0.998765	0.99718
case_25	162.0	2124458	0.813326	2068907	0.792059	72280	0.0276716	0.973852	0.966243
case_25	124.0	2164870	0.834039	2128237	0.819926	75506	0.0290895	0.983078	0.965737
case_25	124.0	2151409	0.829257	2116943	0.815972	76471	0.0294756	0.98398	0.965136
case_25	162.0	2115358	0.800285	2052775	0.776609	71112	0.0269032	0.970415	0.966518
case_25	110.0	2265679	0.851711	2230072	0.838325	56483	0.021233	0.984284	0.975298
case_25	162.0	2151985	0.776276	2088920	0.753527	77652	0.0280111	0.970694	0.964159
case_25	162.0	2126779	0.80391	2064872	0.78051	77429	0.0292677	0.970892	0.963857
case_25	235.0	1884127	0.728866	1739408	0.672883	154060	0.0595974	0.92319	0.918636
case_25	235.0	2009467	0.756525	1883700	0.709177	115139	0.0433476	0.937413	0.942397
case_25	14.0	2567651	0.931897	2552664	0.926458	2418	0.000877583	0.994163	0.999054
case_25	235.0	1873801	0.725514	1741712	0.674371	149176	0.0577592	0.929507	0.921108
case_25	235.0	1911008	0.735111	1763288	0.678287	146054	0.0561829	0.9227	0.923506
case_25	235.0	2003686	0.723818	1865001	0.673719	135735	0.0490333	0.930785	0.932157
case_25	235.0	2003904	0.763764	1874293	0.714364	128559	0.0489987	0.935321	0.935812
case_25	235.0	1900014	0.692715	1753820	0.639415	152428	0.0555729	0.923056	0.920038
case_25	24.0	2516732	0.968922	2513116	0.96753	4449	0.00171283	0.998563	0.998233
case_25	162.0	2136511	0.817224	2078776	0.79514	74404	0.0284598	0.972977	0.965445
case_25	235.0	1978495	0.758599	1856658	0.711884	131157	0.0502885	0.938419	0.93402
case_25	235.0	1971063	0.756116	1843494	0.70718	134819	0.0517177	0.935279	0.931852
case_26	31.0	2864657	0.960911	2859958	0.959335	3379	0.00113344	0.99836	0.99882
case_26	141.0	2349482	0.824269	2301278	0.807357	38274	0.0134277	0.979483	0.98364
case_26	141.0	2355503	0.824046	2312763	0.809094	35841	0.0125386	0.981855	0.984739
case_26	140.0	2338975	0.819719	2303456	0.807271	35928	0.0125914	0.984814	0.984642
case_26	820.0	1266586	0.407875	938269	0.302148	413405	0.133127	0.740786	0.694153
case_26	819.0	1257676	0.403141	940393	0.301438	415124	0.133066	0.747723	0.693752
case_26	819.0	1182135	0.398551	853861	0.287875	382426	0.128933	0.722304	0.690666
case_26	140.0	2365382	0.823081	2325221	0.809106	36587	0.0127312	0.983021	0.984509
case_26	140.0	2378815	0.824756	2342931	0.812314	33154	0.0114948	0.984915	0.986047
case_26	141.0	2368102	0.82515	2329495	0.811697	31730	0.0110561	0.983697	0.986562
case_26	140.0	2338992	0.820408	2303512	0.807963	37517	0.0131592	0.984831	0.983974
case_26	141.0	2360777	0.825205	2318096	0.810286	34861	0.0121856	0.981921	0.985184
case_26	38.0	2600074	0.955837	2595430	0.95413	7465	0.00274428	0.998214	0.997132
case_26	819.0	1253113	0.405694	924934	0.299447	406153	0.131492	0.738109	0.694871
case_26	28.0	2920127	0.97412	2916867	0.973032	5360	0.00178803	0.998884	0.998166
case_26	141.0	2356083	0.823963	2312411	0.80869	35506	0.0124171	0.981464	0.984878
case_26	43.0	2878881	0.955782	2868048	0.952185	5967	0.00198103	0.996237	0.997924
case_26	140.0	2372588	0.823274	2337310	0.811033	33887	0.0117586	0.985131	0.985709
case_26	820.0	1258798	0.406554	935955	0.302285	409658	0.132307	0.743531	0.69556
case_26	14.0	2685660	0.983521	2684743	0.983185	917	0.000335816	0.999659	0.999659
case_26	141.0	2362309	0.823813	2324734	0.810709	32237	0.0112421	0.984094	0.986323
case_26	819.0	1188912	0.40193	859498	0.290567	391196	0.13225	0.722928	0.687217
case_26	31.0	2873022	0.960794	2869514	0.959621	3957	0.0013233	0.998779	0.998623
case_26	38.0	2605643	0.957049	2600022	0.954985	6786	0.00249249	0.997843	0.997397
case_26	140.0	2333891	0.820945	2290588	0.805713	39345	0.0138396	0.981446	0.983113
case_26	43.0	2884377	0.954731	2876296	0.952057	5723	0.00189432	0.997198	0.998014
case_26	819.0	1189384	0.400674	861388	0.29018	379562	0.127865	0.72423	0.694136
case_26	42.0	2848524	0.948048	2842505	0.946045	3440	0.0011449	0.997887	0.998791
case_27	26.0	2465345	0.948833	2463534	0.948136	1811	0.000696997	0.999265	0.999265
case_27	30.0	2453306	0.94771	2445192	0.944575	9826	0.00379577	0.996693	0.995998
case_27	265.0	1747273	0.707331	1616627	0.654443	133154	0.0539034	0.925229	0.923902
case_27	265.0	1776132	0.704086	1643640	0.651565	137571	0.0545353	0.925404	0.922765
case_27	106.0	2255661	0.883271	2236936	0.875938	29840	0.0116847	0.991699	0.986836
case_27	265.0	1802192	0.717152	1670603	0.664789	143205	0.0569861	0.926984	0.921047
case_27	265.0	1762832	0.707609	1627513	0.653292	131210	0.0526683	0.923238	0.925395
case_27	0.0	2396332	1.0	2396332	1.0	0	0.0	1.0	1.0
case_27	265.0	1748283	0.711019	1619485	0.658637	135389	0.0550621	0.926329	0.92285
case_27	265.0	1753663	0.704433	1619933	0.650715	130699	0.0525008	0.923742	0.925342
case_27	265.0	1766963	0.700947	1636432	0.649166	137026	0.0543577	0.926127	0.922735
case_27	265.0	1753048	0.709157	1621915	0.65611	133908	0.0541695	0.925197	0.923735
case_27	106.0	2311686	0.883158	2289977	0.874864	29237	0.0111697	0.990609	0.987394
case_27	12.0	2480954	0.978863	2479704	0.97837	2608	0.00102899	0.999496	0.998949
case_27	30.0	2444089	0.948979	2437436	0.946396	12219	0.00474434	0.997278	0.995012
case_27	265.0	1753048	0.709157	1621915	0.65611	133908	0.0541695	0.925197	0.923735
case_27	4.0	2382742	0.995069	2382057	0.994783	685	0.000286066	0.999713	0.999713
case_27	106.0	2259172	0.880105	2240523	0.872839	28960	0.0112819	0.991745	0.987239
case_27	265.0	1762832	0.707609	1627513	0.653292	131210	0.0526683	0.923238	0.925395
case_27	265.0	1802192	0.717152	1670603	0.664789	143205	0.0569861	0.926984	0.921047
case_27	4.0	2382742	0.995069	2382057	0.994783	685	0.000286066	0.999713	0.999713
case_27	265.0	1742508	0.709185	1614197	0.656963	134635	0.0547952	0.926364	0.923014
case_27	106.0	2313781	0.887219	2291338	0.878614	37694	0.0144538	0.9903	0.983816
case_27	26.0	2453595	0.949124	2449324	0.947472	4608	0.00178251	0.998259	0.998122
case_27	30.0	2508107	0.950308	2505167	0.949194	7110	0.00269394	0.998828	0.99717
case_27	265.0	1793023	0.71401	1663396	0.662391	142660	0.0568095	0.927705	0.92101
case_27	265.0	1748283	0.711019	1619485	0.658637	135389	0.0550621	0.926329	0.92285
case_27	265.0	1776132	0.704086	1643640	0.651565	137571	0.0545353	0.925404	0.922765
case_28	2.0	2672862	0.994252	2672563	0.994141	299	0.000111222	0.999888	0.999888
case_28	6.0	2687573	0.988728	2686796	0.988442	777	0.00028585	0.999711	0.999711
case_28	23.0	2628300	0.97115	2625709	0.970192	3665	0.00135421	0.999014	0.998606
case_28	449.0	1511835	0.519763	1307057	0.449361	273617	0.0940684	0.86455	0.826899
case_28	58.0	2887548	0.928078	2877485	0.924844	26586	0.00854493	0.996515	0.990845
case_28	85.0	2438073	0.903932	2411013	0.893899	24741	0.00917289	0.988901	0.989843
case_28	23.0	2638830	0.972783	2636342	0.971866	3562	0.0013131	0.999057	0.998651
case_28	448.0	1509173	0.522625	1308101	0.452994	261333	0.0904994	0.866767	0.833486
case_28	62.0	2499550	0.920905	2490512	0.917575	20271	0.00746841	0.996384	0.991926
case_28	448.0	1546881	0.529777	1335923	0.457528	274733	0.0940907	0.863624	0.829428
case_28	448.0	1525863	0.523999	1327991	0.456048	266311	0.0914543	0.870321	0.832961
case_28	448.0	1523918	0.526586	1323127	0.457203	262610	0.0907443	0.86824	0.834392
case_28	448.0	1546073	0.526256	1345454	0.457969	278075	0.0946518	0.87024	0.828722
case_28	85.0	2438841	0.902252	2411830	0.892259	25274	0.00935014	0.988925	0.989629
case_28	449.0	1523326	0.521539	1324801	0.45357	273584	0.0936665	0.869677	0.828837
case_28	63.0	2527863	0.923057	2516085	0.918756	19519	0.00712742	0.995341	0.992302
case_28	85.0	2456981	0.900196	2431779	0.890962	33492	0.0122709	0.989743	0.986414
case_28	62.0	2512668	0.923601	2503437	0.920208	22629	0.00831792	0.996326	0.991042
case_28	85.0	2445886	0.904722	2416924	0.894009	27321	0.0101059	0.988159	0.988822
case_28	449.0	1517958	0.518658	1319207	0.450749	275189	0.094027	0.869067	0.827402
case_28	449.0	1533920	0.526754	1329874	0.456684	258931	0.0889179	0.866977	0.837028
case_28	448.0	1509825	0.519612	1312965	0.451862	265034	0.0912125	0.869614	0.832044
case_28	449.0	1519032	0.523294	1313291	0.452418	271958	0.0936872	0.864558	0.828445
case_28	85.0	2460386	0.899508	2434834	0.890166	34025	0.0124394	0.989615	0.986218
case_28	449.0	1539306	0.525356	1338367	0.456777	263481	0.0899246	0.869461	0.835514
case_28	86.0	2458352	0.901352	2429914	0.890925	25575	0.00937704	0.988432	0.989585
case_28	85.0	2446654	0.903044	2417741	0.892373	27854	0.0102807	0.988183	0.988611
case_28	86.0	2457584	0.903014	2429097	0.892547	25042	0.00920143	0.988409	0.989796
case_29	200.0	2006021	0.786621	1961775	0.769271	104874	0.0411242	0.977943	0.949254
case_29	331.0	1692983	0.656869	1546066	0.599865	212277	0.0823624	0.91322	0.879274
case_29	331.0	1690109	0.655973	1543360	0.599016	211006	0.0818966	0.913172	0.879725
case_29	332.0	1744299	0.65065	1565640	0.584008	240146	0.0895781	0.897575	0.867013
case_29	332.0	1700584	0.659392	1536698	0.595846	220748	0.0855938	0.90363	0.874393
case_29	39.0	2391898	0.952084	2385360	0.949481	9636	0.00383556	0.997267	0.995977
case_29	200.0	1999629	0.783175	1956177	0.766157	104053	0.0407534	0.97827	0.949494
case_29	331.0	1705057	0.660442	1549019	0.600002	218797	0.0847495	0.908485	0.876233
case_29	39.0	2386100	0.948621	2381300	0.946712	9737	0.00387105	0.997988	0.995928
case_29	95.0	2368166	0.874084	2344451	0.86533	24765	0.00914069	0.989986	0.989547
case_29	62.0	2443667	0.924499	2434964	0.921206	13646	0.00516261	0.996439	0.994427
case_29	331.0	1687914	0.654125	1542605	0.597813	209988	0.0813777	0.913912	0.880184
case_29	332.0	1720417	0.650287	1567963	0.592662	216917	0.0819907	0.911385	0.87847
case_29	333.0	1706434	0.645653	1551607	0.587072	219496	0.0830494	0.909269	0.876068
case_29	331.0	1724931	0.659686	1544260	0.590589	233720	0.0893843	0.895259	0.868547
case_29	332.0	1724843	0.652714	1571171	0.594562	218624	0.0827316	0.910907	0.87785
case_29	331.0	1741318	0.665408	1555659	0.594462	236376	0.0903261	0.89338	0.868096
case_29	332.0	1679480	0.651531	1529886	0.593498	211547	0.0820668	0.910928	0.878521
case_29	331.0	1685040	0.65323	1539899	0.596964	208717	0.0809121	0.913865	0.880639
case_29	331.0	1710728	0.663425	1552483	0.602057	221084	0.0857369	0.907498	0.875345
case_29	95.0	2337069	0.863288	2312391	0.854172	24077	0.00889378	0.989441	0.989695
case_29	95.0	2338469	0.86353	2319136	0.856391	23198	0.00856636	0.991733	0.990096
case_29	332.0	1675577	0.650235	1526818	0.592506	210157	0.0815548	0.911219	0.87901
case_29	62.0	2447998	0.925835	2441840	0.923506	13627	0.00515374	0.997484	0.99445
case_29	201.0	1997593	0.783197	1947689	0.763631	107847	0.0422836	0.975018	0.947533
case_29	8.0	2491174	0.990547	2489553	0.989902	1622	0.000644944	0.999349	0.999349
case_29	331.0	1728067	0.660667	1546725	0.591337	234996	0.0898426	0.895061	0.868107
case_29	6.0	2624812	0.99351	2624690	0.993464	122	4.61779e-05	0.999954	0.999954
case_2	60.0	2455253	0.877695	2442629	0.873182	15074	0.0053886	0.994858	0.993867
case_2	128.0	2155624	0.794654	2092283	0.771304	59750	0.0220264	0.970616	0.972236
case_2	91.0	2368407	0.879885	2342020	0.870082	40811	0.0151617	0.988859	0.982873
case_2	60.0	2484652	0.88242	2464988	0.875437	17930	0.00636781	0.992086	0.992779
case_2	2.0	2620754	0.998223	2620752	0.998222	2	7.61783e-07	0.999999	0.999999
case_2	112.0	2325941	0.860832	2291283	0.848005	51764	0.0191579	0.985099	0.977907
case_2	128.0	2142655	0.818671	2100497	0.802563	65765	0.0251277	0.980324	0.969641
case_2	129.0	2112754	0.827431	2057666	0.805857	62947	0.0246523	0.973926	0.970317
case_2	91.0	2368405	0.878886	2342020	0.869095	40809	0.0151437	0.98886	0.982874
case_2	113.0	2312780	0.829803	2252210	0.808071	53406	0.0191616	0.973811	0.976837
case_2	113.0	2320098	0.880471	2270425	0.86162	51840	0.0196731	0.97859	0.977677
case_2	128.0	2165020	0.79276	2106749	0.771423	58013	0.0212425	0.973085	0.973201
case_2	112.0	2352440	0.818985	2292854	0.798241	53258	0.0185414	0.974671	0.977299
case_2	113.0	2315857	0.829996	2254886	0.808144	54123	0.0193975	0.973672	0.97656
case_2	129.0	2110051	0.827168	2056092	0.806016	63142	0.0247525	0.974428	0.970205
case_2	129.0	2112756	0.828424	2057647	0.806816	62933	0.0246764	0.973916	0.970323
case_2	2.0	2623459	0.998319	2623457	0.998318	2	7.6107e-07	0.999999	0.999999
case_2	32.0	2846457	0.959112	2833103	0.954613	20223	0.00681413	0.995309	0.992912
case_2	113.0	2318121	0.87952	2268634	0.860744	53066	0.0201338	0.978652	0.977143
case_2	112.0	2333938	0.817764	2283807	0.800199	56149	0.0196735	0.978521	0.976004
case_2	113.0	2322773	0.880464	2273101	0.861636	52557	0.0199221	0.978615	0.977401
case_2	128.0	2146443	0.838266	2106721	0.822753	57031	0.0222727	0.981494	0.973643
case_2	113.0	2310803	0.828915	2250419	0.807254	54632	0.0195972	0.973869	0.976299
case_2	113.0	2330300	0.830447	2263694	0.80671	56135	0.0200048	0.971417	0.975802
case_2	113.0	2331789	0.831155	2265181	0.807413	54637	0.0194751	0.971435	0.976448
case_2	91.0	2365700	0.878683	2339315	0.868883	40809	0.0151575	0.988847	0.982854
case_2	113.0	2334866	0.831346	2267857	0.807487	55354	0.0197092	0.971301	0.976173
case_2	2.0	2620752	0.99706	2620752	0.99706	0	0.0	1.0	1.0
case_30	37.0	2542373	0.952893	2535728	0.950402	7313	0.00274095	0.997386	0.997124
case_30	278.0	1990384	0.733498	1879937	0.692796	179254	0.0660589	0.94451	0.912949
case_30	278.0	1978536	0.72943	1875652	0.6915	179197	0.0660648	0.948	0.912793
case_30	278.0	1984806	0.733347	1874232	0.692492	180574	0.0667186	0.94429	0.912121
case_30	412.0	1614783	0.536382	1289618	0.428372	248749	0.0826269	0.798632	0.838303
case_30	277.0	1969401	0.731067	1856847	0.689285	176933	0.0656798	0.942849	0.913003
case_30	278.0	1975975	0.73146	1872359	0.693103	172826	0.0639761	0.947562	0.915496
case_30	12.0	2669711	0.984294	2668221	0.983744	2562	0.000944582	0.999442	0.999041
case_30	277.0	1965465	0.732908	1861826	0.694261	174274	0.0649855	0.94727	0.914408
case_30	412.0	1644109	0.544154	1279648	0.423527	242181	0.0801551	0.778323	0.840862
case_30	278.0	1970550	0.729751	1875423	0.694523	174155	0.0644946	0.951726	0.915029
case_30	412.0	1644254	0.543701	1278592	0.422788	239263	0.0791164	0.777612	0.842368
case_30	278.0	1973576	0.731325	1867178	0.691898	173546	0.0643089	0.946089	0.914959
case_30	411.0	1587507	0.530791	1263276	0.422383	243846	0.0815312	0.795761	0.838204
case_30	278.0	1968176	0.729623	1869598	0.693079	174825	0.0648094	0.949914	0.914487
case_30	278.0	1969325	0.73166	1864609	0.692755	175364	0.0651527	0.946826	0.914036
case_30	4.0	2666502	0.994708	2666105	0.99456	397	0.000148096	0.999851	0.999851
case_30	412.0	1648860	0.543045	1289700	0.424757	237763	0.0783062	0.782177	0.844341
case_30	24.0	2604674	0.972046	2601474	0.970851	5081	0.00189619	0.998771	0.998051
case_30	278.0	1971724	0.731795	1869790	0.693962	174644	0.0648182	0.948302	0.914576
case_30	412.0	1610780	0.536308	1289034	0.429183	251636	0.083782	0.800255	0.836671
case_30	412.0	1607881	0.534286	1286850	0.42761	245504	0.081579	0.800339	0.839786
case_30	37.0	2535415	0.952801	2528134	0.950065	7318	0.00275008	0.997128	0.997114
case_30	64.0	2531364	0.928182	2520943	0.924361	21529	0.00789409	0.995883	0.991532
case_30	277.0	1964081	0.733152	1858943	0.693906	175415	0.0654789	0.94647	0.913774
case_30	64.0	2530615	0.928855	2521311	0.92544	19867	0.00729212	0.996323	0.992182
case_30	24.0	2611971	0.972212	2608437	0.970897	5076	0.00188936	0.998647	0.998058
case_30	37.0	2527801	0.947825	2521150	0.945331	6512	0.00244174	0.997369	0.997424
case_3	101.0	2251696	0.873114	2222903	0.86195	44784	0.0173654	0.987213	0.980251
case_3	101.0	2257309	0.875929	2226816	0.864097	39031	0.0151456	0.986491	0.982774
case_3	27.0	2511694	0.955991	2508555	0.954796	3273	0.00124576	0.99875	0.998697
case_3	102.0	2272504	0.871103	2239078	0.85829	51440	0.0197181	0.985291	0.977542
case_3	24.0	2500694	0.976159	2498154	0.975168	3492	0.00136312	0.998984	0.998604
case_3	63.0	2409321	0.91966	2383977	0.909986	21263	0.00811629	0.989481	0.99116
case_3	64.0	2458652	0.923815	2442230	0.917645	20596	0.00773875	0.993321	0.991637
case_3	63.0	2422384	0.925792	2397710	0.916362	19792	0.00756415	0.989814	0.991813
case_3	102.0	2277083	0.873488	2241089	0.85968	45274	0.0173671	0.984193	0.980198
case_3	64.0	2425094	0.923871	2404270	0.915938	23195	0.00883643	0.991413	0.990445
case_3	101.0	2244903	0.871917	2217911	0.861433	45497	0.017671	0.987976	0.979899
case_3	24.0	2557254	0.971433	2554379	0.970341	3702	0.00140629	0.998876	0.998553
case_3	101.0	2250516	0.874735	2221824	0.863583	39245	0.0152538	0.987251	0.982643
case_3	102.0	2281282	0.876187	2245072	0.86228	43936	0.0168748	0.984127	0.980806
case_3	27.0	2518488	0.957029	2515177	0.955771	3445	0.0013091	0.998685	0.998632
case_3	102.0	2302598	0.880732	2273339	0.869541	40665	0.0155542	0.987293	0.982427
case_3	46.0	2493504	0.940716	2488316	0.938759	14713	0.00555073	0.997919	0.994122
case_3	4.0	2575511	0.994424	2574734	0.994124	777	0.000300005	0.999698	0.999698
case_3	63.0	2427269	0.926155	2404182	0.917346	18757	0.00715697	0.990488	0.992259
case_3	64.0	2443570	0.93206	2419372	0.92283	24833	0.00947214	0.990097	0.98984
case_3	102.0	2277163	0.873974	2243011	0.860867	50149	0.0192472	0.985002	0.978131
case_3	64.0	2468154	0.928516	2450406	0.921839	20899	0.00786217	0.992809	0.991543
case_3	102.0	2293329	0.876557	2268344	0.867007	45191	0.0172729	0.989105	0.980467
case_3	63.0	2415778	0.920632	2390469	0.910987	20208	0.00770109	0.989523	0.991617
case_3	102.0	2267010	0.879392	2235238	0.867067	40661	0.0157727	0.985985	0.982134
case_3	27.0	2494654	0.961299	2490610	0.959741	6130	0.00236216	0.998379	0.997545
case_3	27.0	2487859	0.960253	2483987	0.958758	5958	0.00229964	0.998444	0.997607
case_3	102.0	2259996	0.876032	2230570	0.864626	46552	0.0180447	0.98698	0.979557
case_4	210.0	2056309	0.78785	1975706	0.756968	110056	0.0421666	0.960802	0.947235
case_4	78.0	2346061	0.909674	2337348	0.906296	12832	0.00497555	0.996286	0.99454
case_4	266.0	1880496	0.713839	1744302	0.66214	125725	0.0477254	0.927575	0.932768
case_4	210.0	2082329	0.792661	1998684	0.760821	111887	0.042591	0.959831	0.946987
case_4	68.0	2394885	0.919529	2385725	0.916012	15942	0.00612102	0.996175	0.993362
case_4	266.0	1899097	0.718302	1734543	0.656062	132605	0.0501556	0.913351	0.92898
case_4	210.0	2086355	0.790206	2004538	0.759218	110206	0.0417405	0.960785	0.947887
case_4	42.0	2507849	0.952624	2503508	0.950975	5429	0.00206224	0.998269	0.997836
case_4	266.0	1967717	0.740611	1838475	0.691967	132519	0.0498776	0.934319	0.932765
case_4	266.0	1990110	0.738282	1853831	0.687726	139411	0.0517181	0.931522	0.930058
case_4	20.0	2511444	0.973546	2509842	0.972925	1602	0.000621006	0.999362	0.999362
case_4	78.0	2408106	0.913994	2393708	0.908529	16717	0.00634492	0.994021	0.993065
case_4	266.0	1870075	0.715508	1722818	0.659166	126680	0.048469	0.921256	0.931506
case_4	54.0	2544406	0.942652	2533054	0.938446	16328	0.0060492	0.995538	0.993595
case_4	210.0	2025997	0.787923	1947763	0.757497	109195	0.0424666	0.961385	0.946914
case_4	266.0	1960283	0.74361	1818403	0.689789	132325	0.0501959	0.927623	0.932166
case_4	266.0	1914430	0.718292	1761417	0.660881	133913	0.050244	0.920074	0.929346
case_4	68.0	2452837	0.930733	2444476	0.927561	16758	0.00635885	0.996591	0.993191
case_4	266.0	1940798	0.721476	1783331	0.662939	133048	0.0494595	0.918865	0.930573
case_4	210.0	2057690	0.790947	1973120	0.758439	111857	0.0429962	0.958901	0.946351
case_4	210.0	2113395	0.792804	2029567	0.761357	111768	0.0419278	0.960335	0.947805
case_4	78.0	2396540	0.918241	2385018	0.913826	12673	0.0048557	0.995192	0.994714
case_4	266.0	1911596	0.71741	1753058	0.657911	132586	0.0497587	0.917065	0.929687
case_4	266.0	1907160	0.721168	1739874	0.657911	134614	0.0509025	0.912285	0.928186
case_4	266.0	1928142	0.722333	1761154	0.659775	132231	0.0495372	0.913394	0.930162
case_4	210.0	2059992	0.791627	1980163	0.760949	111316	0.0427772	0.961248	0.946776
case_4	266.0	1984826	0.742023	1833853	0.685582	138715	0.0518583	0.923936	0.929678
case_4	210.0	2088382	0.790772	2006701	0.759844	112177	0.0424762	0.960888	0.947058
case_5	482.0	1579759	0.601199	1394858	0.530832	359946	0.136982	0.882956	0.79488
case_5	24.0	2514884	0.970895	2513326	0.970293	1559	0.000601867	0.99938	0.99938
case_5	482.0	1580479	0.601629	1399812	0.532856	355794	0.135437	0.885688	0.797338
case_5	131.0	2260774	0.860619	2226043	0.847397	37611	0.0143175	0.984638	0.983385
case_5	131.0	2106057	0.832759	2076149	0.820933	28388	0.0112249	0.985799	0.986511
case_5	16.0	2585089	0.956874	2584034	0.956483	1052	0.000389399	0.999592	0.999593
case_5	483.0	1597598	0.599779	1411031	0.529737	356947	0.134007	0.88322	0.798104
case_5	86.0	2246713	0.875921	2227962	0.86861	27800	0.0108383	0.991654	0.987676
case_5	131.0	2110135	0.834596	2077627	0.821739	28831	0.0114032	0.984594	0.986313
case_5	8.0	2632734	0.990288	2632447	0.99018	1043	0.000392318	0.999891	0.999604
case_5	131.0	2224404	0.834473	2185199	0.819766	35104	0.0131691	0.982375	0.98419
case_5	86.0	2211175	0.849246	2191817	0.841811	25947	0.00996546	0.991245	0.9883
case_5	20.0	2565058	0.953683	2563843	0.953231	1213	0.000450991	0.999526	0.999527
case_5	86.0	2234790	0.875356	2220538	0.869774	26166	0.0102491	0.993623	0.988354
case_5	20.0	2601566	0.981385	2600164	0.980856	1398	0.000527365	0.999461	0.999463
case_5	131.0	2258290	0.863832	2223404	0.850488	36926	0.0141248	0.984552	0.983663
case_5	20.0	2589125	0.978288	2587716	0.977755	2106	0.000795741	0.999456	0.999187
case_5	131.0	2253168	0.861648	2220123	0.849011	38694	0.0147972	0.985334	0.98287
case_5	483.0	1593541	0.599229	1406862	0.529031	352637	0.132604	0.882853	0.799581
case_5	483.0	1585824	0.598046	1398089	0.527247	357985	0.135003	0.881617	0.796145
case_5	131.0	2264762	0.86236	2226964	0.847968	35874	0.0136599	0.98331	0.984146
case_5	483.0	1579503	0.58449	1389360	0.514128	349836	0.129456	0.879618	0.798852
case_5	86.0	2237873	0.873948	2221853	0.867692	26787	0.010461	0.992841	0.988087
case_5	131.0	2226903	0.835625	2187607	0.820879	33337	0.0125094	0.982354	0.98499
case_5	483.0	1502505	0.585604	1340249	0.522364	336976	0.131337	0.89201	0.799087
case_5	131.0	2253641	0.859541	2216467	0.845363	35220	0.0134329	0.983505	0.984358
case_5	16.0	2570666	0.95306	2569441	0.952606	1186	0.000439703	0.999523	0.999539
case_5	131.0	2247913	0.857134	2213209	0.843901	36601	0.013956	0.984562	0.983732
case_6	46.0	2475770	0.945125	2471451	0.943476	8781	0.00335215	0.998255	0.99646
case_6	30.0	2419051	0.961966	2416940	0.961126	3053	0.00121406	0.999127	0.998738
case_6	452.0	1644601	0.630662	1439563	0.552035	273530	0.104892	0.875327	0.84033
case_6	96.0	2247060	0.878718	2232008	0.872831	31566	0.012344	0.993301	0.986055
case_6	452.0	1632884	0.63178	1427094	0.552158	271892	0.105198	0.873971	0.839968
case_6	34.0	2479048	0.95175	2475579	0.950419	5703	0.00218948	0.998601	0.997702
case_6	452.0	1661400	0.639156	1454734	0.559649	279166	0.107398	0.875607	0.838995
case_6	452.0	1603357	0.630625	1399693	0.550521	268902	0.105763	0.872977	0.838845
case_6	158.0	2061658	0.815939	2032110	0.804245	53089	0.0210109	0.985668	0.97454
case_6	158.0	2075146	0.813817	2045998	0.802386	57945	0.0227245	0.985954	0.972459
case_6	26.0	2461175	0.962606	2457650	0.961227	6300	0.00246403	0.998568	0.997443
case_6	452.0	1516564	0.609636	1330051	0.534661	259697	0.104394	0.877016	0.836643
case_6	452.0	1644279	0.640155	1441999	0.561403	269402	0.104884	0.87698	0.842584
case_6	452.0	1628493	0.636807	1427861	0.558352	276021	0.107935	0.876799	0.838005
case_6	96.0	2266289	0.882344	2251414	0.876552	33003	0.0128492	0.993436	0.985553
case_6	452.0	1537163	0.615126	1347947	0.539408	253293	0.10136	0.876906	0.841814
case_6	452.0	1590883	0.612755	1389935	0.535356	285880	0.110111	0.873688	0.829408
case_6	452.0	1627273	0.631477	1424850	0.552925	265110	0.102878	0.875606	0.843126
case_6	452.0	1551755	0.613404	1361359	0.538141	264486	0.104551	0.877303	0.837324
case_6	158.0	2091557	0.822955	2058159	0.809814	54731	0.0215347	0.984032	0.974097
case_6	46.0	2461503	0.948062	2457299	0.946442	7836	0.00301808	0.998292	0.996821
case_6	30.0	2429002	0.954234	2421649	0.951345	7349	0.00288706	0.996973	0.996974
case_6	452.0	1618875	0.633915	1414884	0.554037	262653	0.102849	0.873992	0.843429
case_6	452.0	1610066	0.627547	1412821	0.550668	272304	0.106135	0.877493	0.838407
case_6	452.0	1516111	0.596554	1323810	0.520888	272327	0.107154	0.873162	0.829384
case_6	96.0	2279134	0.876829	2260645	0.869716	36696	0.0141177	0.991888	0.984027
case_6	452.0	1613326	0.617879	1412827	0.541091	292275	0.111937	0.875723	0.828588
case_6	452.0	1599038	0.61045	1400648	0.534712	289441	0.110497	0.875932	0.828742
case_7	46.0	2468658	0.950844	2454626	0.94544	14493	0.00558222	0.994316	0.99413
case_7	98.0	2329154	0.8951	2298011	0.883132	30134	0.0115806	0.986629	0.987057
case_7	20.0	2552280	0.975687	2549985	0.974809	2295	0.000877334	0.999101	0.999101
case_7	20.0	2548204	0.973371	2546019	0.972536	2185	0.000834633	0.999143	0.999143
case_7	46.0	2487513	0.951831	2479615	0.948809	14371	0.00549897	0.996825	0.994238
case_7	99.0	2330011	0.886669	2302388	0.876157	26554	0.0101049	0.988145	0.988598
case_7	46.0	2464620	0.948545	2450660	0.943172	14383	0.00553551	0.994336	0.994165
case_7	99.0	2332665	0.889085	2304090	0.878194	29040	0.0110685	0.98775	0.987553
case_7	46.0	2463996	0.94679	2450500	0.941604	13747	0.00528228	0.994523	0.994421
case_7	73.0	2379928	0.918831	2364706	0.912954	20884	0.00806279	0.993604	0.991246
case_7	99.0	2336671	0.891304	2307861	0.880315	27993	0.0106777	0.98767	0.988016
case_7	98.0	2302139	0.891633	2262607	0.876322	39221	0.0151905	0.982828	0.982961
case_7	73.0	2375852	0.916536	2360740	0.910707	20774	0.00801402	0.993639	0.991277
case_7	99.0	2294938	0.880081	2261270	0.867169	36084	0.0138378	0.985329	0.984293
case_7	73.0	2389305	0.92725	2367908	0.918946	26941	0.0104554	0.991045	0.98875
case_7	46.0	2462717	0.945343	2444191	0.938232	14870	0.00570803	0.992477	0.993953
case_7	46.0	2466793	0.947649	2448157	0.940489	14980	0.00575475	0.992445	0.993918
case_7	6.0	2599491	0.995317	2599105	0.995169	386	0.000147795	0.999852	0.999852
case_7	99.0	2354008	0.90019	2321419	0.887728	32701	0.0125051	0.986156	0.986109
case_7	73.0	2372616	0.913822	2356944	0.907786	19845	0.00764338	0.993395	0.99165
case_7	99.0	2349360	0.90075	2320293	0.889606	34316	0.0131568	0.987628	0.985426
case_7	99.0	2295944	0.881872	2263390	0.869368	38126	0.0146442	0.985821	0.983434
case_7	73.0	2389268	0.9248	2366205	0.915873	28752	0.0111289	0.990347	0.987995
case_7	99.0	2319485	0.893887	2280584	0.878895	43387	0.0167205	0.983229	0.981331
case_7	99.0	2299114	0.883782	2265004	0.87067	37463	0.0144008	0.985164	0.983729
case_7	46.0	2461692	0.943444	2444583	0.936887	14204	0.00544369	0.99305	0.994223
case_7	99.0	2314055	0.894133	2278436	0.88037	43223	0.016701	0.984608	0.981383
case_7	34.0	2505180	0.967378	2498944	0.96497	9553	0.0036889	0.997511	0.996192
case_8	431.0	1533843	0.558656	1350547	0.491896	348089	0.126781	0.880499	0.795077
case_8	84.0	2382362	0.890691	2363091	0.883486	20991	0.00784788	0.991911	0.991195
case_8	197.0	2119740	0.790877	2071427	0.772851	86315	0.0322042	0.977208	0.959998
case_8	32.0	2597311	0.961696	2594744	0.960746	6118	0.00226529	0.999012	0.997648
case_8	197.0	2108538	0.793703	2048594	0.771139	93329	0.0351312	0.971571	0.956427
case_8	431.0	1556948	0.56226	1367738	0.49393	345633	0.124818	0.878474	0.798273
case_8	432.0	1538026	0.559474	1368355	0.497754	377720	0.1374	0.889683	0.783675
case_8	197.0	2134245	0.799205	2079971	0.778882	92351	0.0345825	0.97457	0.957487
case_8	54.0	2554806	0.949339	2546641	0.946305	13125	0.00487711	0.996804	0.994873
case_8	6.0	2647303	0.995149	2646805	0.994962	498	0.000187203	0.999812	0.999812
case_8	16.0	2622178	0.985765	2621186	0.985392	992	0.000372926	0.999622	0.999622
case_8	84.0	2415392	0.906299	2401603	0.901125	21947	0.00823492	0.994291	0.990944
case_8	197.0	2138999	0.800937	2088881	0.782171	89229	0.0334113	0.976569	0.959034
case_8	197.0	2116923	0.789874	2065381	0.770642	89324	0.0333289	0.975652	0.958545
case_8	197.0	2147098	0.800328	2098027	0.782037	87750	0.0327087	0.977145	0.959854
case_8	197.0	2120749	0.791858	2071747	0.773561	86517	0.0323042	0.976894	0.959914
case_8	54.0	2512323	0.934432	2505837	0.93202	14601	0.00543069	0.997418	0.994207
case_8	197.0	2140654	0.802171	2089270	0.782916	89394	0.0334988	0.975996	0.958968
case_8	197.0	2144115	0.799265	2090423	0.77925	90776	0.0338387	0.974958	0.958383
case_8	16.0	2620825	0.984499	2619428	0.983974	1397	0.000524776	0.999467	0.999467
case_8	84.0	2419807	0.903835	2401452	0.896979	21490	0.00802684	0.992415	0.991131
case_8	432.0	1531230	0.556621	1357989	0.493645	379131	0.137819	0.886862	0.781747
case_8	431.0	1568806	0.566024	1380791	0.498189	352181	0.127067	0.880154	0.796776
case_8	431.0	1556777	0.564158	1374010	0.497925	358261	0.12983	0.882599	0.793184
case_8	197.0	2115655	0.796333	2057629	0.774492	90452	0.0340462	0.972573	0.957892
case_8	432.0	1534679	0.557841	1364880	0.496121	377999	0.137399	0.889359	0.783118
case_8	197.0	2148752	0.801556	2098415	0.782778	87916	0.0327956	0.976574	0.959788
case_8	197.0	2116540	0.79728	2057141	0.774905	90385	0.0340471	0.971936	0.957912
case_9	49.0	2456436	0.935745	2447686	0.932411	11027	0.00420058	0.996438	0.995515
case_9	345.0	1744200	0.667921	1541704	0.590378	172353	0.0660006	0.883903	0.899447
case_9	345.0	1753770	0.66681	1539188	0.585222	189260	0.0719595	0.877645	0.890503
case_9	186.0	2014147	0.777249	1959681	0.756231	68236	0.0263319	0.972958	0.966352
case_9	152.0	2165934	0.78167	2126388	0.767398	52161	0.0188245	0.981742	0.976057
case_9	49.0	2451561	0.93519	2442039	0.931558	11738	0.00447766	0.996116	0.995216
case_9	49.0	2456949	0.937948	2451597	0.935905	6091	0.00232526	0.997822	0.997522
case_9	151.0	2219920	0.794894	2176235	0.779251	61673	0.0220834	0.980321	0.972442
case_9	49.0	2453239	0.93784	2447386	0.935603	6725	0.00257088	0.997614	0.99726
case_9	186.0	2096723	0.758415	2020179	0.730728	81422	0.0294515	0.963494	0.961257
case_9	345.0	1742001	0.668517	1532908	0.588275	171199	0.0657	0.87997	0.899537
case_9	185.0	2067631	0.792335	1986008	0.761056	78116	0.0299348	0.960523	0.962155
case_9	186.0	2015638	0.778923	1955167	0.755555	68504	0.0264727	0.969999	0.966149
case_9	346.0	1755414	0.635827	1562801	0.566061	178687	0.0647221	0.890275	0.897394
case_9	346.0	1774967	0.638583	1576687	0.567247	188977	0.0679886	0.888291	0.892971
case_9	346.0	1719964	0.659923	1528399	0.586423	172260	0.0660935	0.888623	0.89871
case_9	185.0	2058769	0.787244	1984428	0.758817	83196	0.031813	0.963891	0.959763
case_9	152.0	2164441	0.780102	2130591	0.767901	52231	0.0188249	0.984361	0.976072
case_9	346.0	1707396	0.66077	1525438	0.590351	156958	0.0607435	0.89343	0.906706
case_9	345.0	1756541	0.669293	1536546	0.585469	184329	0.0702347	0.874757	0.892886
case_9	151.0	2221263	0.793778	2179203	0.778747	64541	0.023064	0.981065	0.971235
case_9	346.0	1726444	0.664949	1554297	0.598645	176264	0.067889	0.900288	0.898146
case_9	346.0	1721638	0.661493	1526986	0.586704	172023	0.0660952	0.886938	0.898751
case_9	6.0	2579452	0.992984	2577920	0.992395	1664	0.000640573	0.999406	0.999355
case_9	42.0	2543101	0.962102	2536207	0.959494	13974	0.00528662	0.997289	0.99452
case_9	346.0	1719092	0.666922	1549148	0.600992	165861	0.0643458	0.901143	0.903289
case_9	346.0	1704408	0.658682	1527421	0.590284	160394	0.0619855	0.896159	0.904969
case_9	104.0	2306644	0.889709	2280232	0.879521	44280	0.0170795	0.98855	0.980951
