case_10	642.0	1237888	0.404921	1009070	0.330073	370344	0.121142	0.815155	0.731521
case_10	378.0	1530884	0.622479	1413872	0.5749	243918	0.0991804	0.923566	0.852866
case_10	642.0	1216159	0.399375	999780	0.328318	362643	0.119089	0.82208	0.733825
case_10	17.0	2394843	0.972362	2392356	0.971352	2315	0.000939944	0.998962	0.999033
case_10	43.0	2378431	0.949225	2374654	0.947718	4171	0.00166463	0.998412	0.998247
case_10	641.0	1250511	0.408026	1027510	0.335264	378268	0.123424	0.821672	0.730919
case_10	378.0	1565799	0.625799	1453374	0.580867	250859	0.10026	0.9282	0.852802
case_10	43.0	2385909	0.950999	2383441	0.950015	3856	0.00153696	0.998966	0.998385
case_10	377.0	1563274	0.633238	1445296	0.585449	257218	0.104192	0.924531	0.848919
case_10	12.0	2408730	0.983529	2408088	0.983267	642	0.00026214	0.999733	0.999733
case_10	377.0	1546024	0.62668	1430667	0.57992	243361	0.0986462	0.925385	0.854625
case_10	378.0	1584360	0.632791	1468958	0.586699	266119	0.106287	0.927162	0.846624
case_10	34.0	2323183	0.949253	2317327	0.94686	4710	0.00192451	0.997479	0.997972
case_10	377.0	1566970	0.633916	1450385	0.586752	258075	0.104404	0.925598	0.848943
case_10	44.0	2351918	0.941527	2349605	0.940601	5108	0.00204485	0.999017	0.997831
case_10	14.0	2436272	0.984839	2435157	0.984389	1115	0.000450728	0.999542	0.999542
case_10	377.0	1546602	0.630199	1436423	0.585304	253733	0.103389	0.928761	0.849876
case_10	378.0	1528520	0.6256	1412889	0.578274	251737	0.103032	0.924351	0.848773
case_10	377.0	1550753	0.627785	1438629	0.582394	246558	0.099813	0.927697	0.853691
case_10	34.0	2344659	0.951134	2339307	0.948963	4585	0.00185995	0.997717	0.998044
case_10	17.0	2400609	0.973442	2399581	0.973025	1860	0.000754226	0.999572	0.999225
case_10	642.0	1221895	0.399155	1000148	0.326717	366198	0.119625	0.818522	0.731987
case_10	641.0	1249209	0.407177	1026833	0.334694	380508	0.124026	0.821987	0.729626
case_10	377.0	1543144	0.629609	1431177	0.583926	252876	0.103174	0.927442	0.849841
case_10	642.0	1276919	0.411929	1040673	0.335717	386479	0.124677	0.814987	0.729196
case_10	378.0	1564279	0.629228	1453967	0.584856	261155	0.105049	0.929481	0.847734
case_10	378.0	1547288	0.628717	1426042	0.579451	255919	0.103989	0.92164	0.847845
case_10	642.0	1227686	0.400826	1006509	0.328614	371684	0.121351	0.819842	0.730311
case_11	328.0	1730647	0.668131	1610918	0.621908	210179	0.0811413	0.930818	0.884587
case_11	368.0	1662805	0.662062	1476494	0.587881	243083	0.0967859	0.887954	0.858638
case_11	60.0	2227811	0.925484	2221004	0.922657	9862	0.0040969	0.996945	0.995579
case_11	4.0	2833026	0.994478	2832785	0.994394	240	8.42473e-05	0.999915	0.999915
case_11	328.0	1742492	0.666545	1628267	0.622851	208695	0.0798308	0.934447	0.886391
case_11	10.0	2313341	0.989723	2312197	0.989233	1144	0.000489441	0.999505	0.999505
case_11	328.0	1730516	0.666651	1614921	0.62212	210829	0.0812182	0.933202	0.884525
case_11	328.0	1730568	0.666996	1611477	0.621096	209550	0.0807648	0.931184	0.884928
case_11	328.0	1742495	0.670888	1628990	0.627187	212701	0.0818932	0.934861	0.884508
case_11	368.0	1672001	0.670971	1477597	0.592957	231357	0.0928432	0.88373	0.864621
case_11	60.0	2229341	0.924473	2223409	0.922013	12002	0.00497704	0.997339	0.994631
case_11	368.0	1801526	0.656032	1642701	0.598195	243951	0.0888356	0.911839	0.870696
case_11	26.0	2275710	0.973015	2273693	0.972153	1578	0.000674698	0.999114	0.999306
case_11	368.0	1676405	0.672345	1484270	0.595286	228117	0.0914894	0.885389	0.866784
case_11	328.0	1731568	0.66816	1614362	0.622934	211508	0.0816146	0.932312	0.88416
case_11	368.0	1802377	0.656644	1638651	0.596995	242392	0.0883085	0.909161	0.87114
case_11	26.0	2276341	0.971503	2274892	0.970885	1544	0.000658953	0.999363	0.999322
case_11	328.0	1744575	0.667019	1630727	0.623491	210034	0.0803042	0.934742	0.885898
case_11	78.0	2124141	0.89901	2110975	0.893438	12956	0.00548343	0.993802	0.9939
case_11	78.0	2111680	0.895916	2100116	0.89101	10017	0.00424988	0.994524	0.995253
case_11	60.0	2237631	0.927349	2232375	0.925171	10056	0.00416754	0.997651	0.995516
case_11	328.0	1800436	0.67574	1677823	0.629721	218117	0.0818637	0.931898	0.884956
case_11	328.0	1741574	0.67086	1625546	0.626166	211372	0.0814212	0.933378	0.884931
case_11	78.0	2114828	0.895622	2104141	0.891096	10547	0.00446662	0.994947	0.995013
case_11	368.0	1731939	0.676081	1533010	0.598427	252709	0.0986477	0.885141	0.858483
case_11	368.0	1671827	0.672058	1476049	0.593358	228264	0.0917599	0.882896	0.866067
case_11	78.0	2208508	0.908434	2197924	0.90408	17588	0.00723454	0.995208	0.992061
case_11	328.0	1804876	0.677085	1684387	0.631884	220079	0.0825609	0.933243	0.884441
case_12	336.0	1868606	0.664975	1643288	0.584792	164722	0.0586191	0.879419	0.908893
case_12	62.0	2619272	0.908579	2607158	0.904377	9234	0.00320311	0.995375	0.996471
case_12	337.0	1889229	0.667123	1667406	0.588793	171734	0.0606425	0.882585	0.906623
case_12	87.0	2693099	0.84595	2655966	0.834286	38372	0.0120533	0.986212	0.985758
case_12	19.0	2727427	0.951126	2724042	0.949946	2663	0.000928659	0.998759	0.999023
case_12	130.0	2314080	0.858463	2291121	0.849945	74653	0.0276943	0.990079	0.968445
case_12	337.0	1868807	0.608912	1618768	0.527442	181224	0.0590481	0.866204	0.89932
case_12	336.0	1840155	0.654697	1606585	0.571597	171160	0.0608959	0.87307	0.903721
case_12	88.0	2698869	0.843722	2661453	0.832025	43086	0.0134696	0.986136	0.984069
case_12	337.0	1735126	0.630534	1508927	0.548335	158771	0.0576964	0.869635	0.904796
case_12	4.0	2799497	0.996718	2798826	0.996479	671	0.000238899	0.99976	0.99976
case_12	337.0	1861000	0.657002	1629771	0.575369	177645	0.0627153	0.87575	0.901713
case_12	61.0	2773139	0.941006	2765282	0.93834	12974	0.00440245	0.997167	0.99533
case_12	337.0	1886217	0.667621	1666113	0.589715	174423	0.0617365	0.883309	0.905232
case_12	62.0	2635617	0.912154	2626201	0.908895	9052	0.00313278	0.996427	0.996565
case_12	337.0	1895080	0.617605	1651899	0.538352	181100	0.0590203	0.871678	0.9012
case_12	337.0	1853235	0.655794	1626102	0.57542	178773	0.0632614	0.87744	0.90095
case_12	88.0	2558485	0.81846	2524474	0.80758	33365	0.0106735	0.986707	0.986956
case_12	337.0	1751536	0.636346	1535548	0.557876	152457	0.0553888	0.876687	0.909682
case_12	62.0	2634611	0.91222	2624597	0.908753	9596	0.00332256	0.996199	0.996357
case_12	14.0	2910614	0.982573	2909127	0.982071	2163	0.000730191	0.999489	0.999257
case_12	61.0	2759260	0.938406	2748790	0.934845	13521	0.0045984	0.996206	0.995105
case_12	88.0	2556268	0.818095	2522693	0.807349	35062	0.0112211	0.986866	0.986292
case_12	337.0	1739025	0.63165	1511051	0.548845	158218	0.057468	0.868907	0.905217
case_12	337.0	1747503	0.635184	1532440	0.557013	153002	0.0556133	0.876931	0.909221
case_12	62.0	2617592	0.90841	2605554	0.904233	9778	0.00339336	0.995401	0.996261
case_12	19.0	2721532	0.949505	2718256	0.948362	3275	0.0011426	0.998796	0.998797
case_12	88.0	2709129	0.845179	2676224	0.834914	42858	0.0133706	0.987854	0.984238
case_13	578.0	1373053	0.532426	1176708	0.45629	329022	0.127584	0.857001	0.781487
case_13	24.0	2499140	0.973754	2496835	0.972855	3124	0.00121722	0.999078	0.99875
case_13	578.0	1385515	0.536896	1195736	0.463356	328969	0.127478	0.863026	0.784241
case_13	578.0	1372186	0.535742	1180300	0.460824	334149	0.130462	0.86016	0.779359
case_13	578.0	1366750	0.530836	1178891	0.457873	318860	0.123843	0.862551	0.787107
case_13	578.0	1382452	0.536981	1186921	0.461032	327386	0.127165	0.858562	0.783805
case_13	578.0	1455352	0.556554	1251817	0.478719	310175	0.118617	0.860147	0.801423
case_13	578.0	1456094	0.558242	1246535	0.4779	304501	0.11674	0.856081	0.803679
case_13	42.0	2479077	0.95744	2475448	0.956039	4781	0.00184646	0.998536	0.998072
case_13	578.0	1457551	0.557494	1251550	0.478701	308053	0.117826	0.858666	0.80248
case_13	578.0	1444787	0.554789	1245649	0.478321	299544	0.115023	0.862168	0.806145
case_13	48.0	2473142	0.951378	2465727	0.948526	7346	0.00282589	0.997002	0.99703
case_13	80.0	2382941	0.923543	2370988	0.91891	15649	0.00606499	0.994984	0.993443
case_13	578.0	1365757	0.532323	1171174	0.456482	335975	0.130951	0.857527	0.777079
case_13	578.0	1374326	0.534686	1187899	0.462156	318259	0.12382	0.86435	0.788695
case_13	578.0	1372800	0.530974	1178456	0.455805	335503	0.129766	0.858432	0.778394
case_13	170.0	2103435	0.810261	2072093	0.798188	77128	0.0297104	0.9851	0.964114
case_13	578.0	1445337	0.556938	1244070	0.479383	313080	0.12064	0.860747	0.79894
case_13	578.0	1381436	0.53522	1187355	0.460025	332199	0.128706	0.859508	0.781384
case_13	80.0	2369603	0.922206	2358608	0.917927	17026	0.00662621	0.99536	0.992833
case_13	50.0	2453081	0.949812	2448238	0.947937	5576	0.00215898	0.998026	0.997728
case_13	80.0	2374332	0.922557	2363460	0.918333	19205	0.00746219	0.995421	0.99194
case_13	50.0	2472541	0.953389	2466272	0.950971	5074	0.00195649	0.997465	0.997947
case_13	48.0	2456568	0.948917	2450460	0.946557	9896	0.0038226	0.997514	0.995978
case_13	578.0	1377765	0.53299	1187729	0.459474	330397	0.127814	0.862069	0.782365
case_13	80.0	2375333	0.92076	2362458	0.915769	20427	0.0079182	0.99458	0.991428
case_13	50.0	2462797	0.949801	2450334	0.944995	7703	0.00297074	0.994939	0.996866
case_13	170.0	2098870	0.807143	2065565	0.794335	79786	0.0306825	0.984132	0.96281
case_14	10.0	2434648	0.994037	2434325	0.993905	323	0.000131877	0.999867	0.999867
case_14	266.0	1641115	0.682407	1527472	0.635152	176023	0.0731937	0.930753	0.896669
case_14	146.0	1997481	0.831185	1956875	0.814288	61159	0.0254493	0.979671	0.969694
case_14	28.0	2278806	0.967506	2276051	0.966336	3012	0.0012788	0.998791	0.998678
case_14	146.0	1991771	0.830242	1952145	0.813724	64098	0.0267183	0.980105	0.968209
case_14	266.0	1626022	0.677783	1510115	0.629469	177908	0.0741583	0.928717	0.894606
case_14	34.0	2271008	0.960114	2264102	0.957195	5389	0.00227831	0.996959	0.997625
case_14	266.0	1611764	0.676604	1494937	0.627561	176658	0.0741594	0.927516	0.894318
case_14	146.0	1990393	0.82884	1952745	0.813162	64480	0.0268508	0.981085	0.968035
case_14	26.0	2258613	0.965859	2255010	0.964318	3602	0.00154034	0.998405	0.998405
case_14	266.0	1730350	0.708372	1612465	0.660112	160914	0.0658751	0.931872	0.909261
case_14	146.0	2007256	0.832392	1972747	0.818081	59929	0.024852	0.982808	0.970517
case_14	266.0	1730497	0.707738	1614519	0.660306	160354	0.0655815	0.93298	0.909653
case_14	146.0	1976663	0.827514	1938461	0.811521	62693	0.0262459	0.980673	0.968672
case_14	24.0	2267970	0.97092	2264165	0.969291	4136	0.00177063	0.998322	0.998177
case_14	146.0	1978041	0.828922	1937861	0.812084	62311	0.0261122	0.979687	0.968847
case_14	34.0	2267792	0.961478	2263157	0.959513	4706	0.00199521	0.997956	0.997925
case_14	34.0	2250057	0.958099	2243109	0.95514	5666	0.00241264	0.996912	0.99748
case_14	266.0	1622532	0.6775	1507197	0.629341	179112	0.0747895	0.928917	0.893785
case_14	146.0	2008636	0.833792	1972147	0.818645	59545	0.0247173	0.981834	0.970692
case_14	146.0	1997420	0.830332	1958694	0.814234	61613	0.0256127	0.980612	0.969503
case_14	26.0	2277814	0.969843	2275497	0.968857	2312	0.000984399	0.998983	0.998985
case_14	34.0	2262947	0.958387	2256966	0.955853	4630	0.00196086	0.997357	0.997953
case_14	28.0	2264110	0.966496	2259262	0.964426	4619	0.00197174	0.997859	0.99796
case_14	146.0	1994662	0.831502	1956175	0.815458	62031	0.0258585	0.980705	0.969264
case_14	28.0	2283702	0.970637	2280410	0.969238	3125	0.00132821	0.998558	0.998632
case_14	266.0	1627929	0.680479	1511278	0.631718	179716	0.0751218	0.928344	0.893722
case_14	146.0	1996040	0.832907	1955575	0.816022	61649	0.0257249	0.979727	0.969439
case_15	933.0	1087420	0.360129	635431	0.210441	346150	0.114637	0.584347	0.647355
case_15	27.0	3027659	0.972599	3024424	0.97156	7471	0.00239997	0.998932	0.997536
case_15	933.0	1004685	0.336434	656580	0.219866	388480	0.130088	0.653518	0.62827
case_15	6.0	2886369	0.992586	2885973	0.99245	396	0.000136179	0.999863	0.999863
case_15	932.0	1010061	0.337689	677588	0.226535	394552	0.131909	0.670839	0.631996
case_15	14.0	3067937	0.984014	3066570	0.983575	2789	0.000894547	0.999554	0.999091
case_15	13.0	2882247	0.989224	2881184	0.988859	1296	0.000444804	0.999631	0.99955
case_15	931.0	1084699	0.359538	642287	0.212895	345548	0.114537	0.592134	0.650197
case_15	19.0	2849439	0.97808	2846468	0.97706	4555	0.00156352	0.998957	0.998402
case_15	20.0	2848428	0.975246	2844490	0.973898	5752	0.00196937	0.998617	0.997982
case_15	932.0	1078629	0.356689	638424	0.211119	342887	0.113388	0.591885	0.650583
case_15	932.0	1077644	0.357528	639530	0.212176	348078	0.115481	0.593452	0.647554
case_15	823.0	1212366	0.420903	927277	0.321927	398602	0.138384	0.764849	0.699368
case_15	932.0	1086239	0.360338	646081	0.214324	352696	0.117	0.594787	0.646872
case_15	19.0	2845745	0.976239	2842820	0.975235	4324	0.00148336	0.998972	0.998481
case_15	932.0	1086359	0.36046	631259	0.209455	343806	0.114077	0.581078	0.647402
case_15	933.0	1077670	0.356941	628041	0.208017	343177	0.113666	0.582777	0.646653
case_15	932.0	1010761	0.339039	677888	0.227384	393202	0.131892	0.670671	0.632895
case_15	932.0	1085005	0.360216	631784	0.209749	342791	0.113805	0.582287	0.648266
case_15	931.0	1086274	0.359856	641762	0.2126	346387	0.11475	0.590792	0.649459
case_15	931.0	1082927	0.360127	642554	0.213681	350577	0.116584	0.593349	0.646998
case_15	932.0	1087308	0.359518	645814	0.213538	347491	0.114898	0.593957	0.650167
case_15	27.0	3035642	0.972089	3032836	0.97119	6927	0.0022182	0.999076	0.997721
case_15	824.0	1206508	0.417842	917537	0.317764	401541	0.139063	0.76049	0.69559
case_15	931.0	1084502	0.360445	642029	0.213385	351592	0.116855	0.592004	0.646151
case_15	823.0	1210899	0.420144	927239	0.321723	400877	0.139092	0.765744	0.698161
case_15	824.0	1212112	0.419732	927745	0.321261	399001	0.138167	0.765395	0.699263
case_15	13.0	2877241	0.986926	2876224	0.986577	1017	0.000348842	0.999647	0.999647
case_16	378.0	1501547	0.632309	1330681	0.560357	210109	0.088478	0.886207	0.863636
case_16	31.0	2132108	0.958845	2125404	0.955831	2181	0.000980833	0.996856	0.998975
case_16	609.0	1222225	0.498727	986137	0.402392	303343	0.123779	0.806838	0.764756
case_16	271.0	1674079	0.721913	1602198	0.690916	152714	0.0658549	0.957062	0.912979
case_16	268.0	1854116	0.732844	1793225	0.708777	159969	0.0632281	0.967159	0.918099
case_16	379.0	1462557	0.623384	1295513	0.552185	206495	0.0880141	0.885786	0.862521
case_16	31.0	2136648	0.958652	2133809	0.957378	1822	0.000817479	0.998671	0.999147
case_16	379.0	1470475	0.616777	1319468	0.553438	198328	0.0831868	0.897307	0.869332
case_16	379.0	1462195	0.621855	1300342	0.553021	203713	0.0866369	0.889308	0.864557
case_16	378.0	1610622	0.643524	1471464	0.587923	182578	0.072949	0.9136	0.889617
case_16	609.0	1219775	0.496677	984322	0.400804	300388	0.122314	0.80697	0.766182
case_16	31.0	2139907	0.958753	2137187	0.957535	1703	0.000763004	0.998729	0.999204
case_16	608.0	1373377	0.521293	1091584	0.414333	323620	0.122837	0.794817	0.771326
case_16	270.0	1715034	0.730581	1638219	0.697859	156096	0.0664948	0.955211	0.913005
case_16	31.0	2135366	0.958946	2128780	0.955988	2063	0.000926448	0.996916	0.999032
case_16	608.0	1292118	0.501879	1028519	0.399493	326624	0.126866	0.795995	0.758975
case_16	378.0	1506676	0.625829	1347609	0.559757	202769	0.0842243	0.894425	0.869213
case_16	608.0	1350319	0.519	1075782	0.413481	337240	0.129619	0.796687	0.761334
case_16	271.0	1676916	0.721524	1603860	0.69009	151380	0.065134	0.956434	0.913755
case_16	379.0	1464980	0.615811	1316249	0.553291	199681	0.0839368	0.898476	0.868278
case_16	270.0	1717351	0.730583	1640946	0.69808	158420	0.0673939	0.95551	0.911958
case_16	378.0	1505610	0.633176	1334125	0.561059	211023	0.0887446	0.886103	0.863429
case_16	378.0	1610852	0.652158	1444938	0.584988	184072	0.0745221	0.897002	0.887004
case_16	8.0	2176214	0.989072	2175613	0.988799	602	0.000273604	0.999724	0.999723
case_16	608.0	1250939	0.503924	1004572	0.404678	307379	0.123823	0.803054	0.765708
case_16	608.0	1246951	0.502959	1000821	0.403682	306014	0.123431	0.802615	0.765836
case_16	378.0	1510384	0.626545	1349731	0.559902	202829	0.0841386	0.893634	0.869358
case_16	6.0	2238261	0.992432	2238136	0.992377	125	5.54243e-05	0.999944	0.999944
case_17	4.0	2770859	0.996764	2770750	0.996724	109	3.92107e-05	0.999961	0.999961
case_17	198.0	2061881	0.733699	1973599	0.702285	93244	0.0331799	0.957184	0.954886
case_17	88.0	2317522	0.85881	2292418	0.849508	46878	0.0173717	0.989168	0.979961
case_17	28.0	2692162	0.965586	2686285	0.963478	8013	0.00287399	0.997817	0.997026
case_17	198.0	2047324	0.697962	1948353	0.664221	94649	0.0322672	0.951658	0.953672
case_17	88.0	2316085	0.858332	2291731	0.849307	46895	0.0173791	0.989485	0.979948
case_17	28.0	2695215	0.966503	2689448	0.964435	7904	0.00283437	0.99786	0.99707
case_17	4.0	2766436	0.995295	2766112	0.995179	324	0.000116567	0.999883	0.999883
case_17	4.0	2766436	0.995295	2766112	0.995179	324	0.000116567	0.999883	0.999883
case_17	198.0	2051002	0.699134	1952866	0.665682	95915	0.032695	0.952152	0.953184
case_17	4.0	2771529	0.996943	2771314	0.996866	215	7.73374e-05	0.999922	0.999922
case_17	198.0	2047324	0.697962	1948353	0.664221	94649	0.0322672	0.951658	0.953672
case_17	198.0	2063566	0.734343	1975277	0.702925	93190	0.0331627	0.957215	0.954947
case_17	198.0	2061240	0.722701	1958910	0.686823	109539	0.038406	0.950355	0.947043
case_17	28.0	2690792	0.965035	2684810	0.96289	8119	0.00291183	0.997777	0.996985
case_17	28.0	2690792	0.965035	2684810	0.96289	8119	0.00291183	0.997777	0.996985
case_17	88.0	2317522	0.85881	2292418	0.849508	46878	0.0173717	0.989168	0.979961
case_17	4.0	2771529	0.996943	2771314	0.996866	215	7.73374e-05	0.999922	0.999922
case_17	88.0	2321176	0.860055	2296932	0.851072	46786	0.0173354	0.989555	0.980038
case_17	38.0	2709661	0.914234	2701468	0.911469	10664	0.00359801	0.996976	0.996068
case_17	198.0	2048266	0.698323	1950030	0.664831	94595	0.0322506	0.952039	0.953735
case_17	0.0	2779684	1.0	2779684	1.0	0	0.0	1.0	1.0
case_17	198.0	2061881	0.733699	1973599	0.702285	93244	0.0331799	0.957184	0.954886
case_17	198.0	2055643	0.698749	1960812	0.666514	92397	0.0314074	0.953868	0.954999
case_17	198.0	2075635	0.73634	1984068	0.703856	91377	0.0324164	0.955885	0.955972
case_17	198.0	2066302	0.735183	1978113	0.703805	94510	0.0336263	0.95732	0.954401
case_17	198.0	2075053	0.760345	1974290	0.723423	111536	0.0408692	0.951441	0.946527
case_17	88.0	2331168	0.861123	2302362	0.850482	48178	0.0177967	0.987643	0.979503
case_18	148.0	1904972	0.853536	1876060	0.840582	26711	0.0119681	0.984823	0.985962
case_18	732.0	930835	0.407968	732305	0.320956	379635	0.166387	0.786718	0.658583
case_18	22.0	2169593	0.967457	2168172	0.966823	2991	0.00133374	0.999345	0.998622
case_18	149.0	1893230	0.843804	1865306	0.831358	24171	0.0107729	0.985251	0.987208
case_18	148.0	1851065	0.839458	1813182	0.822278	36507	0.0165559	0.979534	0.980263
case_18	89.0	1992429	0.883927	1970372	0.874142	24247	0.010757	0.98893	0.987844
case_18	148.0	1876295	0.840561	1833886	0.821562	30449	0.0136408	0.977397	0.983668
case_18	148.0	1885997	0.852511	1854576	0.838308	28233	0.0127619	0.98334	0.985005
case_18	88.0	1998410	0.891257	1977445	0.881907	27666	0.0123386	0.989509	0.986202
case_18	732.0	936658	0.415981	729440	0.323953	368601	0.1637	0.778769	0.66431
case_18	54.0	2085272	0.950143	2078961	0.947268	6865	0.003128	0.996974	0.996709
case_18	149.0	1879899	0.845236	1848582	0.831156	25760	0.0115822	0.983341	0.986257
case_18	732.0	952929	0.41956	743345	0.327283	375974	0.165536	0.780063	0.664105
case_18	148.0	1856563	0.839079	1814194	0.819931	33420	0.0151043	0.977179	0.981912
case_18	26.0	2218410	0.975765	2217010	0.97515	1401	0.000616228	0.999369	0.999368
case_18	89.0	1995832	0.882482	1971287	0.871629	25144	0.0111177	0.987702	0.987406
case_18	53.0	2143144	0.947589	2136748	0.944761	4339	0.00191848	0.997016	0.997973
case_18	53.0	2125142	0.939797	2120748	0.937854	5921	0.00261843	0.997932	0.997216
case_18	148.0	1870450	0.840785	1836135	0.825361	32015	0.0143911	0.981654	0.982863
case_18	88.0	2002563	0.890113	1980789	0.880435	26663	0.0118514	0.989127	0.986718
case_18	89.0	2003486	0.888673	1981915	0.879105	23476	0.0104131	0.989233	0.988294
case_18	733.0	941780	0.409349	734482	0.319246	390310	0.16965	0.779887	0.652994
case_18	149.0	1885940	0.847798	1849631	0.831476	25227	0.0113404	0.980748	0.986545
case_18	733.0	948421	0.412163	742677	0.322751	388026	0.168628	0.783067	0.656828
case_18	732.0	946941	0.413719	745681	0.325788	375444	0.164032	0.787463	0.665119
case_18	149.0	1902591	0.847823	1867684	0.832268	23910	0.0106547	0.981653	0.98736
case_18	732.0	940751	0.410955	737510	0.322171	375076	0.163847	0.783959	0.662879
case_18	89.0	2006627	0.887097	1983643	0.876936	24373	0.0107749	0.988546	0.987862
case_19	10.0	2405679	0.979723	2404930	0.979418	3232	0.00131625	0.999689	0.998658
case_19	622.0	1317568	0.502727	992110	0.378546	352865	0.134638	0.752986	0.737642
case_19	622.0	1323521	0.508035	997944	0.383062	357936	0.137394	0.754007	0.736012
case_19	622.0	1307017	0.498472	981632	0.374376	353451	0.1348	0.751048	0.735259
case_19	623.0	1323772	0.505444	987804	0.377164	345646	0.131975	0.746204	0.740788
case_19	622.0	1321309	0.503677	985921	0.375828	356791	0.136007	0.74617	0.734276
case_19	10.0	2405120	0.980507	2404105	0.980093	2373	0.000967413	0.999578	0.999014
case_19	128.0	2378489	0.843327	2341501	0.830212	44364	0.0157299	0.984449	0.981405
case_19	622.0	1316902	0.501988	990243	0.377469	356031	0.135715	0.751949	0.735543
case_19	24.0	2704361	0.969321	2702645	0.968706	2255	0.000808257	0.999365	0.999166
case_19	60.0	2252844	0.923827	2245569	0.920844	11821	0.00484746	0.996771	0.994763
case_19	8.0	2434686	0.992042	2434221	0.991853	465	0.00018947	0.999809	0.999809
case_19	623.0	1321716	0.504171	985937	0.376087	348812	0.133055	0.745952	0.738668
case_19	60.0	2250966	0.924018	2242866	0.920693	10127	0.00415712	0.996402	0.995505
case_19	129.0	2410334	0.855167	2380053	0.844424	46713	0.0165734	0.987437	0.980751
case_19	128.0	2390488	0.847596	2356249	0.835456	42071	0.0149171	0.985677	0.982458
case_19	623.0	1308263	0.499283	983534	0.375354	344734	0.131564	0.751786	0.740464
case_19	53.0	2627581	0.942397	2614431	0.937681	9713	0.00348362	0.994995	0.996299
case_19	622.0	1322672	0.504684	987100	0.376642	352548	0.13452	0.746292	0.736835
case_19	622.0	1301637	0.496411	985292	0.375765	351917	0.134212	0.756964	0.736827
case_19	53.0	2635061	0.945096	2626975	0.942196	10805	0.00387534	0.996931	0.995904
case_19	623.0	1326044	0.509349	996304	0.382692	348376	0.133815	0.751336	0.740923
case_19	622.0	1302626	0.490864	990145	0.373113	353269	0.133121	0.760115	0.737036
case_19	622.0	1303969	0.494755	1006871	0.382029	356676	0.135331	0.772159	0.73842
case_19	622.0	1318381	0.506053	998435	0.383243	356785	0.13695	0.757319	0.736733
case_19	622.0	1305660	0.492478	991844	0.374111	349618	0.131871	0.75965	0.739375
case_19	60.0	2226200	0.913381	2218012	0.910022	12891	0.00528901	0.996322	0.994222
case_19	622.0	1287682	0.485468	982665	0.370473	349088	0.131609	0.763127	0.737873
case_1	418.0	1648859	0.627322	1450840	0.551984	238893	0.0908888	0.879905	0.858621
case_1	170.0	2052722	0.800786	2009683	0.783996	73565	0.0286984	0.979033	0.964687
case_1	118.0	2248530	0.884362	2226101	0.875541	30734	0.0120879	0.990025	0.986382
case_1	170.0	2062649	0.816158	2016888	0.798051	71764	0.0283959	0.977814	0.965641
case_1	54.0	2423521	0.944779	2413731	0.940963	14904	0.00581014	0.99596	0.993863
case_1	118.0	2262969	0.879399	2231241	0.86707	34903	0.0135635	0.985979	0.984598
case_1	34.0	2542806	0.95217	2539071	0.950772	6743	0.00252496	0.998531	0.997351
case_1	418.0	1670745	0.638928	1465085	0.560279	220431	0.0842974	0.876905	0.86922
case_1	170.0	2082026	0.817751	2043191	0.802498	72998	0.0286712	0.981347	0.965505
case_1	170.0	2074684	0.803469	2037291	0.788988	74648	0.0289092	0.981977	0.964654
case_1	418.0	1613717	0.638706	1428620	0.565445	214955	0.0850788	0.885298	0.869215
case_1	8.0	2531659	0.992541	2531060	0.992306	599	0.000234839	0.999763	0.999763
case_1	418.0	1596480	0.637462	1411206	0.563484	240259	0.0959336	0.883948	0.854518
case_1	418.0	1655021	0.640322	1451118	0.561433	215275	0.0832892	0.876797	0.870814
case_1	418.0	1647975	0.626862	1451786	0.552235	237388	0.0902984	0.880951	0.859465
case_1	30.0	2356321	0.966145	2349543	0.963366	11978	0.00491125	0.997123	0.994928
case_1	418.0	1593005	0.641012	1402575	0.564384	236508	0.0951688	0.880459	0.855707
case_1	418.0	1596562	0.637627	1409476	0.562909	240484	0.0960433	0.882819	0.854249
case_1	118.0	2251989	0.885542	2231560	0.877509	30640	0.0120485	0.990928	0.986456
case_1	418.0	1660766	0.640655	1457022	0.562059	238356	0.0919479	0.877319	0.859408
case_1	418.0	1613699	0.64348	1416159	0.564708	212650	0.0847965	0.877586	0.869444
case_1	418.0	1660590	0.640459	1458895	0.562669	237594	0.0916357	0.87854	0.85995
case_1	418.0	1664876	0.628009	1460908	0.55107	220050	0.0830052	0.877488	0.869093
case_1	118.0	2264618	0.880217	2231276	0.867258	35697	0.0138748	0.985277	0.984253
case_1	418.0	1592903	0.638108	1412190	0.565715	210978	0.0845166	0.886551	0.870021
case_1	418.0	1592922	0.640845	1401951	0.564016	237362	0.0954926	0.880113	0.855206
case_1	418.0	1591554	0.642398	1400435	0.565257	207162	0.0836167	0.879917	0.871136
case_1	418.0	1649832	0.629518	1447684	0.552385	215530	0.0822386	0.877474	0.870414
case_20	272.0	1389787	0.615349	1307830	0.579061	102579	0.0454184	0.941029	0.92727
case_20	272.0	1873809	0.725487	1758195	0.680725	151657	0.0587174	0.9383	0.920592
case_20	168.0	1671083	0.717446	1640012	0.704106	59259	0.0254417	0.981407	0.965127
case_20	92.0	2311322	0.901795	2295786	0.895733	35989	0.0140416	0.993278	0.984566
case_20	272.0	1875699	0.726745	1763805	0.683391	153335	0.0594101	0.940345	0.920019
case_20	142.0	1715457	0.833552	1699999	0.826041	42284	0.0205461	0.990989	0.975731
case_20	272.0	1457806	0.617061	1355833	0.573898	121301	0.0513444	0.93005	0.917881
case_20	272.0	1411898	0.611749	1320544	0.572167	99867	0.0432705	0.935297	0.929691
case_20	272.0	1457806	0.617061	1355833	0.573898	121301	0.0513444	0.93005	0.917881
case_20	272.0	1410768	0.610765	1313343	0.568586	99619	0.0431281	0.930942	0.929496
case_20	168.0	1703764	0.716275	1664845	0.699913	62205	0.0261514	0.977157	0.963982
case_20	2.0	2646794	0.998174	2646765	0.998163	29	1.09366e-05	0.999989	0.999989
case_20	272.0	1410768	0.610765	1313343	0.568586	99619	0.0431281	0.930942	0.929496
case_20	272.0	1441143	0.623045	1349072	0.58324	122556	0.0529843	0.936113	0.916721
case_20	24.0	2454289	0.977662	2452085	0.976784	4274	0.00170254	0.999102	0.99826
case_20	0.0	2107442	1.0	2107442	1.0	0	0.0	1.0	1.0
case_20	272.0	1940152	0.736165	1818017	0.689822	166877	0.0633192	0.937049	0.915926
case_20	168.0	1702737	0.715306	1663839	0.698965	62184	0.026123	0.977156	0.963973
case_20	168.0	1670908	0.716821	1639858	0.703501	59238	0.0254132	0.981417	0.965136
case_20	168.0	1703764	0.716275	1664845	0.699913	62205	0.0261514	0.977157	0.963982
case_20	142.0	1715457	0.833552	1699999	0.826041	42284	0.0205461	0.990989	0.975731
case_20	272.0	1875587	0.727205	1763526	0.683756	153142	0.0593764	0.940253	0.9201
case_20	272.0	1411898	0.611749	1320544	0.572167	99867	0.0432705	0.935297	0.929691
case_20	92.0	2307084	0.899485	2286640	0.891514	37570	0.0146478	0.991139	0.983835
case_20	168.0	1702737	0.715306	1663839	0.698965	62184	0.026123	0.977156	0.963973
case_20	272.0	1872946	0.725655	1757503	0.680927	149640	0.0579766	0.938363	0.921537
case_20	272.0	1392494	0.616038	1306255	0.577886	100577	0.0444951	0.938069	0.928508
case_20	272.0	1941399	0.737137	1819046	0.69068	166540	0.0632342	0.936977	0.916126
case_21	222.0	2069419	0.730997	1949306	0.688568	166749	0.058902	0.941958	0.921198
case_21	28.0	2385758	0.969732	2383506	0.968816	2252	0.000915364	0.999056	0.999056
case_21	240.0	1919416	0.74023	1767651	0.681702	149275	0.0575685	0.920932	0.922128
case_21	240.0	1900481	0.745907	1747873	0.686011	142386	0.0558841	0.9197	0.924674
case_21	240.0	1924136	0.746028	1770520	0.686468	152058	0.0589561	0.920164	0.920909
case_21	240.0	1874698	0.738498	1719251	0.677263	136010	0.0535783	0.917082	0.92669
case_21	12.0	2447945	0.990549	2447290	0.990284	655	0.000265042	0.999732	0.999732
case_21	30.0	2582192	0.954527	2577141	0.95266	5876	0.00217211	0.998044	0.997725
case_21	240.0	1956863	0.723444	1789833	0.661694	155689	0.0575576	0.914644	0.919976
case_21	102.0	2332287	0.878202	2307811	0.868986	45490	0.0171289	0.989506	0.98067
case_21	240.0	1917525	0.743962	1762834	0.683945	143577	0.055705	0.919328	0.924687
case_21	240.0	1908302	0.736434	1757016	0.678051	141137	0.0544663	0.920722	0.925645
case_21	50.0	2321618	0.943	2309656	0.938141	10261	0.00416784	0.994848	0.995577
case_21	240.0	1944578	0.720239	1772204	0.656395	152079	0.0563275	0.911357	0.920968
case_21	50.0	2325759	0.943022	2314168	0.938323	10937	0.00443461	0.995016	0.995296
case_21	240.0	1927768	0.746182	1772831	0.686211	154252	0.0597064	0.919629	0.919956
case_21	240.0	1903420	0.735485	1743451	0.673673	144374	0.0557864	0.915957	0.923524
case_21	50.0	2328768	0.94464	2315745	0.939357	10861	0.00440565	0.994408	0.995332
case_21	240.0	1895408	0.745183	1745007	0.686053	140216	0.0551262	0.92065	0.925624
case_21	240.0	1952347	0.722235	1780055	0.658499	148393	0.0548953	0.911751	0.923051
case_21	222.0	2077452	0.737435	1958916	0.695358	172117	0.0610965	0.942942	0.919233
case_21	240.0	1909245	0.741698	1747799	0.67898	146760	0.0570129	0.91544	0.922536
case_21	102.0	2332376	0.873688	2305901	0.86377	43788	0.0164026	0.988649	0.981364
case_21	240.0	1877876	0.738791	1731693	0.68128	132749	0.0522259	0.922155	0.9288
case_21	222.0	2051571	0.737576	1936668	0.696266	151548	0.0544842	0.943993	0.927427
case_21	50.0	2329960	0.943465	2318627	0.938876	10489	0.00424729	0.995136	0.995497
case_21	240.0	1961257	0.723909	1797616	0.663508	158658	0.0585614	0.916563	0.918898
case_21	240.0	1921534	0.739811	1768606	0.680932	151708	0.0584092	0.920414	0.920998
case_22	140.0	2189845	0.80285	2100063	0.769934	80464	0.0295001	0.959001	0.963099
case_22	140.0	2185079	0.802352	2095434	0.769434	78726	0.0289079	0.958974	0.96379
case_22	140.0	2145036	0.804911	2057836	0.772189	86975	0.0326368	0.959348	0.959449
case_22	88.0	2292498	0.897832	2268378	0.888386	31207	0.0122219	0.989479	0.986429
case_22	140.0	2078920	0.795309	1995249	0.7633	82970	0.0317409	0.959753	0.960076
case_22	24.0	2450574	0.973062	2447953	0.972021	2621	0.00104073	0.99893	0.99893
case_22	124.0	2227643	0.851538	2187789	0.836304	50775	0.0194092	0.982109	0.977318
case_22	140.0	2098917	0.799927	2015429	0.768109	82799	0.0315559	0.960223	0.960539
case_22	2.0	2513244	0.997673	2513091	0.997613	153	6.07359e-05	0.999939	0.999939
case_22	140.0	2094610	0.799579	2012218	0.768128	79160	0.0302179	0.960665	0.962149
case_22	4.0	2708902	0.995445	2708597	0.995333	305	0.000112079	0.999887	0.999887
case_22	124.0	2241732	0.853467	2206074	0.839891	45450	0.0173036	0.984094	0.979814
case_22	140.0	2142024	0.805063	2054047	0.771997	84529	0.0317696	0.958928	0.960474
case_22	88.0	2314929	0.903113	2290076	0.893417	31027	0.0121044	0.989264	0.986633
case_22	24.0	2430570	0.968931	2427804	0.967828	2765	0.00110225	0.998862	0.998862
case_22	140.0	2084328	0.796814	2007229	0.76734	72650	0.0277732	0.96301	0.96507
case_22	140.0	2090528	0.797811	2013227	0.768311	72633	0.027719	0.963023	0.965178
case_22	6.0	2491705	0.991795	2491519	0.991721	186	7.40352e-05	0.999925	0.999925
case_22	140.0	2094835	0.798162	2016438	0.768291	76272	0.0290607	0.962576	0.963553
case_22	124.0	2304785	0.864192	2268302	0.850513	44513	0.0166904	0.984171	0.980754
case_22	24.0	2458216	0.974355	2455748	0.973377	2468	0.000978233	0.998996	0.998996
case_22	124.0	2248300	0.856192	2209173	0.841292	50909	0.019387	0.982597	0.977475
case_22	140.0	2074613	0.794953	1992038	0.763311	79331	0.0303981	0.960197	0.961701
case_22	24.0	2438212	0.970236	2435599	0.969197	2612	0.00103939	0.998928	0.998929
case_22	124.0	2234785	0.852282	2199415	0.838793	45486	0.017347	0.984173	0.979738
case_22	88.0	2295049	0.89669	2275524	0.889061	27335	0.01068	0.991493	0.98813
case_22	88.0	2301484	0.897626	2282112	0.890071	27182	0.0106015	0.991583	0.988229
case_22	140.0	2089189	0.797378	2010440	0.767322	76289	0.0291171	0.962306	0.963441
case_23	417.0	1183011	0.501435	1023039	0.433629	153686	0.0651419	0.864776	0.869395
case_23	418.0	1294538	0.528486	1104989	0.451104	180124	0.0735343	0.853578	0.859838
case_23	417.0	1299622	0.533098	1127679	0.462568	182348	0.0747982	0.867698	0.860806
case_23	30.0	2647468	0.939618	2644053	0.938406	5424	0.00192504	0.99871	0.997953
case_23	417.0	1664280	0.612469	1480761	0.544933	211252	0.0777425	0.889731	0.875148
case_23	417.0	1560597	0.590188	1386647	0.524403	188906	0.0714406	0.888536	0.880102
case_23	18.0	2829279	0.976889	2827733	0.976355	2499	0.000862851	0.999454	0.999117
case_23	417.0	1519725	0.576391	1331384	0.504958	186941	0.0709017	0.876069	0.876877
case_23	232.0	1533114	0.678675	1481326	0.65575	94596	0.0418755	0.96622	0.939974
case_23	30.0	2647824	0.940196	2644079	0.938866	5754	0.00204315	0.998586	0.997829
case_23	417.0	1513623	0.573782	1325945	0.502637	186604	0.0707376	0.876007	0.876629
case_23	30.0	2650696	0.939374	2646339	0.93783	4956	0.00175635	0.998356	0.998131
case_23	418.0	1597983	0.585718	1393230	0.510668	200593	0.0735245	0.871868	0.874143
case_23	127.0	2333525	0.823177	2306960	0.813806	52861	0.0186473	0.988616	0.9776
case_23	417.0	1187253	0.503522	1029720	0.436711	154526	0.0655355	0.867313	0.869515
case_23	417.0	1286273	0.528821	1114390	0.458155	179316	0.0737215	0.866371	0.861394
case_23	127.0	2469623	0.849289	2438935	0.838736	56032	0.0192691	0.987574	0.977542
case_23	417.0	1601246	0.590633	1404593	0.518096	206188	0.0760541	0.877188	0.871995
case_23	417.0	1569577	0.593888	1397954	0.52895	189029	0.0715238	0.890657	0.880888
case_23	127.0	2333406	0.823528	2305934	0.813833	52144	0.0184032	0.988227	0.977887
case_23	127.0	2482162	0.851983	2451577	0.841485	61642	0.0211581	0.987678	0.975473
case_23	132.0	2132431	0.840299	2112289	0.832361	53599	0.021121	0.990554	0.975253
case_23	30.0	2646938	0.937593	2642890	0.936159	4647	0.00164605	0.998471	0.998245
case_23	417.0	1605451	0.59098	1410783	0.519321	205221	0.0755436	0.878746	0.873007
case_23	232.0	1488808	0.660893	1426332	0.63316	91598	0.0406611	0.958036	0.939656
case_23	418.0	1655551	0.605429	1461726	0.534548	215590	0.0788405	0.882924	0.871467
case_23	417.0	1669141	0.613012	1484147	0.545071	210626	0.0773549	0.889168	0.87572
case_23	12.0	2712075	0.98867	2711512	0.988465	563	0.000205238	0.999792	0.999792
case_24	699.0	657068	0.345881	483488	0.254508	263915	0.138925	0.735826	0.646891
case_24	699.0	655490	0.343227	486367	0.254671	264890	0.138701	0.74199	0.647404
case_24	41.0	2193494	0.94842	2186291	0.945305	3958	0.00171135	0.996716	0.998193
case_24	99.0	2025599	0.883312	2007260	0.875315	21993	0.00959058	0.990946	0.989162
case_24	98.0	2005145	0.881144	1987506	0.873393	21985	0.00966112	0.991203	0.989059
case_24	99.0	2026378	0.882411	2005622	0.873373	22284	0.00970384	0.989757	0.989011
case_24	698.0	647643	0.342267	475235	0.251153	262467	0.138709	0.733792	0.64421
case_24	98.0	2037812	0.891672	2022521	0.884981	21910	0.00958702	0.992496	0.989283
case_24	698.0	637863	0.340657	474251	0.253279	239060	0.127673	0.7435	0.664859
case_24	698.0	638942	0.340617	478054	0.254849	245572	0.130913	0.748196	0.660637
case_24	699.0	656990	0.343433	485529	0.253804	267739	0.139957	0.73902	0.644563
case_24	698.0	646723	0.342394	472956	0.250397	259305	0.137284	0.731312	0.645884
case_24	699.0	659611	0.346601	487706	0.256271	266215	0.139886	0.739384	0.646893
case_24	698.0	649356	0.344996	477815	0.253858	251678	0.133714	0.735829	0.654996
case_24	41.0	2190689	0.948529	2186308	0.946632	3958	0.00171374	0.998	0.998193
case_24	30.0	2245664	0.966435	2243619	0.965555	2157	0.000928278	0.999089	0.99904
case_24	699.0	655720	0.343377	482033	0.252424	265421	0.138992	0.73512	0.6449
case_24	60.0	2145603	0.945614	2142307	0.944162	13860	0.00610841	0.998464	0.993572
case_24	41.0	2189283	0.950679	2187462	0.949888	4096	0.00177866	0.999168	0.998131
case_24	99.0	2061552	0.89779	2045430	0.890769	22774	0.0099179	0.99218	0.988989
case_24	30.0	2245340	0.967638	2243612	0.966893	2181	0.00093991	0.99923	0.999029
case_24	698.0	649661	0.344538	481171	0.255181	258276	0.136973	0.740649	0.650717
case_24	48.0	1402886	0.942138	1395352	0.937078	8423	0.00565664	0.99463	0.994
case_24	99.0	2062424	0.895556	2047813	0.889211	22589	0.00980871	0.992916	0.98909
case_24	99.0	2064751	0.895313	2047535	0.887848	23873	0.0103518	0.991662	0.988475
case_24	4.0	2318122	0.994749	2317904	0.994655	218	9.35478e-05	0.999906	0.999906
case_24	99.0	2023976	0.885191	2007639	0.878046	22081	0.00965718	0.991928	0.989121
case_24	699.0	654220	0.343171	482871	0.25329	262572	0.137732	0.738087	0.647764
case_25	14.0	2564490	0.982575	2563027	0.982015	3018	0.00115634	0.99943	0.998824
case_25	94.0	2351397	0.893043	2314145	0.878894	39598	0.015039	0.984158	0.983177
case_25	85.0	2228146	0.881812	2210965	0.875012	21760	0.00861174	0.992289	0.990254
case_25	95.0	2344038	0.893126	2312196	0.880993	33373	0.0127158	0.986416	0.985772
case_25	14.0	2564490	0.982575	2563027	0.982015	3018	0.00115634	0.99943	0.998824
case_25	94.0	2210202	0.859598	2176235	0.846388	34209	0.0133047	0.984632	0.984524
case_25	147.0	2140024	0.826757	2103623	0.812694	56270	0.0217388	0.98299	0.973948
case_25	52.0	2456038	0.940551	2441002	0.934792	15463	0.00592162	0.993878	0.993705
case_25	85.0	2385734	0.910668	2357813	0.90001	29151	0.0111273	0.988297	0.987787
case_25	147.0	2159177	0.824232	2115487	0.807554	61425	0.023448	0.979765	0.971783
case_25	85.0	2374364	0.91724	2352719	0.908878	24369	0.00941398	0.990884	0.989748
case_25	146.0	2037355	0.799498	1997760	0.78396	53470	0.0209827	0.980565	0.973933
case_25	146.0	2027629	0.799813	1993170	0.786221	53566	0.0211295	0.983005	0.973829
case_25	147.0	2167122	0.823128	2119840	0.805169	61675	0.0234257	0.978182	0.971728
case_25	147.0	2142420	0.823494	2103741	0.808626	56340	0.0216557	0.981946	0.973918
case_25	146.0	2156733	0.8263	2115271	0.810415	61813	0.0236822	0.980776	0.971607
case_25	95.0	2353025	0.886028	2320657	0.87384	39720	0.0149565	0.986244	0.983172
case_25	85.0	2244006	0.877268	2218165	0.867166	25490	0.00996502	0.988484	0.988639
case_25	54.0	2331216	0.919515	2320562	0.915313	16881	0.00665847	0.99543	0.992778
case_25	0.0	2623135	1.0	2623135	1.0	0	0.0	1.0	1.0
case_25	146.0	2182833	0.829067	2147330	0.815583	66216	0.0251497	0.983735	0.970086
case_25	147.0	2142420	0.823494	2103741	0.808626	56340	0.0216557	0.981946	0.973918
case_25	146.0	2148937	0.827488	2110825	0.812812	62026	0.0238842	0.982265	0.971454
case_25	147.0	2167122	0.823128	2119840	0.805169	61675	0.0234257	0.978182	0.971728
case_25	146.0	2192139	0.828459	2151874	0.813242	66718	0.0252142	0.981632	0.969928
case_25	146.0	2192139	0.828459	2151874	0.813242	66718	0.0252142	0.981632	0.969928
case_25	146.0	2037355	0.799498	1997760	0.78396	53470	0.0209827	0.980565	0.973933
case_25	146.0	2156733	0.8263	2115271	0.810415	61813	0.0236822	0.980776	0.971607
case_26	113.0	2635904	0.874849	2614509	0.867748	50172	0.0166519	0.991883	0.981171
case_26	138.0	1816110	0.826998	1785253	0.812947	36255	0.0165094	0.983009	0.980096
case_26	60.0	2080814	0.916996	2069146	0.911854	9191	0.00405039	0.994393	0.995578
case_26	138.0	1811374	0.828718	1784430	0.816391	36738	0.0168079	0.985125	0.979827
case_26	16.0	2176416	0.983774	2175211	0.983229	1369	0.000618809	0.999446	0.999371
case_26	689.0	1177542	0.44843	925108	0.352298	305986	0.116525	0.785626	0.751452
case_26	24.0	2971901	0.975105	2969256	0.974237	2641	0.000866533	0.99911	0.999111
case_26	0.0	2202041	1.0	2202041	1.0	0	0.0	1.0	1.0
case_26	689.0	1203845	0.461308	945447	0.362291	299056	0.114597	0.785356	0.759698
case_26	688.0	1164985	0.452449	922864	0.358416	299183	0.116195	0.792168	0.755179
case_26	688.0	1225616	0.461061	977126	0.367582	316234	0.118963	0.797253	0.755494
case_26	138.0	1912889	0.849087	1888953	0.838462	37279	0.0165473	0.987487	0.980647
case_26	689.0	1166518	0.442841	919769	0.349169	307263	0.116645	0.788474	0.749588
case_26	689.0	1179641	0.447479	932412	0.353696	309856	0.117539	0.79042	0.750572
case_26	688.0	1147140	0.442719	908181	0.350497	303403	0.117093	0.791692	0.749582
case_26	689.0	1248074	0.463793	984533	0.365859	310772	0.115485	0.788842	0.760078
case_26	688.0	1147140	0.442719	908181	0.350497	303403	0.117093	0.791692	0.749582
case_26	16.0	2176416	0.983774	2175211	0.983229	1369	0.000618809	0.999446	0.999371
case_26	688.0	1147086	0.44095	915564	0.351951	307991	0.118394	0.798165	0.748282
case_26	60.0	2083945	0.914237	2075649	0.910598	9114	0.00399836	0.996019	0.995628
case_26	689.0	1163781	0.443532	911763	0.347485	303478	0.115659	0.783449	0.750273
case_26	689.0	1177542	0.44843	925108	0.352298	305986	0.116525	0.785626	0.751452
case_26	689.0	1191731	0.457021	934245	0.358277	297931	0.114255	0.783939	0.758207
case_26	689.0	1262374	0.468753	998288	0.370691	315370	0.117105	0.790802	0.75993
case_26	113.0	2655914	0.880898	2636162	0.874346	50197	0.016649	0.992563	0.981314
case_26	689.0	1163781	0.443532	911763	0.347485	303478	0.115659	0.783449	0.750273
case_26	138.0	1811374	0.828718	1784430	0.816391	36738	0.0168079	0.985125	0.979827
case_26	60.0	2080814	0.916996	2069146	0.911854	9191	0.00405039	0.994393	0.995578
case_27	183.0	2130147	0.79505	2035075	0.759565	84285	0.0314583	0.955368	0.960231
case_27	183.0	1944054	0.751207	1846072	0.713346	65970	0.0254916	0.949599	0.965498
case_27	183.0	2137890	0.799236	2039870	0.762592	85660	0.0320234	0.954151	0.959699
case_27	183.0	2072849	0.789035	1969657	0.749755	91032	0.0346516	0.950217	0.955824
case_27	126.0	2167807	0.833686	2123268	0.816557	63925	0.024584	0.979454	0.970773
case_27	183.0	2101577	0.799113	1992671	0.757702	89868	0.0341718	0.948179	0.956847
case_27	183.0	2101577	0.799113	1992671	0.757702	89868	0.0341718	0.948179	0.956847
case_27	126.0	2133354	0.836317	2079531	0.815217	65925	0.0258439	0.974771	0.969272
case_27	183.0	1954383	0.769888	1838122	0.724089	74169	0.0292173	0.940513	0.961215
case_27	8.0	2535711	0.964951	2534553	0.964511	1158	0.000440671	0.999543	0.999543
case_27	0.0	2706063	1.0	2706063	1.0	0	0.0	1.0	1.0
case_27	126.0	2107569	0.806044	2052271	0.784895	62613	0.0239465	0.973762	0.970394
case_27	18.0	2642634	0.978131	2639361	0.97692	3693	0.00136691	0.998761	0.998603
case_27	18.0	2642634	0.978131	2639361	0.97692	3693	0.00136691	0.998761	0.998603
case_27	126.0	2116761	0.810908	2066046	0.791479	59503	0.0227949	0.976041	0.972006
case_27	183.0	1889986	0.745347	1780764	0.702274	75394	0.0297329	0.94221	0.959382
case_27	183.0	2110034	0.803657	1995068	0.759869	90451	0.0344504	0.945515	0.956629
case_27	183.0	2130147	0.79505	2035075	0.759565	84285	0.0314583	0.955368	0.960231
case_27	183.0	2119415	0.785072	1997923	0.740069	94687	0.0350739	0.942677	0.954752
case_27	126.0	2143058	0.816405	2090523	0.796392	69980	0.0266591	0.975486	0.967609
case_27	183.0	2080486	0.793254	1974967	0.753022	89846	0.0342568	0.949282	0.956487
case_27	183.0	2072849	0.789035	1969657	0.749755	91032	0.0346516	0.950217	0.955824
case_27	94.0	2322232	0.892107	2301247	0.884046	42306	0.0162522	0.990963	0.981948
case_27	183.0	1961405	0.750739	1844799	0.706107	77134	0.0295235	0.94055	0.959866
case_27	126.0	2107569	0.806044	2052271	0.784895	62613	0.0239465	0.973762	0.970394
case_27	94.0	2337539	0.873132	2311631	0.863455	45575	0.0170235	0.988917	0.980666
case_27	183.0	2110178	0.780395	1996208	0.738246	94104	0.0348019	0.94599	0.954981
case_27	183.0	2110178	0.780395	1996208	0.738246	94104	0.0348019	0.94599	0.954981
case_28	32.0	2587743	0.959732	2583049	0.957991	9072	0.00336459	0.998186	0.9965
case_28	191.0	2100158	0.797416	2046067	0.776878	81412	0.0309116	0.974244	0.961733
case_28	32.0	2604041	0.96226	2599814	0.960698	8286	0.00306189	0.998377	0.996823
case_28	109.0	2363256	0.889013	2345227	0.882231	34723	0.0130622	0.992371	0.98541
case_28	31.0	2564900	0.954935	2559856	0.953057	6450	0.00240139	0.998033	0.997487
case_28	341.0	1707334	0.679579	1544558	0.614788	208466	0.0829768	0.904661	0.881082
case_28	109.0	2370971	0.888638	2353338	0.882029	35072	0.013145	0.992563	0.985316
case_28	8.0	2662904	0.988523	2661860	0.988135	1044	0.000387554	0.999608	0.999608
case_28	191.0	2067823	0.793469	2017470	0.774148	90117	0.0345799	0.975649	0.957242
case_28	2.0	2702215	0.998556	2701132	0.998156	1083	0.000400204	0.999599	0.999599
case_28	31.0	2580705	0.957307	2575838	0.955502	5767	0.00213926	0.998114	0.997766
case_28	192.0	2109103	0.798439	2058040	0.779108	85431	0.0323414	0.975789	0.960144
case_28	109.0	2372159	0.888235	2353829	0.881372	35937	0.0134563	0.992273	0.984962
case_28	192.0	2098326	0.797318	2047991	0.778192	85299	0.0324118	0.976012	0.960015
case_28	340.0	1771977	0.690411	1605454	0.625529	191721	0.0746998	0.906024	0.893321
case_28	108.0	2360960	0.88749	2342113	0.880406	35057	0.013178	0.992017	0.985253
case_28	19.0	2636965	0.978195	2633784	0.977015	3013	0.00111769	0.998794	0.998857
case_28	340.0	1752189	0.690136	1588717	0.62575	196256	0.0772995	0.906704	0.890051
case_28	19.0	2638153	0.977712	2634275	0.976275	3878	0.0014372	0.99853	0.99853
case_28	32.0	2602852	0.962727	2599322	0.961421	7421	0.00274483	0.998644	0.997153
case_28	32.0	2586555	0.960199	2582558	0.958715	8207	0.00304666	0.998455	0.996832
case_28	192.0	2115620	0.800891	2065724	0.782002	84343	0.031929	0.976415	0.960772
case_28	192.0	2110291	0.798119	2058532	0.778544	86295	0.0326371	0.975473	0.959766
case_28	341.0	1775068	0.689512	1609441	0.625176	193070	0.0749966	0.906693	0.892888
case_28	341.0	1789084	0.694943	1628906	0.632724	193262	0.0750697	0.910469	0.893938
case_28	341.0	1785815	0.696339	1625835	0.633958	188807	0.0736211	0.910416	0.895954
case_28	109.0	2376218	0.890588	2359259	0.884232	34048	0.0127609	0.992863	0.985774
case_28	341.0	1776255	0.689291	1610622	0.625016	192260	0.0746082	0.906752	0.89336
case_29	88.0	2372859	0.891061	2358673	0.885733	24595	0.00923596	0.994022	0.98968
case_29	27.0	2504460	0.970916	2500002	0.969188	3453	0.00133864	0.99822	0.998621
case_29	87.0	2389823	0.892844	2374233	0.88702	20997	0.00784454	0.993477	0.991234
case_29	27.0	2486783	0.969645	2484028	0.968571	6133	0.00239138	0.998892	0.997537
case_29	305.0	1747546	0.670928	1585254	0.60862	181955	0.0698572	0.907131	0.897038
case_29	306.0	1755806	0.673797	1588143	0.609455	185940	0.0713551	0.904509	0.895191
case_29	87.0	2370353	0.89051	2355186	0.884812	20978	0.00788116	0.993601	0.991171
case_29	305.0	1697332	0.657675	1545338	0.598781	174486	0.0676091	0.910451	0.898544
case_29	305.0	1772475	0.676641	1604854	0.612652	182775	0.0697743	0.905431	0.897756
case_29	306.0	1690741	0.658043	1535128	0.597478	174344	0.0678553	0.907962	0.898013
case_29	114.0	2241289	0.858933	2223187	0.851996	57003	0.0218454	0.991923	0.975001
case_29	4.0	2555930	0.991698	2555627	0.991581	303	0.000117564	0.999881	0.999881
case_29	14.0	2550524	0.984402	2549354	0.98395	1170	0.000451574	0.999541	0.999541
case_29	114.0	2255657	0.862974	2237647	0.856084	57290	0.0219181	0.992016	0.975036
case_29	18.0	2519693	0.977265	2517606	0.976455	3044	0.00118062	0.999172	0.998792
case_29	305.0	1714584	0.662652	1554542	0.600799	175965	0.0680069	0.906658	0.898316
case_29	305.0	1676776	0.652904	1525617	0.594046	171280	0.0666931	0.909851	0.899063
case_29	305.0	1707020	0.660295	1555143	0.601548	178139	0.0689063	0.911028	0.897224
case_29	305.0	1768539	0.675712	1606690	0.613874	185721	0.0709591	0.908484	0.896385
case_29	306.0	1696830	0.659276	1540519	0.598544	177998	0.0691582	0.907881	0.896423
case_29	87.0	2397130	0.896318	2382163	0.890722	20424	0.0076368	0.993756	0.991499
case_29	306.0	1746949	0.654058	1586361	0.593934	180767	0.0676792	0.908075	0.897706
case_29	306.0	1737169	0.651477	1577243	0.591501	176731	0.0662781	0.907939	0.89924
case_29	305.0	1704512	0.659889	1543656	0.597615	172313	0.0667097	0.905629	0.899583
case_29	306.0	1800330	0.666049	1636643	0.605492	183603	0.0679257	0.909079	0.899133
case_29	305.0	1686464	0.655546	1535422	0.596834	174933	0.0679983	0.910439	0.897721
case_29	18.0	2525130	0.980218	2523761	0.979686	2326	0.000902919	0.999458	0.999079
case_29	27.0	2507894	0.973086	2505824	0.972283	3068	0.00119041	0.999175	0.998777
case_2	76.0	2342072	0.897995	2317053	0.888402	23217	0.00890184	0.989318	0.990079
case_2	50.0	2379672	0.923519	2364399	0.917592	14990	0.00581742	0.993582	0.9937
case_2	76.0	2352221	0.899836	2331575	0.891938	29073	0.0111218	0.991223	0.987684
case_2	94.0	1857570	0.780898	1830480	0.76951	58516	0.0245994	0.985416	0.969023
case_2	20.0	2520759	0.973889	2518432	0.97299	2327	0.000899031	0.999077	0.999077
case_2	155.0	2133154	0.815051	2050680	0.783538	101111	0.0386332	0.961337	0.953011
case_2	76.0	2346105	0.901372	2324212	0.89296	18702	0.00718529	0.990668	0.992018
case_2	76.0	2342894	0.90043	2323263	0.892886	26026	0.0100024	0.991621	0.988922
case_2	155.0	2111808	0.811118	2032190	0.780538	99977	0.0383999	0.962299	0.95311
case_2	155.0	1782081	0.745878	1714525	0.717603	73540	0.0307797	0.962092	0.958872
case_2	155.0	2144442	0.819099	2063965	0.78836	96398	0.0368205	0.962472	0.955379
case_2	155.0	2083881	0.80562	1996554	0.77186	97818	0.037816	0.958094	0.953295
case_2	50.0	2399630	0.928818	2386603	0.923776	13103	0.00507174	0.994571	0.99454
case_2	76.0	2338022	0.896733	2315441	0.888072	30512	0.0117027	0.990342	0.986994
case_2	76.0	2325594	0.895147	2297054	0.884161	25178	0.00969129	0.987728	0.989158
case_2	155.0	1752634	0.739875	1683325	0.710616	75330	0.0318006	0.960454	0.957166
case_2	155.0	1788363	0.748243	1722834	0.720826	70650	0.0295596	0.963358	0.960607
case_2	50.0	2389604	0.929284	2380668	0.925809	11933	0.00464058	0.99626	0.995013
case_2	155.0	2106233	0.812749	2024662	0.781272	95569	0.036878	0.961272	0.954925
case_2	30.0	2497014	0.962745	2491345	0.96056	6177	0.0023816	0.99773	0.997527
case_2	76.0	2323969	0.894812	2294145	0.883329	31525	0.0121383	0.987167	0.986445
case_2	22.0	2555625	0.972265	2553795	0.971569	4089	0.00155562	0.999284	0.998401
case_2	155.0	1744399	0.739555	1673196	0.709368	72647	0.0307994	0.959182	0.958389
case_2	155.0	1758917	0.740406	1693896	0.713036	74942	0.0315464	0.963034	0.957632
case_2	30.0	2483904	0.962173	2478591	0.960115	5809	0.00225019	0.997861	0.997662
case_2	155.0	2104924	0.810587	2023687	0.779304	98682	0.0380015	0.961406	0.953504
case_2	76.0	2356239	0.901082	2333829	0.892512	22482	0.00859766	0.990489	0.990459
case_2	155.0	1761316	0.745206	1692589	0.716128	75126	0.0317855	0.96098	0.957501
case_30	168.0	2203041	0.835489	2088516	0.792056	56739	0.0215179	0.948015	0.973551
case_30	149.0	2230462	0.840089	2115448	0.79677	45780	0.0172427	0.948435	0.978818
case_30	216.0	2092429	0.772418	1942993	0.717254	119547	0.0441306	0.928583	0.942039
case_30	150.0	2221896	0.709701	2116462	0.676024	67211	0.021468	0.952548	0.969221
case_30	168.0	2182844	0.830425	2069448	0.787285	54954	0.0209063	0.948051	0.974132
case_30	169.0	2128186	0.824518	2007416	0.777728	56961	0.0220683	0.943252	0.972408
case_30	149.0	2251676	0.838108	2134543	0.794509	47333	0.0176181	0.94798	0.978306
case_30	149.0	2204539	0.832912	2092307	0.790508	45390	0.0171491	0.94909	0.978767
case_30	169.0	2171157	0.828382	2061087	0.786386	55128	0.0210335	0.949304	0.97395
case_30	106.0	2406392	0.759581	2377688	0.750521	58237	0.0183826	0.988072	0.976092
case_30	217.0	2082556	0.773303	1926440	0.715333	111898	0.0415504	0.925036	0.945103
case_30	216.0	2065382	0.783816	1909164	0.724531	116669	0.0442761	0.924364	0.942409
case_30	141.0	2271355	0.72184	2154339	0.684652	66892	0.0212584	0.948482	0.969885
case_30	150.0	2161625	0.699348	2055234	0.664927	72947	0.0236004	0.950782	0.965723
case_30	216.0	2067326	0.76548	1919615	0.710786	119233	0.0441491	0.92855	0.941519
case_30	149.0	2277769	0.845226	2158676	0.801034	47944	0.0177909	0.947715	0.978273
case_30	217.0	2091793	0.766121	1946175	0.712789	125262	0.0458773	0.930386	0.939529
case_30	217.0	2054314	0.653237	1881007	0.598128	132675	0.0421884	0.915638	0.934113
case_30	34.0	2508219	0.950385	2504433	0.94895	9784	0.00370724	0.998491	0.996109
case_30	169.0	2155546	0.701512	2052372	0.667934	80235	0.0261121	0.952136	0.962377
case_30	12.0	2654834	0.982367	2653296	0.981798	1538	0.000569105	0.999421	0.999421
case_30	150.0	2212542	0.826667	2108689	0.787864	53275	0.019905	0.953062	0.975358
case_30	217.0	2035186	0.767059	1877755	0.707723	115565	0.0435563	0.922645	0.942024
case_30	141.0	2297213	0.840803	2194211	0.803104	64864	0.0237409	0.955162	0.971287
case_30	141.0	2273222	0.83454	2171419	0.797167	65322	0.0239809	0.955216	0.970796
case_30	141.0	2248736	0.716529	2133466	0.6798	67059	0.0213674	0.94874	0.969526
case_30	150.0	2260150	0.832071	2161690	0.795823	52653	0.0193841	0.956437	0.976222
case_30	169.0	2195707	0.825993	2122475	0.798444	54603	0.0205409	0.966648	0.974919
case_3	292.0	1907538	0.663369	1801804	0.626599	164369	0.0571613	0.94457	0.916402
case_3	292.0	1901926	0.661788	1796528	0.625114	164257	0.0571544	0.944584	0.916229
case_3	292.0	1837571	0.647681	1712326	0.603537	166642	0.0587356	0.931842	0.911312
case_3	292.0	1908014	0.663848	1803499	0.627485	164776	0.0573299	0.945223	0.916284
case_3	292.0	1848082	0.649006	1724272	0.605527	168250	0.0590858	0.933006	0.911097
case_3	292.0	1832895	0.6464	1707157	0.602057	166525	0.0587277	0.931399	0.911124
case_3	40.0	3011603	0.963503	3006155	0.96176	7840	0.00250825	0.998191	0.997399
case_3	292.0	1832579	0.643969	1716698	0.603248	169762	0.0596544	0.936766	0.91001
case_3	116.0	2247184	0.865308	2224796	0.856687	47197	0.0181738	0.990037	0.979227
case_3	6.0	2620405	0.994328	2618898	0.993756	2862	0.001086	0.999425	0.998908
case_3	292.0	1858557	0.654864	1731433	0.610072	163793	0.0577126	0.931601	0.913576
case_3	62.0	2920329	0.93458	2910329	0.931379	12974	0.00415201	0.996576	0.995562
case_3	292.0	1934634	0.672575	1826265	0.634901	161922	0.0562922	0.943985	0.918558
case_3	116.0	2234044	0.860844	2212758	0.852642	50224	0.0193528	0.990472	0.977806
case_3	36.0	2456001	0.960066	2450116	0.957765	6559	0.00256395	0.997604	0.99733
case_3	292.0	1929050	0.668432	1823282	0.631783	166331	0.0576351	0.945171	0.9164
case_3	116.0	2233989	0.860373	2211865	0.851852	50781	0.0195572	0.990097	0.977557
case_3	292.0	1840388	0.648873	1720605	0.606641	166278	0.0586253	0.934914	0.911877
case_3	292.0	1932205	0.672048	1826148	0.63516	161819	0.0562829	0.945111	0.918601
case_3	292.0	1823494	0.643127	1701782	0.600201	168241	0.0593368	0.933253	0.910033
case_3	62.0	2924292	0.93918	2906989	0.933623	15059	0.00483642	0.994083	0.994846
case_3	292.0	1820351	0.642384	1696613	0.598718	168124	0.0593293	0.932025	0.90984
case_3	292.0	1927279	0.668133	1823165	0.632039	166228	0.0576265	0.945979	0.916443
case_3	2.0	3104328	0.997298	3104084	0.99722	244	7.83876e-05	0.999921	0.999921
case_3	116.0	2247029	0.864796	2224348	0.856067	47309	0.0182074	0.989906	0.979174
case_3	62.0	2916306	0.933774	2906071	0.930496	14711	0.00471032	0.99649	0.994963
case_3	292.0	1904440	0.662976	1798223	0.626	164664	0.0573231	0.944227	0.916111
case_3	62.0	2928315	0.939985	2911247	0.934507	13322	0.00427635	0.994171	0.995445
case_4	160.0	2282993	0.812128	2245307	0.798722	67852	0.024137	0.983493	0.970667
case_4	574.0	1102939	0.438059	929088	0.36901	223138	0.0886247	0.842375	0.806342
case_4	28.0	2271599	0.961085	2268939	0.959959	1928	0.000815712	0.998829	0.999151
case_4	574.0	1133362	0.448893	964274	0.381922	236758	0.0937732	0.850808	0.802871
case_4	574.0	1229238	0.461693	1041528	0.391191	280816	0.105473	0.847296	0.787638
case_4	574.0	1162120	0.453979	988178	0.386029	237168	0.092649	0.850324	0.806448
case_4	72.0	2117196	0.907571	2108911	0.904019	18395	0.00788532	0.996087	0.991353
case_4	574.0	1129845	0.443329	961136	0.377131	234941	0.0921863	0.85068	0.803574
case_4	574.0	1202634	0.457729	1013772	0.385847	263090	0.100133	0.84296	0.793956
case_4	574.0	1111136	0.442227	944867	0.376052	232094	0.0923723	0.850361	0.802802
case_4	574.0	1084807	0.432956	913533	0.364599	219407	0.0875672	0.842116	0.806338
case_4	160.0	2270246	0.810755	2235888	0.798485	67604	0.0241429	0.984866	0.970652
case_4	574.0	1118688	0.439165	954686	0.374783	231343	0.0908187	0.853398	0.804943
case_4	574.0	1203507	0.453957	1017395	0.383756	266916	0.100679	0.845359	0.792172
case_4	574.0	1145464	0.449615	973106	0.381962	233377	0.0916047	0.84953	0.806564
case_4	36.0	2593853	0.961997	2590646	0.960807	4516	0.00167487	0.998764	0.99826
case_4	166.0	1969802	0.82943	1930828	0.813019	62283	0.0262257	0.980214	0.968751
case_4	574.0	1093287	0.43444	923062	0.366797	223599	0.0888516	0.8443	0.805
case_4	12.0	2664288	0.987665	2663355	0.987319	933	0.000345868	0.99965	0.99965
case_4	574.0	1115256	0.43971	942828	0.371727	230187	0.0907553	0.845392	0.803765
case_4	72.0	2113525	0.896865	2106503	0.893886	16868	0.00715786	0.996678	0.992056
case_4	574.0	1152910	0.450599	985476	0.38516	236317	0.0923613	0.854773	0.806582
case_4	160.0	2284278	0.812227	2249625	0.799905	70034	0.0249022	0.98483	0.969808
case_4	574.0	1123259	0.44511	959709	0.380301	234073	0.0927553	0.854397	0.803923
case_4	574.0	1171247	0.446975	979309	0.373727	261607	0.0998353	0.836125	0.789182
case_4	36.0	2616002	0.965841	2611902	0.964327	6147	0.0022695	0.998433	0.997652
case_4	166.0	1967960	0.820449	1933320	0.806007	62888	0.0262182	0.982398	0.968496
case_4	166.0	1904595	0.804347	1866559	0.788284	59234	0.0250157	0.980029	0.969242
case_5	20.0	2580497	0.978978	2579627	0.978648	761	0.000288705	0.999663	0.999705
case_5	4.0	2590724	0.985116	2589640	0.984704	1084	0.000412188	0.999582	0.999582
case_5	403.0	1703798	0.628597	1459386	0.538424	223808	0.0825714	0.856549	0.867034
case_5	20.0	2584501	0.978415	2582883	0.977803	1082	0.000409613	0.999374	0.999581
case_5	403.0	1700532	0.624431	1443319	0.529983	243693	0.0894835	0.848746	0.855548
case_5	403.0	1712304	0.625714	1455994	0.532053	244411	0.0893133	0.850313	0.856263
case_5	20.0	2584501	0.978415	2582883	0.977803	1082	0.000409613	0.999374	0.999581
case_5	4.0	2590724	0.985116	2589640	0.984704	1084	0.000412188	0.999582	0.999582
case_5	403.0	1708384	0.629855	1464510	0.539943	224338	0.08271	0.857249	0.867165
case_5	403.0	1692903	0.622913	1434781	0.527936	239717	0.0882052	0.847527	0.856842
case_5	20.0	2532346	0.967787	2529759	0.966798	2063	0.000788417	0.998978	0.999185
case_5	0.0	2654747	1.0	2654747	1.0	0	0.0	1.0	1.0
case_5	403.0	1677531	0.62464	1439113	0.535863	219633	0.0817818	0.857876	0.867591
case_5	20.0	2529211	0.968665	2527360	0.967956	1742	0.00066717	0.999268	0.999311
case_5	118.0	2392187	0.85614	2365946	0.846748	64761	0.0231773	0.989031	0.973357
case_5	403.0	1684949	0.625994	1437935	0.534223	222465	0.0826504	0.8534	0.866017
case_5	118.0	2386750	0.854764	2361721	0.845801	62455	0.0223669	0.989513	0.974237
case_5	20.0	2580497	0.978978	2579627	0.978648	761	0.000288705	0.999663	0.999705
case_5	403.0	1689533	0.627262	1443058	0.535755	222995	0.0827899	0.854116	0.866154
case_5	403.0	1682117	0.625913	1444816	0.537613	220080	0.0818914	0.858927	0.867812
case_5	403.0	1679661	0.619417	1425000	0.525505	239201	0.0882114	0.848385	0.856267
case_5	403.0	1708384	0.629855	1464510	0.539943	224338	0.08271	0.857249	0.867165
case_5	6.0	2744463	0.99147	2743964	0.99129	499	0.00018027	0.999818	0.999818
case_5	403.0	1712304	0.625714	1455994	0.532053	244411	0.0893133	0.850313	0.856263
case_5	403.0	1703798	0.628597	1459386	0.538424	223808	0.0825714	0.856549	0.867034
case_5	6.0	2599735	0.991252	2599386	0.991119	349	0.00013307	0.999866	0.999866
case_5	403.0	1694687	0.627868	1449287	0.536949	224572	0.0832021	0.855194	0.865836
case_5	403.0	1690212	0.626643	1444163	0.535421	224042	0.0830632	0.854427	0.865699
case_6	174.0	2147974	0.810885	2049651	0.773767	96412	0.0363966	0.954225	0.955075
case_6	130.0	2199671	0.847123	2154009	0.829537	51056	0.0196623	0.979241	0.976846
case_6	130.0	2208650	0.849058	2163544	0.831718	49744	0.0191228	0.979578	0.977525
case_6	174.0	2135484	0.801889	2033836	0.763719	88381	0.0331877	0.9524	0.958354
case_6	174.0	2122044	0.796999	2028537	0.76188	85068	0.0319499	0.955935	0.959752
case_6	130.0	2177807	0.838543	2137425	0.822995	54712	0.0210663	0.981457	0.975042
case_6	16.0	2532724	0.978763	2530951	0.978077	3130	0.00120958	0.9993	0.998765
case_6	68.0	2354764	0.845907	2336619	0.839389	24644	0.00885292	0.992294	0.989563
case_6	174.0	2110712	0.792596	2016223	0.757115	89447	0.0335884	0.955234	0.957521
case_6	130.0	2193368	0.843023	2155015	0.828282	52694	0.020253	0.982514	0.976132
case_6	130.0	2247108	0.811346	2206009	0.796507	50318	0.0181679	0.98171	0.977699
case_6	130.0	2258039	0.813924	2219998	0.800212	48916	0.0176321	0.983153	0.978441
case_6	174.0	2193016	0.773269	2096894	0.739376	88381	0.0311636	0.956169	0.959556
case_6	174.0	2146506	0.81017	2049151	0.773425	97305	0.0367265	0.954645	0.954667
case_6	6.0	2599035	0.995963	2598489	0.995754	546	0.00020923	0.99979	0.99979
case_6	34.0	2507574	0.960481	2502470	0.958526	9276	0.00355301	0.997965	0.996307
case_6	174.0	2122061	0.796701	2020233	0.758471	90845	0.0341066	0.952015	0.956967
case_6	68.0	2375087	0.853359	2340714	0.841009	23024	0.00827243	0.985528	0.990259
case_6	174.0	2138542	0.803244	2036044	0.764745	89085	0.0334606	0.952071	0.95808
case_6	174.0	2126095	0.798726	2031904	0.76334	85943	0.0322868	0.955698	0.95942
case_6	26.0	2603103	0.95866	2596320	0.956162	7140	0.00262949	0.997394	0.997257
case_6	174.0	2182275	0.769624	2090699	0.737328	86263	0.0304224	0.958036	0.960375
case_6	130.0	2212601	0.8508	2167421	0.833428	49275	0.0189475	0.979581	0.977771
case_6	174.0	2153676	0.81145	2057331	0.77515	96795	0.0364699	0.955265	0.955065
case_6	174.0	2155128	0.812157	2057265	0.775278	95730	0.0360757	0.954591	0.955536
case_6	34.0	2511985	0.962423	2506586	0.960355	9434	0.00361447	0.997851	0.99625
case_6	68.0	2377363	0.854387	2343476	0.842209	23088	0.00829747	0.985746	0.990244
case_6	130.0	2202987	0.848623	2157185	0.83098	50608	0.019495	0.979209	0.977078
case_7	232.0	1846027	0.736975	1736849	0.693388	117228	0.0468	0.940858	0.936773
case_7	232.0	1728101	0.707951	1643985	0.673492	114444	0.0468843	0.951325	0.934917
case_7	230.0	1721706	0.72068	1666930	0.697751	130437	0.0545989	0.968185	0.927429
case_7	230.0	1712199	0.716953	1657462	0.694033	130398	0.0546018	0.968031	0.927065
case_7	0.0	2380919	1.0	2380919	1.0	0	0.0	1.0	1.0
case_7	232.0	1872383	0.749917	1766599	0.707549	106648	0.0427141	0.943503	0.943068
case_7	232.0	1762700	0.724525	1678647	0.689977	96737	0.0397619	0.952316	0.945512
case_7	2.0	2368355	0.995075	2368299	0.995051	56	2.35287e-05	0.999976	0.999976
case_7	232.0	1865047	0.746066	1761157	0.704507	105548	0.0422219	0.944296	0.943458
case_7	232.0	1762700	0.724525	1678647	0.689977	96737	0.0397619	0.952316	0.945512
case_7	230.0	1721706	0.72068	1666930	0.697751	130437	0.0545989	0.968185	0.927429
case_7	176.0	1992400	0.781709	1954484	0.766833	77970	0.0305912	0.98097	0.961638
case_7	2.0	2368355	0.995075	2368299	0.995051	56	2.35287e-05	0.999976	0.999976
case_7	32.0	2301855	0.966129	2299197	0.965014	6502	0.002729	0.998845	0.99718
case_7	176.0	1994433	0.781313	1959345	0.767567	77949	0.0305363	0.982407	0.961739
case_7	2.0	2608572	0.99695	2608466	0.996909	106	4.05113e-05	0.999959	0.999959
case_7	32.0	2301855	0.966129	2299197	0.965014	6502	0.002729	0.998845	0.99718
case_7	232.0	1872521	0.748314	1769571	0.707173	111587	0.0445934	0.945021	0.940682
case_7	232.0	1846658	0.736082	1738541	0.692986	119230	0.0475253	0.941453	0.935821
case_7	232.0	1766991	0.725801	1682430	0.691067	102451	0.0420823	0.952144	0.942601
case_7	232.0	1752361	0.720525	1668189	0.685915	96699	0.0397601	0.951967	0.94521
case_7	230.0	1716798	0.718134	1657444	0.693306	127065	0.0531511	0.965427	0.928796
case_7	232.0	1875237	0.750568	1771010	0.708851	111608	0.0446714	0.944419	0.940717
case_7	232.0	1869667	0.747662	1765160	0.705871	106627	0.0426391	0.944104	0.943035
case_7	232.0	1872383	0.749917	1766599	0.707549	106648	0.0427141	0.943503	0.943068
case_7	232.0	1869667	0.747662	1765160	0.705871	106627	0.0426391	0.944104	0.943035
case_7	32.0	2293565	0.96299	2290747	0.961807	6464	0.00271401	0.998771	0.997186
case_7	232.0	1867763	0.748319	1762596	0.706184	105569	0.0422962	0.943694	0.943491
case_8	746.0	1099430	0.45692	830638	0.345211	330900	0.137521	0.755517	0.715119
case_8	48.0	2249795	0.937741	2245115	0.935791	7739	0.00322571	0.99792	0.996565
case_8	92.0	2208952	0.911112	2180707	0.899462	13237	0.00545978	0.987213	0.993967
case_8	92.0	2137726	0.898644	2111959	0.887812	14095	0.00592517	0.987947	0.99337
case_8	746.0	1097336	0.457368	820466	0.341969	338433	0.141058	0.747689	0.70797
case_8	746.0	1105179	0.454142	841190	0.345663	350842	0.144169	0.761135	0.705677
case_8	746.0	1138033	0.464162	858580	0.350184	336747	0.137347	0.754442	0.71828
case_8	92.0	2105089	0.897077	2070291	0.882248	14935	0.00636451	0.98347	0.992838
case_8	746.0	1123552	0.459007	861564	0.351977	347799	0.142087	0.766822	0.712411
case_8	60.0	2199721	0.927408	2188819	0.922812	8357	0.00352333	0.995044	0.996196
case_8	50.0	2207597	0.932985	2201305	0.930326	13589	0.00574305	0.99715	0.993865
case_8	54.0	2327073	0.945621	2319257	0.942445	9579	0.00389249	0.996641	0.995887
case_8	60.0	2225959	0.928105	2214419	0.923293	11788	0.00491496	0.994816	0.994705
case_8	746.0	1112348	0.454044	863623	0.352518	351440	0.143453	0.776396	0.710764
case_8	746.0	1103041	0.454334	834816	0.343855	344394	0.141853	0.756831	0.707945
case_8	92.0	2167003	0.905851	2135258	0.892581	15400	0.00643751	0.985351	0.992839
case_8	746.0	1088622	0.452037	835638	0.346988	331353	0.13759	0.767611	0.716062
case_8	746.0	1108543	0.456993	830846	0.342513	341724	0.140874	0.749494	0.708568
case_8	746.0	1118029	0.459816	836995	0.344234	350572	0.144181	0.748634	0.704798
case_8	92.0	2131143	0.898042	2105621	0.887287	16057	0.00676626	0.988024	0.992432
case_8	66.0	2191990	0.907766	2175452	0.900917	12830	0.00531327	0.992455	0.994137
case_8	92.0	2117460	0.884061	2090670	0.872876	16711	0.00697701	0.987348	0.99207
case_8	746.0	1123211	0.457728	858659	0.349919	338598	0.137985	0.764468	0.717189
case_8	66.0	2166928	0.907341	2151302	0.900798	13370	0.00559832	0.992789	0.993824
case_8	746.0	1090729	0.454219	828868	0.345171	339241	0.141272	0.759921	0.709581
case_8	66.0	2207204	0.9119	2190360	0.904941	10393	0.00429384	0.992369	0.995278
case_8	92.0	2191077	0.905882	2164742	0.894994	16670	0.00689207	0.987981	0.992358
case_8	92.0	2179201	0.892832	2156047	0.883346	17474	0.00715921	0.989375	0.991961
case_9	372.0	1672721	0.644998	1468639	0.566304	260095	0.100292	0.877994	0.849546
case_9	372.0	1683324	0.641466	1476667	0.562715	263608	0.100453	0.877233	0.848525
case_9	212.0	1911610	0.741099	1841792	0.714032	116917	0.0453267	0.963477	0.940309
case_9	371.0	1701384	0.648336	1492064	0.568572	272183	0.103719	0.876971	0.845723
case_9	10.0	2482276	0.980448	2479118	0.979201	607	0.000239753	0.998728	0.999755
case_9	211.0	1963928	0.746068	1893520	0.719321	128982	0.0489984	0.964149	0.936227
case_9	111.0	2332868	0.865773	2305663	0.855677	36518	0.0135525	0.988338	0.984409
case_9	211.0	1940260	0.738088	1874373	0.713024	124513	0.0473656	0.966042	0.937709
case_9	371.0	1711476	0.644614	1500295	0.565075	277991	0.104703	0.876609	0.843675
case_9	111.0	2370267	0.869831	2343233	0.85991	39143	0.0143645	0.988595	0.98357
case_9	372.0	1612095	0.642497	1408395	0.561313	266106	0.106056	0.873643	0.841083
case_9	34.0	2552508	0.955269	2546486	0.953016	3385	0.00126683	0.997641	0.998672
case_9	372.0	1620094	0.637853	1418534	0.558496	269925	0.106273	0.875587	0.840135
case_9	34.0	2578500	0.957085	2573775	0.955332	5478	0.00203332	0.998168	0.997876
case_9	371.0	1695096	0.639313	1483987	0.559693	275886	0.104052	0.875459	0.843235
case_9	22.0	2582137	0.969383	2580129	0.968629	3245	0.00121823	0.999222	0.998744
case_9	372.0	1658997	0.637562	1445342	0.555453	263028	0.101083	0.871214	0.846036
case_9	40.0	2602053	0.948309	2597272	0.946567	11596	0.00422612	0.998163	0.995555
case_9	212.0	1934952	0.743779	1870931	0.71917	120713	0.0464011	0.966913	0.93939
case_9	111.0	2340896	0.862835	2312182	0.852251	36686	0.0135222	0.987734	0.984381
case_9	111.0	2357785	0.866397	2333081	0.857319	34603	0.0127153	0.989522	0.985385
case_9	371.0	1683834	0.642532	1476044	0.563241	270456	0.103203	0.876597	0.845144
case_9	111.0	2316933	0.861012	2290581	0.851219	32835	0.012202	0.988626	0.985868
case_9	372.0	1649756	0.641607	1440105	0.560072	260982	0.101499	0.87292	0.846579
case_9	111.0	2354921	0.866852	2328007	0.856945	41305	0.0152045	0.988571	0.982567
case_9	372.0	1685409	0.640227	1476168	0.560743	264929	0.100637	0.875851	0.847838
case_9	212.0	1952909	0.748283	1884268	0.721983	113821	0.0436121	0.964852	0.943035
case_9	372.0	1675000	0.643807	1467230	0.563948	261416	0.100478	0.875958	0.848774
