case_10	298.0	1974104	0.631326	1660546	0.531049	191957	0.0613885	0.841164	0.89638
case_10	116.0	2343655	0.761979	2293305	0.745609	71561	0.0232662	0.978516	0.96974
case_10	141.0	2314102	0.84277	2279836	0.83029	48204	0.0175554	0.985193	0.979294
case_10	24.0	3354106	0.965874	3345172	0.963302	8887	0.00255917	0.997336	0.99735
case_10	298.0	1962744	0.631106	1644161	0.528668	186619	0.060006	0.837685	0.898066
case_10	12.0	2734018	0.987728	2732723	0.98726	1295	0.000467849	0.999526	0.999526
case_10	24.0	3353802	0.966809	3344806	0.964216	8746	0.00252123	0.997318	0.997392
case_10	142.0	2201947	0.820812	2165939	0.80739	50720	0.0189067	0.983647	0.977119
case_10	298.0	1957123	0.628556	1645046	0.528329	188572	0.0605624	0.840543	0.897159
case_10	299.0	1867536	0.700272	1613126	0.604876	147439	0.0552854	0.863772	0.916255
case_10	298.0	1949407	0.714054	1693006	0.620136	164909	0.060405	0.868472	0.91124
case_10	79.0	2426344	0.897445	2411533	0.891966	19090	0.00706092	0.993896	0.992146
case_10	116.0	2335649	0.760283	2283136	0.74319	67570	0.0219949	0.977517	0.971255
case_10	299.0	1881826	0.617876	1572322	0.516254	173399	0.0569336	0.83553	0.900672
case_10	298.0	1965834	0.631595	1652575	0.530949	189339	0.060832	0.840648	0.897205
case_10	141.0	2305028	0.839102	2273524	0.827634	50212	0.0182787	0.986332	0.978392
case_10	299.0	1912554	0.705978	1666087	0.615	166886	0.0616023	0.871132	0.908953
case_10	299.0	1929166	0.62112	1632015	0.525448	193321	0.0622422	0.845969	0.89409
case_10	116.0	2347987	0.759823	2300544	0.74447	72876	0.0235831	0.979794	0.969295
case_10	79.0	2419510	0.894524	2407078	0.889928	18117	0.00669809	0.994862	0.99253
case_10	14.0	3393207	0.982253	3390062	0.981343	3910	0.00113185	0.999073	0.998848
case_10	299.0	1884986	0.615258	1578687	0.515282	178541	0.0582756	0.837506	0.898396
case_10	299.0	1880386	0.61666	1573507	0.516021	174406	0.0571953	0.8368	0.90022
case_10	298.0	1938556	0.70977	1683685	0.616454	163959	0.0600309	0.868525	0.911261
case_10	298.0	1966121	0.628534	1653017	0.52844	191190	0.06112	0.84075	0.896329
case_10	299.0	1920508	0.621218	1624782	0.525561	191950	0.0620892	0.846017	0.894343
case_10	299.0	1926442	0.623878	1624350	0.526046	190133	0.0615746	0.843187	0.895214
case_10	298.0	1971455	0.634149	1651190	0.531131	186609	0.0600257	0.837549	0.898461
case_11	127.0	2251591	0.86301	2211769	0.847746	43339	0.0166114	0.982314	0.980782
case_11	255.0	1871248	0.739997	1730677	0.684407	125772	0.0497373	0.924878	0.932251
case_11	126.0	2254273	0.862501	2220007	0.849391	42250	0.0161652	0.9848	0.981324
case_11	22.0	2570337	0.969237	2568469	0.968533	3470	0.00130849	0.999273	0.998651
case_11	38.0	2524923	0.952504	2517614	0.949747	10158	0.00383201	0.997105	0.995981
case_11	127.0	2262695	0.864954	2217204	0.847564	45909	0.0175495	0.979895	0.979714
case_11	126.0	2246387	0.859843	2205865	0.844332	46503	0.0177998	0.981961	0.979354
case_11	254.0	1903137	0.739654	1766587	0.686584	133095	0.0517273	0.92825	0.929938
case_11	126.0	2262622	0.863392	2222516	0.848088	43083	0.01644	0.982275	0.980984
case_11	27.0	2507834	0.972896	2503076	0.97105	4241	0.00164526	0.998103	0.998309
case_11	254.0	1887706	0.735963	1752766	0.683354	127051	0.0495336	0.928516	0.932413
case_11	10.0	2613906	0.990353	2612751	0.989916	1155	0.000437605	0.999558	0.999558
case_11	38.0	2503752	0.948226	2499169	0.94649	7059	0.0026734	0.99817	0.997183
case_11	27.0	2512050	0.975049	2507115	0.973133	4679	0.00181615	0.998035	0.998137
case_11	254.0	1886969	0.736651	1753225	0.684439	124519	0.0486108	0.929122	0.933687
case_11	38.0	2503814	0.947032	2497517	0.94465	7281	0.00275393	0.997485	0.997093
case_11	26.0	2511082	0.976435	2506695	0.974729	7063	0.00274645	0.998253	0.99719
case_11	255.0	1869550	0.738926	1732440	0.684734	130443	0.0515566	0.926661	0.929978
case_11	38.0	2524020	0.953384	2517196	0.950807	10756	0.00406281	0.997296	0.995745
case_11	127.0	2242866	0.861599	2196914	0.843946	45498	0.0174781	0.979512	0.97971
case_11	127.0	2250678	0.863112	2209508	0.847324	43555	0.0167029	0.981708	0.980669
case_11	126.0	2242307	0.859398	2203353	0.844468	43802	0.0167878	0.982628	0.980508
case_11	127.0	2244045	0.861599	2199505	0.844498	46813	0.0179738	0.980152	0.97916
case_11	127.0	2261173	0.864824	2213873	0.846734	45664	0.017465	0.979082	0.979791
case_11	127.0	2248197	0.862069	2202017	0.844362	49514	0.0189861	0.979459	0.978009
case_11	254.0	1868422	0.737126	1730880	0.682863	127970	0.0504865	0.926386	0.931156
case_11	127.0	2246946	0.862042	2199426	0.843811	48199	0.0184916	0.978851	0.978556
case_11	254.0	1893200	0.737791	1757882	0.685057	129182	0.050343	0.928524	0.931543
case_12	30.0	2573780	0.968834	2569322	0.967156	4713	0.00177409	0.998268	0.998169
case_12	29.0	2567946	0.966266	2563339	0.964532	4926	0.00185355	0.998206	0.998082
case_12	239.0	1995573	0.566834	1919934	0.545349	139675	0.0396741	0.962097	0.932184
case_12	29.0	2571512	0.967516	2566879	0.965773	4952	0.00186316	0.998198	0.998075
case_12	0.0	2639691	1.0	2639691	1.0	0	0.0	1.0	1.0
case_12	238.0	1997759	0.56725	1924333	0.546401	140368	0.0398565	0.963246	0.932015
case_12	7.0	2662082	0.99527	2661777	0.995156	305	0.00011403	0.999885	0.999885
case_12	238.0	2002905	0.569644	1931059	0.54921	140726	0.0400237	0.964129	0.932075
case_12	237.0	1997854	0.568344	1914215	0.544551	142912	0.0406552	0.958136	0.930528
case_12	6.0	2656312	0.992733	2655793	0.992539	519	0.000193964	0.999805	0.999805
case_12	23.0	2586946	0.97544	2584460	0.974503	3387	0.00127711	0.999039	0.998691
case_12	237.0	1996079	0.56971	1920550	0.548153	139026	0.0396801	0.962161	0.932498
case_12	239.0	1997349	0.565485	1913794	0.541829	143831	0.0407211	0.958167	0.930099
case_12	20.0	4279998	0.977347	4275642	0.976352	4356	0.000994702	0.998982	0.998982
case_12	238.0	2004351	0.56819	1924792	0.545637	144556	0.0409785	0.960307	0.930144
case_12	237.0	1997854	0.568344	1914215	0.544551	142912	0.0406552	0.958136	0.930528
case_12	30.0	2578345	0.965677	2572695	0.963561	5637	0.00211125	0.997809	0.997814
case_12	29.0	2567946	0.966266	2563339	0.964532	4926	0.00185355	0.998206	0.998082
case_12	7.0	2658516	0.994031	2658236	0.993926	280	0.000104693	0.999895	0.999895
case_12	31.0	2584115	0.968209	2578678	0.966172	5424	0.00203225	0.997896	0.997901
case_12	237.0	1996079	0.56971	1920550	0.548153	139026	0.0396801	0.962161	0.932498
case_12	238.0	1999535	0.565899	1918193	0.542878	144524	0.0409025	0.95932	0.929935
case_12	23.0	2586946	0.97544	2584460	0.974503	3387	0.00127711	0.999039	0.998691
case_12	30.0	2573780	0.968834	2569322	0.967156	4713	0.00177409	0.998268	0.998169
case_12	30.0	2582222	0.967038	2576235	0.964796	5663	0.00212078	0.997681	0.997807
case_12	238.0	1996883	0.565189	1912101	0.541193	143916	0.0407334	0.957543	0.930003
case_12	238.0	1995107	0.566537	1918240	0.54471	139760	0.0396867	0.961472	0.932089
case_12	29.0	2571512	0.967516	2566879	0.965773	4952	0.00186316	0.998198	0.998075
case_13	168.0	2190123	0.827388	2121319	0.801395	78499	0.0296555	0.968584	0.964316
case_13	168.0	2188316	0.827036	2118795	0.800762	75023	0.0283536	0.968231	0.965803
case_13	168.0	1876445	0.765826	1796991	0.733399	63469	0.0259034	0.957657	0.965885
case_13	168.0	2209803	0.834845	2138195	0.807792	77380	0.0292335	0.967595	0.965075
case_13	124.0	2317207	0.85297	2252551	0.82917	62591	0.0230399	0.972097	0.972965
case_13	168.0	2162405	0.814354	2067100	0.778462	85950	0.0323684	0.955926	0.96008
case_13	168.0	1937738	0.785374	1875825	0.760281	64943	0.0263217	0.968049	0.966537
case_13	38.0	2134768	0.887655	2127980	0.884833	8517	0.00354144	0.99682	0.996014
case_13	124.0	2293120	0.844082	2230127	0.820894	66321	0.0244123	0.97253	0.97112
case_13	32.0	2599858	0.966283	2592501	0.963548	8352	0.00310417	0.99717	0.996789
case_13	124.0	2284678	0.854557	2220203	0.830441	57672	0.0215715	0.971779	0.974682
case_13	8.0	2557596	0.989539	2556263	0.989023	1333	0.00051574	0.999479	0.999479
case_13	32.0	2581810	0.95955	2577805	0.958061	6664	0.00247673	0.998449	0.997422
case_13	38.0	2138174	0.888681	2129937	0.885257	12006	0.00499001	0.996148	0.994395
case_13	124.0	2273353	0.844721	2220886	0.825226	60128	0.0223421	0.976921	0.97364
case_13	56.0	2494921	0.924189	2484934	0.92049	27640	0.0102386	0.995997	0.988999
case_13	168.0	2207996	0.834496	2135671	0.807161	73904	0.0279315	0.967244	0.966553
case_13	168.0	1917054	0.776969	1858987	0.753435	65004	0.0263457	0.96971	0.966214
case_13	124.0	2296998	0.851062	2230259	0.826334	62945	0.0233218	0.970945	0.972552
case_13	168.0	2198204	0.836375	2126783	0.809201	67080	0.0255227	0.967509	0.969424
case_13	168.0	2149245	0.817561	2063403	0.784908	71659	0.0272587	0.960059	0.966437
case_13	168.0	1897666	0.766523	1799650	0.726931	70931	0.0286511	0.948349	0.962081
case_13	168.0	2151786	0.818199	2065874	0.785532	73423	0.0279185	0.960074	0.965679
case_13	22.0	2631630	0.97169	2628773	0.970635	4877	0.00180076	0.998914	0.998148
case_13	168.0	2163069	0.814928	2063763	0.777515	84758	0.0319323	0.95409	0.960551
case_13	124.0	2303826	0.856067	2245454	0.834377	56717	0.0210752	0.974663	0.975364
case_13	168.0	1939224	0.791641	1877148	0.7663	59916	0.0244592	0.967989	0.969069
case_13	168.0	2196781	0.835498	2127556	0.80917	70949	0.0269839	0.968488	0.967729
case_14	28.0	2589395	0.966306	2585862	0.964988	5666	0.00211443	0.998636	0.997814
case_14	40.0	2590448	0.953487	2586324	0.951969	5381	0.00198063	0.998408	0.997924
case_14	195.0	1721363	0.692505	1582603	0.636682	66716	0.0268399	0.919389	0.959549
case_14	195.0	2121018	0.784588	1973388	0.729978	100149	0.0370462	0.930397	0.951701
case_14	195.0	2105381	0.780574	1965639	0.728765	105825	0.0392348	0.933626	0.948913
case_14	195.0	2121976	0.788184	1970540	0.731935	99910	0.0371104	0.928634	0.951745
case_14	142.0	1879994	0.760229	1849457	0.747881	49519	0.0200244	0.983757	0.973923
case_14	40.0	2576556	0.952271	2572079	0.950616	7930	0.00293085	0.998262	0.996926
case_14	16.0	2635777	0.985954	2634508	0.985479	2151	0.000804616	0.999519	0.999184
case_14	194.0	2096317	0.786525	1954972	0.733493	101274	0.0379974	0.932575	0.950748
case_14	195.0	2110726	0.783805	1969216	0.731256	98162	0.0364519	0.932957	0.952519
case_14	22.0	2647740	0.974821	2645642	0.974049	5321	0.00195904	0.999208	0.997993
case_14	195.0	1731330	0.696322	1597201	0.642377	69745	0.0280507	0.922528	0.95816
case_14	49.0	2559317	0.947722	2547379	0.943301	11897	0.00440549	0.995335	0.995351
case_14	49.0	2571190	0.948214	2560802	0.944383	11174	0.00412079	0.99596	0.995655
case_14	194.0	1708886	0.69329	1572258	0.63786	67978	0.0275785	0.920048	0.958556
case_14	194.0	2110136	0.785103	1974016	0.734458	91433	0.0340188	0.935492	0.955732
case_14	49.0	2548484	0.945523	2535321	0.940639	13550	0.00502724	0.994835	0.994684
case_14	195.0	2095087	0.779774	1961465	0.730041	103838	0.0386476	0.936221	0.949723
case_14	49.0	2549325	0.943782	2535104	0.938517	9982	0.00369542	0.994422	0.996078
case_14	194.0	1728507	0.696644	1599929	0.644823	66598	0.0268412	0.925613	0.960038
case_14	195.0	2106339	0.784162	1962791	0.730721	105586	0.0393083	0.93185	0.948952
case_14	195.0	1726568	0.691506	1593310	0.638135	70363	0.028181	0.922819	0.957706
case_14	194.0	2109748	0.789747	1960135	0.733742	95528	0.0357592	0.929085	0.953529
case_14	49.0	2537452	0.945329	2523859	0.940265	13108	0.00488339	0.994643	0.994833
case_14	194.0	2102038	0.783879	1972901	0.735722	97243	0.0362632	0.938566	0.953026
case_14	142.0	1874709	0.759977	1844765	0.747838	53006	0.0214878	0.984027	0.972069
case_14	49.0	2531217	0.942765	2515758	0.937008	10749	0.00400352	0.993893	0.995746
case_15	408.0	1686433	0.575257	1502173	0.512404	270695	0.0923364	0.89074	0.847312
case_15	206.0	1989292	0.788124	1944744	0.770475	105107	0.0416416	0.977606	0.948725
case_15	408.0	1628076	0.564432	1447460	0.501815	252980	0.0877047	0.889062	0.851227
case_15	408.0	1641524	0.562135	1459218	0.499705	255209	0.0873955	0.888941	0.85114
case_15	102.0	2752893	0.842775	2728618	0.835343	49097	0.0150306	0.991182	0.982325
case_15	408.0	1572555	0.55005	1397057	0.488664	220574	0.0771526	0.888399	0.863644
case_15	408.0	1631625	0.566522	1446449	0.502226	246128	0.0854589	0.886508	0.854584
case_15	408.0	1615189	0.556473	1436442	0.49489	245375	0.0845379	0.889334	0.854101
case_15	408.0	1674043	0.568472	1495356	0.507794	265357	0.09011	0.89326	0.84929
case_15	28.0	3117086	0.963882	3114865	0.963196	4782	0.00147872	0.999287	0.998467
case_15	206.0	1980144	0.78042	1939721	0.764489	99523	0.0392243	0.979586	0.951196
case_15	408.0	1602416	0.553006	1429641	0.49338	245564	0.084746	0.892178	0.853413
case_15	408.0	1637946	0.56689	1455628	0.50379	252801	0.087494	0.888691	0.852027
case_15	408.0	1631003	0.560391	1452238	0.49897	254128	0.087315	0.890396	0.851071
case_15	36.0	3097025	0.962018	3090720	0.96006	10345	0.00321343	0.997964	0.996664
case_15	78.0	2362170	0.91245	2353966	0.909281	26661	0.0102985	0.996527	0.988801
case_15	408.0	1606627	0.549524	1431540	0.489638	247248	0.0845677	0.891022	0.852722
case_15	408.0	1575827	0.555297	1398023	0.492641	220474	0.0776916	0.887168	0.863779
case_15	36.0	3086149	0.964971	3080332	0.963152	7774	0.00243076	0.998115	0.997483
case_15	102.0	2746080	0.84744	2720043	0.839405	50847	0.0156914	0.990518	0.98165
case_15	36.0	3090961	0.957254	3082287	0.954568	7548	0.00233758	0.997194	0.997557
case_15	102.0	2759536	0.842311	2728535	0.832848	47013	0.0143501	0.988766	0.983062
case_15	408.0	1617925	0.551561	1442166	0.491644	247486	0.0843696	0.891368	0.853528
case_15	408.0	1565552	0.55263	1391821	0.491304	218893	0.0772679	0.889029	0.864102
case_15	408.0	1580048	0.550804	1400221	0.488117	219243	0.0764281	0.886189	0.86462
case_15	34.0	3103964	0.962709	3097831	0.960806	6876	0.00213262	0.998024	0.997785
case_15	34.0	3109598	0.955327	3101096	0.952715	6481	0.00199109	0.997266	0.997914
case_15	102.0	2741178	0.84465	2714393	0.836397	46028	0.0141828	0.990229	0.983326
case_16	355.0	1703162	0.643169	1467818	0.554295	195090	0.0736723	0.861819	0.882681
case_16	356.0	1692135	0.636944	1454718	0.547577	195866	0.0737268	0.859694	0.881335
case_16	355.0	1675415	0.63787	1439662	0.548114	187943	0.0715544	0.859287	0.884528
case_16	2.0	2944293	0.998215	2944290	0.998214	3	1.0171e-06	0.999999	0.999999
case_16	355.0	1700376	0.634667	1454650	0.54295	190862	0.0712394	0.855487	0.884011
case_16	6.0	2474662	0.994508	2474323	0.994372	339	0.000136236	0.999863	0.999863
case_16	355.0	1739811	0.641637	1485899	0.547995	204308	0.0753481	0.854058	0.879122
case_16	355.0	1702734	0.634622	1457704	0.543297	190310	0.07093	0.856096	0.884522
case_16	356.0	1747674	0.642507	1483248	0.545295	203575	0.0748414	0.848698	0.879315
case_16	355.0	1704832	0.633763	1456336	0.541386	194991	0.0724869	0.85424	0.881919
case_16	355.0	1671908	0.639176	1438301	0.549868	183195	0.0700361	0.860275	0.887021
case_16	109.0	2144239	0.870068	2113228	0.857485	37993	0.0154164	0.985538	0.982339
case_16	172.0	2341137	0.811172	2293262	0.794584	112371	0.038935	0.979551	0.953288
case_16	356.0	1751089	0.642839	1485955	0.545507	203024	0.0745318	0.848589	0.879795
case_16	356.0	1688181	0.63694	1448549	0.546529	196055	0.0739703	0.858053	0.880789
case_16	356.0	1740961	0.641499	1477872	0.544558	204442	0.0753316	0.848883	0.878476
case_16	20.0	2383449	0.983464	2381890	0.98282	1559	0.000643278	0.999346	0.999346
case_16	32.0	2339810	0.952737	2335401	0.950941	3052	0.00124273	0.998116	0.998695
case_16	355.0	1707190	0.633719	1459390	0.541734	194439	0.0721769	0.854849	0.882431
case_16	355.0	1742169	0.641582	1488953	0.548331	203756	0.0750365	0.854655	0.879627
case_16	109.0	2126586	0.866723	2098709	0.855361	39736	0.016195	0.986891	0.981418
case_16	172.0	2339467	0.811691	2290389	0.794663	111847	0.038806	0.979022	0.95344
case_16	109.0	2177616	0.875968	2151164	0.865328	41736	0.0167887	0.987853	0.980968
case_16	109.0	2134276	0.868207	2103078	0.855516	35876	0.0145941	0.985382	0.983227
case_16	109.0	2116623	0.864844	2088559	0.853377	37619	0.015371	0.986741	0.982307
case_16	356.0	1744376	0.641834	1480579	0.544771	203891	0.0750206	0.848773	0.878958
case_16	109.0	2167653	0.874138	2140470	0.863176	39612	0.0159741	0.98746	0.98183
case_16	32.0	2318090	0.948083	2313197	0.946081	3535	0.00144579	0.997889	0.998474
case_17	24.0	2485165	0.957279	2482297	0.956174	5955	0.00229385	0.998846	0.997607
case_17	57.0	2391579	0.915716	2378667	0.910772	13621	0.00521537	0.994601	0.994306
case_17	57.0	2388691	0.912713	2373835	0.907036	14727	0.00562715	0.993781	0.993834
case_17	57.0	2476592	0.929712	2466149	0.925791	11457	0.00430095	0.995783	0.995376
case_17	57.0	2386723	0.913022	2371189	0.90708	14966	0.00572513	0.993491	0.993728
case_17	77.0	2420021	0.908399	2396882	0.899713	32290	0.0121206	0.990439	0.986707
case_17	240.0	2046659	0.73802	1873639	0.67563	154261	0.0556262	0.915462	0.923931
case_17	49.0	2455373	0.920889	2444425	0.916783	21738	0.00815285	0.995541	0.991185
case_17	6.0	2524915	0.990405	2521708	0.989147	3207	0.00125795	0.99873	0.99873
case_17	78.0	2319479	0.891516	2300244	0.884123	26529	0.0101967	0.991707	0.988598
case_17	77.0	2420318	0.909549	2396755	0.900694	32777	0.0123175	0.990265	0.986509
case_17	240.0	2054015	0.740732	1870814	0.674665	150172	0.054156	0.910808	0.925694
case_17	78.0	2404294	0.907823	2385528	0.900737	28524	0.0107702	0.992195	0.988184
case_17	8.0	2645684	0.988517	2644785	0.988181	899	0.000335897	0.99966	0.99966
case_17	239.0	2051544	0.736498	1872642	0.672272	157254	0.0564537	0.912796	0.922531
case_17	240.0	1981246	0.728178	1805134	0.66345	142496	0.0523723	0.91111	0.926836
case_17	49.0	2453855	0.921371	2442383	0.917064	22287	0.0083683	0.995325	0.990957
case_17	57.0	2389611	0.91603	2376021	0.91082	13860	0.00531307	0.994313	0.994201
case_17	58.0	2409597	0.90905	2389393	0.901428	18960	0.0071529	0.991615	0.992127
case_17	57.0	2477648	0.931172	2465983	0.926788	11932	0.00448439	0.995292	0.995185
case_17	239.0	2051903	0.735823	1874562	0.672227	156549	0.0561393	0.913572	0.922924
case_17	24.0	2483461	0.954626	2479134	0.952963	7414	0.00284989	0.998258	0.997018
case_17	78.0	2360938	0.890618	2333991	0.880453	35411	0.0133581	0.988586	0.985055
case_17	240.0	1982073	0.727031	1803319	0.661463	144669	0.0530651	0.909815	0.925734
case_17	78.0	2321668	0.894224	2305110	0.887846	24713	0.00951857	0.992868	0.989393
case_17	240.0	2008682	0.723737	1825147	0.657609	157130	0.0566146	0.908629	0.920733
case_17	58.0	2325110	0.892906	2303751	0.884704	19172	0.00736258	0.990814	0.991747
case_17	58.0	2323740	0.894245	2302776	0.886177	20393	0.00784784	0.990978	0.991222
case_18	44.0	2474741	0.929829	2465223	0.926252	7817	0.00293706	0.996154	0.996839
case_18	10.0	2637757	0.985135	2636817	0.984784	1260	0.000470578	0.999644	0.999522
case_18	192.0	2056594	0.771137	1985469	0.744468	80529	0.030195	0.965416	0.961022
case_18	192.0	2062972	0.775105	1997755	0.750601	81082	0.0304643	0.968387	0.960996
case_18	82.0	2325398	0.888423	2311092	0.882957	19157	0.00731897	0.993848	0.991779
case_18	82.0	2327745	0.888974	2313426	0.883506	19372	0.00739824	0.993849	0.991696
case_18	82.0	2265450	0.870522	2246343	0.863179	20860	0.00801566	0.991566	0.990799
case_18	44.0	2475107	0.929695	2464182	0.925591	9481	0.00356123	0.995586	0.996167
case_18	192.0	2158172	0.792963	2094921	0.769723	85904	0.0315632	0.970692	0.960609
case_18	82.0	2326193	0.888991	2313405	0.884104	16776	0.00641121	0.994503	0.992801
case_18	192.0	2062801	0.774744	1997995	0.750404	82203	0.0308737	0.968583	0.960483
case_18	192.0	2150620	0.788392	2083198	0.763676	87119	0.0319368	0.96865	0.959859
case_18	192.0	2100895	0.776276	2029214	0.74979	88068	0.0325409	0.965881	0.958405
case_18	82.0	2294941	0.881387	2275522	0.873929	20586	0.00790618	0.991538	0.991034
case_18	44.0	2504385	0.940479	2493183	0.936273	6176	0.00231929	0.995527	0.997529
case_18	82.0	2328540	0.889542	2315739	0.884652	16991	0.00649085	0.994503	0.992716
case_18	20.0	2692969	0.971507	2691103	0.970833	3227	0.00116416	0.999307	0.998802
case_18	82.0	2292595	0.88083	2273189	0.873374	20371	0.00782667	0.991535	0.991118
case_18	192.0	2159557	0.793246	2096005	0.769902	87759	0.0322355	0.970572	0.959813
case_18	82.0	2263103	0.86996	2244009	0.86262	20645	0.00793615	0.991563	0.990884
case_18	2.0	2554850	0.998936	2554716	0.998884	134	5.23935e-05	0.999948	0.999948
case_18	192.0	2056423	0.770778	1985709	0.744274	81650	0.0306037	0.965613	0.960505
case_18	192.0	2126210	0.78523	2051369	0.757591	88187	0.0325683	0.964801	0.958783
case_18	192.0	2121026	0.78175	2039554	0.751721	87382	0.0322065	0.961588	0.958916
case_18	192.0	2149155	0.788079	2082864	0.763771	85496	0.0313508	0.969155	0.960571
case_18	44.0	2505210	0.940515	2492401	0.935706	7911	0.00296998	0.994887	0.996836
case_18	192.0	2094567	0.77239	2017084	0.743818	88195	0.0325227	0.963008	0.958108
case_18	24.0	2552470	0.964069	2546485	0.961808	8751	0.00330526	0.997655	0.996575
case_19	176.0	2126727	0.795123	2026999	0.757838	78015	0.0291676	0.953107	0.962938
case_19	414.0	1717714	0.66036	1504632	0.578442	252485	0.0970656	0.87595	0.856307
case_19	414.0	1696063	0.658853	1465847	0.569424	247178	0.0960189	0.864264	0.855707
case_19	414.0	1711628	0.649936	1484782	0.563798	241545	0.091719	0.867468	0.860082
case_19	22.0	2569330	0.977364	2566827	0.976412	2658	0.00101109	0.999026	0.998966
case_19	414.0	1704969	0.65985	1479642	0.572645	241001	0.0932712	0.867841	0.859936
case_19	176.0	2186763	0.800798	2105942	0.771201	79567	0.0291376	0.963041	0.963593
case_19	414.0	1724165	0.650484	1499460	0.565709	243638	0.0919185	0.869673	0.860227
case_19	414.0	1708420	0.659286	1482218	0.571994	250602	0.0967083	0.867596	0.855379
case_19	60.0	2376439	0.92967	2363179	0.924483	11379	0.0044515	0.99442	0.995208
case_19	414.0	1710367	0.65921	1492539	0.575255	240054	0.0925217	0.872643	0.861448
case_19	176.0	2132200	0.795279	2028424	0.756572	77148	0.0287751	0.951329	0.96336
case_19	414.0	1706737	0.66047	1490751	0.576888	250483	0.0969315	0.873451	0.856146
case_19	60.0	2359427	0.928908	2348530	0.924618	11129	0.0043815	0.995382	0.995284
case_19	176.0	2115775	0.791991	2020906	0.756479	88497	0.0331268	0.955161	0.958046
case_19	12.0	2518905	0.966718	2517895	0.96633	1911	0.000733413	0.999599	0.999242
case_19	414.0	1698149	0.658832	1477860	0.573366	237961	0.0923219	0.870277	0.861314
case_19	16.0	2491964	0.977391	2489997	0.976619	1967	0.000771491	0.999211	0.999211
case_19	60.0	2371637	0.930105	2358049	0.924776	10479	0.00410964	0.994271	0.995576
case_19	414.0	1713025	0.658621	1492616	0.573878	243102	0.0934674	0.871333	0.859942
case_19	414.0	1758644	0.64513	1532064	0.562012	238046	0.0873232	0.871162	0.865519
case_19	60.0	2366917	0.92953	2354831	0.924784	11989	0.00470829	0.994894	0.994935
case_19	414.0	1741483	0.642856	1511323	0.557894	235114	0.0867906	0.867837	0.865375
case_19	42.0	2398537	0.941855	2394450	0.94025	8799	0.00345518	0.998296	0.996339
case_19	16.0	2505029	0.963744	2503598	0.963193	1431	0.00055054	0.999429	0.999429
case_19	176.0	2130560	0.794593	2035276	0.759057	81403	0.0303593	0.955277	0.961542
case_19	60.0	2380591	0.917017	2367264	0.911883	11965	0.00460898	0.994402	0.994971
case_19	60.0	2389920	0.917127	2375465	0.91158	10876	0.00417364	0.993952	0.995442
case_1	84.0	2334305	0.904926	2314210	0.897136	32536	0.012613	0.991391	0.986136
case_1	18.0	2514296	0.976996	2512342	0.976237	6537	0.00254012	0.999223	0.997405
case_1	250.0	1892234	0.747596	1717844	0.678697	169393	0.0669249	0.907839	0.910243
case_1	84.0	2340463	0.90693	2319037	0.898627	34006	0.0131773	0.990845	0.985548
case_1	166.0	2077951	0.603099	2012595	0.58413	88696	0.0257429	0.968548	0.95779
case_1	250.0	1949938	0.76123	1765594	0.689265	171491	0.0669478	0.905462	0.91147
case_1	84.0	2340463	0.90693	2319037	0.898627	34006	0.0131773	0.990845	0.985548
case_1	250.0	1839601	0.550668	1683287	0.503877	149495	0.04475	0.915028	0.918433
case_1	250.0	1949938	0.76123	1765594	0.689265	171491	0.0669478	0.905462	0.91147
case_1	250.0	1795278	0.541357	1640822	0.494781	147192	0.044385	0.913965	0.917678
case_1	64.0	3844719	0.908549	3825321	0.903965	43284	0.0102285	0.994955	0.988811
case_1	166.0	2097917	0.607633	2030480	0.588101	89305	0.025866	0.967855	0.957871
case_1	84.0	2334305	0.904926	2314210	0.897136	32536	0.012613	0.991391	0.986136
case_1	166.0	2074164	0.601809	2014266	0.58443	93022	0.0269899	0.971122	0.955857
case_1	250.0	1910274	0.752921	1724805	0.67982	168477	0.066404	0.90291	0.911013
case_1	250.0	1930783	0.755861	1753971	0.686643	174036	0.0681315	0.908425	0.909733
case_1	250.0	1910274	0.752921	1724805	0.67982	168477	0.066404	0.90291	0.911013
case_1	166.0	2005159	0.596818	1934500	0.575787	79359	0.0236205	0.964761	0.960594
case_1	250.0	1932086	0.756049	1756494	0.687337	171524	0.0671194	0.909118	0.911036
case_1	166.0	2097917	0.607633	2030480	0.588101	89305	0.025866	0.967855	0.957871
case_1	0.0	2586701	1.0	2586701	1.0	0	0.0	1.0	1.0
case_1	24.0	2416710	0.962062	2413286	0.960699	4469	0.00177905	0.998583	0.998152
case_1	250.0	1868278	0.549001	1682633	0.494448	160924	0.0472881	0.900633	0.91271
case_1	250.0	1891573	0.747657	1717521	0.678862	171956	0.0679667	0.907986	0.908993
case_1	166.0	2014218	0.598435	1946045	0.57818	77026	0.0228848	0.966154	0.961926
case_1	166.0	2014218	0.598435	1946045	0.57818	77026	0.0228848	0.966154	0.961926
case_1	250.0	1916925	0.559284	1727908	0.504136	162069	0.0472854	0.901396	0.914248
case_1	166.0	2002072	0.596092	1927629	0.573928	75870	0.0225894	0.962817	0.962131
case_20	15.0	2542724	0.976707	2539594	0.975505	3130	0.00120229	0.998769	0.998769
case_20	101.0	2312976	0.890146	2276483	0.876102	34048	0.0131033	0.984222	0.985264
case_20	92.0	2347832	0.890708	2315203	0.87833	34979	0.0132701	0.986102	0.985116
case_20	101.0	2338466	0.889497	2302068	0.875652	34354	0.0130674	0.984435	0.985296
case_20	20.0	2524144	0.964427	2520820	0.963157	8985	0.003433	0.998683	0.996448
case_20	101.0	2324197	0.892398	2292555	0.880249	30807	0.0118286	0.986386	0.98674
case_20	102.0	2308497	0.882172	2266751	0.866219	35642	0.0136203	0.981916	0.98452
case_20	92.0	2365081	0.893716	2341713	0.884886	32754	0.0123771	0.99012	0.986206
case_20	92.0	2336867	0.893369	2314018	0.884634	31365	0.0119906	0.990222	0.986627
case_20	15.0	2541543	0.978266	2538396	0.977054	3147	0.00121131	0.998762	0.998762
case_20	102.0	2299842	0.887183	2261289	0.872311	33527	0.0129333	0.983237	0.98539
case_20	101.0	2309598	0.882506	2271631	0.867998	36255	0.0138532	0.983561	0.984291
case_20	101.0	2312799	0.888248	2279084	0.875299	34836	0.013379	0.985422	0.984945
case_20	102.0	2283853	0.883065	2243052	0.867289	35061	0.0135565	0.982135	0.98461
case_20	56.0	2441413	0.930677	2431291	0.926819	18610	0.00709421	0.995854	0.992404
case_20	6.0	2603354	0.995354	2603275	0.995324	79	3.02045e-05	0.99997	0.99997
case_20	101.0	2324418	0.890652	2294654	0.879247	32096	0.0122983	0.987195	0.986206
case_20	101.0	2309421	0.880636	2273732	0.867027	37542	0.0143156	0.984546	0.983757
case_20	92.0	2357487	0.899183	2327816	0.887866	28219	0.0107632	0.987414	0.988023
case_20	92.0	2333826	0.893714	2298502	0.880187	30633	0.0117306	0.984864	0.986848
case_20	56.0	2411211	0.929996	2402594	0.926672	17124	0.00660467	0.996426	0.992923
case_20	92.0	2313274	0.887889	2283136	0.876322	33222	0.0127514	0.986972	0.985658
case_20	101.0	2337787	0.887431	2304167	0.874669	35643	0.0135302	0.985619	0.984767
case_20	102.0	2315109	0.885191	2276824	0.870552	38931	0.0148854	0.983463	0.983189
case_20	102.0	2283799	0.876715	2239610	0.859752	39170	0.0150368	0.980651	0.982811
case_20	101.0	2340032	0.888774	2308751	0.876894	38031	0.0144447	0.986632	0.983794
case_20	101.0	2340211	0.890654	2306652	0.877882	36742	0.0139835	0.98566	0.984321
case_20	52.0	2458214	0.9331	2452213	0.930822	15737	0.00597352	0.997559	0.993623
case_21	262.0	2058470	0.762065	1906731	0.70589	147448	0.0545867	0.926286	0.92822
case_21	222.0	2099289	0.781844	2031899	0.756745	104389	0.0388779	0.967899	0.951135
case_21	14.0	2563776	0.98233	2561034	0.981279	2742	0.00105062	0.99893	0.99893
case_21	222.0	2095734	0.781384	2028358	0.756263	105892	0.0394813	0.967851	0.950384
case_21	39.0	2647632	0.94349	2637259	0.939794	11414	0.00406741	0.996082	0.995691
case_21	262.0	1925893	0.733651	1753053	0.667809	153803	0.0585898	0.910255	0.919342
case_21	222.0	2177758	0.778487	2098345	0.750099	117858	0.0421309	0.963535	0.94682
case_21	88.0	2339469	0.859382	2318274	0.851596	44711	0.0164242	0.99094	0.981079
case_21	222.0	2096416	0.780502	2025635	0.75415	104908	0.0390576	0.966237	0.95076
case_21	262.0	2010276	0.734359	1838403	0.671573	170906	0.0624324	0.914503	0.914943
case_21	221.0	2086794	0.766677	2013038	0.73958	100795	0.0370316	0.964656	0.952316
case_21	221.0	2169817	0.76335	2090059	0.735291	111768	0.0393204	0.963242	0.949239
case_21	222.0	2085627	0.77915	2015163	0.752826	103854	0.0387978	0.966214	0.95099
case_21	14.0	2550681	0.980412	2548090	0.979416	2591	0.00099591	0.998984	0.998984
case_21	222.0	2081901	0.778622	2011622	0.752338	105357	0.0394031	0.966243	0.950232
case_21	8.0	2737198	0.992396	2735602	0.991818	1596	0.000578644	0.999417	0.999417
case_21	221.0	2101470	0.769736	2028687	0.743077	101331	0.037116	0.965366	0.952427
case_21	88.0	2342415	0.86076	2322635	0.853491	45340	0.0166609	0.991556	0.980853
case_21	222.0	2171785	0.777177	2093618	0.749204	119424	0.0427361	0.964008	0.946036
case_21	6.0	2583960	0.993561	2583223	0.993277	737	0.000283384	0.999715	0.999715
case_21	88.0	2331192	0.859241	2311330	0.85192	44624	0.0164477	0.99148	0.981059
case_21	39.0	2645488	0.943725	2637235	0.940781	11636	0.00415091	0.99688	0.995607
case_21	221.0	2099364	0.768701	2024336	0.741229	101570	0.0371908	0.964262	0.952223
case_21	261.0	2037684	0.74199	1882429	0.685457	143645	0.052306	0.923808	0.929102
case_21	262.0	2060261	0.763568	1909078	0.707537	149102	0.0552598	0.926619	0.927556
case_21	262.0	1916852	0.732509	1741796	0.665613	149644	0.0571852	0.908675	0.920884
case_21	222.0	2094045	0.780482	2023549	0.754208	106312	0.0396241	0.966335	0.950085
case_21	262.0	1919614	0.730999	1743758	0.664032	155739	0.0593062	0.90839	0.91801
case_22	371.0	1577234	0.552229	1404450	0.491733	187544	0.0656639	0.890451	0.882196
case_22	329.0	1257506	0.564537	1198628	0.538105	110573	0.04964	0.953179	0.915542
case_22	372.0	1797748	0.616658	1616924	0.554632	218410	0.0749184	0.899416	0.880997
case_22	329.0	1626577	0.635493	1555299	0.607645	144817	0.056579	0.956179	0.914819
case_22	372.0	1351926	0.521253	1259058	0.485447	175574	0.0676949	0.931307	0.877617
case_22	329.0	1259519	0.544461	1193574	0.515955	118721	0.0513204	0.947643	0.909532
case_22	371.0	1645787	0.561623	1448291	0.494228	194966	0.066532	0.879999	0.881354
case_22	372.0	1355013	0.522204	1262564	0.486575	174837	0.0673799	0.931773	0.878366
case_22	64.0	1853437	0.806881	1840681	0.801328	7716	0.00335911	0.993118	0.995826
case_22	372.0	1349421	0.522373	1252659	0.484916	163986	0.0634805	0.928294	0.884243
case_22	98.0	2209156	0.857643	2194350	0.851895	28812	0.0111855	0.993298	0.98704
case_22	2.0	3207971	0.998784	3207893	0.99876	78	2.42849e-05	0.999976	0.999976
case_22	329.0	1253433	0.562493	1195896	0.536672	111746	0.0501473	0.954096	0.914544
case_22	329.0	1265356	0.565133	1210197	0.540498	112279	0.050146	0.956408	0.915099
case_22	371.0	1580563	0.553164	1407464	0.492583	186844	0.0653916	0.890483	0.882806
case_22	329.0	1248432	0.542174	1178414	0.511766	118097	0.0512876	0.943915	0.908912
case_22	4.0	1943927	0.994695	1943795	0.994627	132	6.75436e-05	0.999932	0.999932
case_22	372.0	1346334	0.521418	1249153	0.483781	164723	0.0637951	0.927818	0.883495
case_22	64.0	1841685	0.805513	1831381	0.801007	8149	0.0035642	0.994405	0.99557
case_22	64.0	1845799	0.807615	1831929	0.801546	7587	0.00331963	0.992486	0.995876
case_22	371.0	1649520	0.562669	1451716	0.495196	194254	0.0662621	0.880084	0.881982
case_22	372.0	1794215	0.615697	1613418	0.553656	219147	0.0752018	0.899233	0.880415
case_22	329.0	1252506	0.544145	1181147	0.513143	116924	0.0507971	0.943027	0.909925
case_22	329.0	1717352	0.652033	1620018	0.615078	161677	0.0613845	0.943323	0.909257
case_22	14.0	1934078	0.984272	1933763	0.984112	315	0.000160307	0.999837	0.999837
case_22	14.0	1928644	0.98108	1928221	0.980864	423	0.000215175	0.999781	0.999781
case_22	372.0	1348295	0.521764	1251433	0.484281	164873	0.0638027	0.92816	0.883589
case_22	372.0	1345208	0.520809	1247927	0.483146	165610	0.0641174	0.927683	0.88284
case_23	24.0	2743014	0.966255	2739345	0.964963	3406	0.0011998	0.998662	0.998758
case_23	4.0	2821088	0.995565	2820766	0.995451	322	0.000113634	0.999886	0.999886
case_23	54.0	2625769	0.929351	2615942	0.925873	13251	0.00468999	0.996257	0.99496
case_23	18.0	2791468	0.980032	2790625	0.979736	2095	0.000735515	0.999698	0.99925
case_23	399.0	1770114	0.639029	1564304	0.56473	277179	0.100064	0.883731	0.849481
case_23	54.0	2638933	0.933312	2627346	0.929214	9749	0.00344793	0.995609	0.996303
case_23	24.0	2743692	0.965916	2739713	0.964515	3716	0.00130822	0.99855	0.998645
case_23	399.0	1726881	0.62876	1525042	0.55527	284613	0.103628	0.883119	0.842725
case_23	399.0	1755044	0.636188	1540272	0.558335	272668	0.0988398	0.877626	0.849599
case_23	54.0	2634390	0.92913	2622360	0.924888	8926	0.00314814	0.995433	0.996608
case_23	20.0	2610847	0.969562	2607974	0.968495	2303	0.00085524	0.9989	0.999118
case_23	399.0	1779719	0.640911	1553705	0.559519	275141	0.0990836	0.873006	0.849555
case_23	18.0	2792721	0.981057	2790257	0.980191	1785	0.000627054	0.999118	0.999361
case_23	399.0	1769515	0.638422	1567737	0.565622	276230	0.0996608	0.88597	0.850198
case_23	54.0	2633580	0.927849	2621616	0.923634	10303	0.0036299	0.995457	0.996085
case_23	54.0	2628777	0.931979	2613576	0.92659	11442	0.00405653	0.994217	0.995641
case_23	54.0	2637710	0.931877	2626721	0.927995	11086	0.00391658	0.995834	0.995797
case_23	399.0	1741957	0.631954	1551015	0.562683	284011	0.103035	0.890387	0.845228
case_23	54.0	2626140	0.930484	2614134	0.92623	11751	0.00416357	0.995428	0.995525
case_23	399.0	1734537	0.632248	1529082	0.557358	278655	0.101571	0.881551	0.845854
case_23	399.0	1768259	0.634992	1564570	0.561846	278765	0.100106	0.884808	0.848771
case_23	399.0	1748776	0.633218	1537603	0.556754	277914	0.10063	0.879245	0.846923
case_23	24.0	2746991	0.962675	2744936	0.961955	1992	0.000698091	0.999252	0.999275
case_23	12.0	2748659	0.977348	2747663	0.976994	2908	0.00103401	0.999638	0.998943
case_23	54.0	2627213	0.930421	2612952	0.925371	12779	0.00452565	0.994572	0.995133
case_23	399.0	1741907	0.628972	1547887	0.558915	285412	0.103057	0.888616	0.844318
case_23	399.0	1753952	0.635118	1536633	0.556425	282177	0.102178	0.876098	0.844856
case_23	399.0	1743762	0.632999	1547158	0.56163	283795	0.10302	0.887253	0.845001
case_24	251.0	1827803	0.710909	1709079	0.664732	106415	0.0413892	0.935046	0.941385
case_24	46.0	2517774	0.940644	2513837	0.939174	7899	0.00295108	0.998436	0.996868
case_24	433.0	1568517	0.609573	1377724	0.535425	226475	0.088015	0.878361	0.858824
case_24	251.0	1856306	0.718851	1745421	0.675911	109492	0.0424006	0.940266	0.940972
case_24	66.0	2448189	0.916819	2428543	0.909462	13736	0.00514398	0.991975	0.994376
case_24	80.0	2187112	0.875907	2172648	0.870114	22383	0.00896407	0.993387	0.989803
case_24	251.0	1881966	0.724894	1779458	0.68541	111270	0.0428589	0.945531	0.94115
case_24	251.0	1869434	0.724936	1757654	0.681589	111057	0.0430661	0.940207	0.94057
case_24	20.0	2612222	0.974146	2609124	0.972991	2349	0.000875986	0.998814	0.999101
case_24	251.0	1866992	0.717334	1758198	0.675533	120243	0.0461997	0.941728	0.935988
case_24	251.0	1891920	0.730471	1786471	0.689757	113785	0.0439324	0.944263	0.940121
case_24	66.0	2464362	0.925022	2443790	0.9173	14442	0.00542094	0.991652	0.994125
case_24	433.0	1563180	0.603376	1376116	0.53117	242236	0.0935013	0.880331	0.850319
case_24	434.0	1376763	0.552585	1185513	0.475824	209302	0.0840066	0.861087	0.849943
case_24	66.0	2461939	0.924162	2443105	0.917092	14415	0.0054111	0.99235	0.994134
case_24	251.0	1847843	0.713862	1737474	0.671224	106621	0.04119	0.940271	0.942182
case_24	10.0	2627090	0.990337	2626473	0.990104	617	0.000232591	0.999765	0.999765
case_24	46.0	2520757	0.941708	2517726	0.940576	7926	0.00296101	0.998798	0.996862
case_24	434.0	1412634	0.56524	1224065	0.489788	206985	0.0828213	0.866512	0.855361
case_24	66.0	2446696	0.91631	2428717	0.909576	13729	0.00514163	0.992652	0.994379
case_24	251.0	1829293	0.711528	1706774	0.663873	106495	0.0414227	0.933024	0.941269
case_24	66.0	2475610	0.920974	2462193	0.915982	19467	0.00724209	0.99458	0.992156
case_24	433.0	1573304	0.608739	1385359	0.53602	243116	0.0940659	0.880541	0.850709
case_24	433.0	1563827	0.607716	1374472	0.534131	230713	0.089657	0.878916	0.85627
case_24	66.0	2458210	0.912398	2444927	0.907467	18722	0.00694892	0.994596	0.992401
case_24	251.0	1870648	0.725447	1755498	0.680791	111460	0.0432248	0.938444	0.940299
case_24	251.0	1837035	0.707913	1719477	0.662611	118362	0.0456115	0.936007	0.935597
case_24	433.0	1567390	0.60349	1383667	0.532752	239103	0.0920615	0.882784	0.852657
case_25	832.0	1089069	0.375999	748914	0.258561	383973	0.132566	0.687664	0.661067
case_25	87.0	2662890	0.88287	2648640	0.878146	37327	0.0123756	0.994649	0.986103
case_25	831.0	1060235	0.365893	703910	0.242923	390884	0.134896	0.663919	0.642961
case_25	832.0	1086870	0.377166	740023	0.256803	383902	0.133222	0.680875	0.658427
case_25	831.0	1059544	0.365303	716207	0.246929	392943	0.135476	0.675958	0.645726
case_25	831.0	1049562	0.362627	711093	0.245685	389456	0.134558	0.677514	0.646126
case_25	87.0	2661927	0.881709	2650041	0.877772	39197	0.0129832	0.995535	0.985424
case_25	2.0	2755766	0.997691	2755732	0.997679	34	1.23093e-05	0.999988	0.999988
case_25	18.0	2718572	0.980816	2717551	0.980448	1021	0.00036836	0.999624	0.999624
case_25	70.0	2544284	0.923061	2535090	0.919726	14591	0.00529359	0.996386	0.994277
case_25	10.0	2993813	0.990333	2993407	0.990198	406	0.000134302	0.999864	0.999864
case_25	70.0	2544455	0.922922	2535292	0.919598	14561	0.00528155	0.996399	0.994289
case_25	70.0	2539997	0.918307	2531174	0.915117	15333	0.00554347	0.996526	0.993979
case_25	72.0	2553529	0.922398	2535380	0.915842	15978	0.00577165	0.992893	0.993737
case_25	832.0	1092587	0.377577	735511	0.254178	381862	0.131964	0.673183	0.65825
case_25	831.0	1061617	0.367894	703319	0.243729	390488	0.13532	0.662498	0.643001
case_25	832.0	1085052	0.375858	748886	0.259412	383084	0.132699	0.690184	0.661578
case_25	831.0	1049504	0.362968	712214	0.246317	387722	0.134093	0.67862	0.647505
case_25	72.0	2553185	0.922074	2535580	0.915716	15949	0.00575992	0.993105	0.993749
case_25	831.0	1049994	0.363213	712675	0.246528	390994	0.135252	0.678742	0.645733
case_25	831.0	1062295	0.367762	702198	0.243098	392374	0.135838	0.66102	0.641527
case_25	72.0	2535595	0.917639	2517531	0.911102	23746	0.00859375	0.992876	0.990656
case_25	72.0	2550296	0.918046	2532970	0.911809	16146	0.00581218	0.993206	0.993666
case_25	831.0	1050052	0.362872	711554	0.245895	392728	0.135717	0.677637	0.644359
case_25	18.0	2718400	0.980967	2717349	0.980588	1051	0.000379266	0.999613	0.999613
case_25	831.0	1060969	0.365782	702790	0.242296	392770	0.135412	0.662404	0.641489
case_25	831.0	1059308	0.364859	715086	0.246298	394763	0.135969	0.67505	0.644309
case_25	832.0	1084562	0.37561	748425	0.259198	379813	0.131538	0.690071	0.663357
case_26	116.0	2191537	0.850829	2138307	0.830163	54068	0.020991	0.975711	0.975338
case_26	42.0	2455201	0.942322	2448830	0.939877	10168	0.00390254	0.997405	0.995865
case_26	116.0	2199636	0.852174	2145772	0.831307	55763	0.0216035	0.975512	0.974671
case_26	71.0	2220383	0.887084	2204926	0.880909	21516	0.00859604	0.993039	0.990336
case_26	34.0	2316966	0.916301	2310487	0.913739	11780	0.00465869	0.997204	0.994927
case_26	115.0	2047013	0.824061	1990325	0.801241	60763	0.0244612	0.972307	0.970375
case_26	115.0	2059563	0.790074	1997902	0.76642	62446	0.0239551	0.970061	0.969692
case_26	115.0	2117648	0.839753	2038553	0.808388	59754	0.0236954	0.96265	0.971523
case_26	115.0	2050863	0.823808	1993537	0.800781	61983	0.0248979	0.972048	0.969846
case_26	71.0	2225768	0.849426	2210823	0.843722	25283	0.00964882	0.993285	0.988693
case_26	4.0	2552735	0.996289	2552423	0.996167	312	0.000121768	0.999878	0.999878
case_26	115.0	2124023	0.804841	2041394	0.773531	58311	0.0220954	0.961098	0.972229
case_26	115.0	2044932	0.784158	1982032	0.760038	61787	0.0236931	0.969241	0.969769
case_26	116.0	2191572	0.848719	2134536	0.826631	55194	0.0213747	0.973975	0.974794
case_26	42.0	2446166	0.940489	2437492	0.937154	9948	0.00382475	0.996454	0.995935
case_26	16.0	2525050	0.983359	2523819	0.982879	3923	0.00152778	0.999512	0.998448
case_26	42.0	2445667	0.942633	2437391	0.939444	9746	0.0037564	0.996616	0.996017
case_26	115.0	2039775	0.819022	1979899	0.794981	62001	0.024895	0.970646	0.969636
case_26	16.0	2525561	0.981095	2523902	0.98045	4859	0.00188756	0.999343	0.998079
case_26	116.0	2201632	0.851122	2147024	0.830011	55375	0.0214072	0.975197	0.974857
case_26	14.0	2528596	0.984391	2527664	0.984028	931	0.000362441	0.999631	0.999632
case_26	14.0	2526849	0.985798	2525907	0.98543	983	0.000383497	0.999627	0.999611
case_26	115.0	2048616	0.821079	1992268	0.798495	61235	0.0245428	0.972495	0.97018
case_26	115.0	2055203	0.790049	1994690	0.766787	61226	0.0235361	0.970556	0.97022
case_26	42.0	2448320	0.941682	2441361	0.939006	11554	0.00444394	0.997158	0.99529
case_26	115.0	2054279	0.786376	1994873	0.763636	60792	0.0232711	0.971082	0.970427
case_26	116.0	2265408	0.866822	2189646	0.837833	52555	0.0201093	0.966557	0.976561
case_26	16.0	2528454	0.982604	2527274	0.982145	3871	0.00150434	0.999533	0.998471
case_27	206.0	1727604	0.740765	1692164	0.725569	73215	0.0313933	0.979486	0.958527
case_27	851.0	885109	0.364886	641744	0.264559	271713	0.112014	0.725045	0.702544
case_27	851.0	896482	0.361694	648183	0.261516	283459	0.114364	0.72303	0.695743
case_27	852.0	733259	0.321216	501305	0.219605	215127	0.0942398	0.683667	0.699724
case_27	34.0	2135861	0.921932	2134013	0.921134	2308	0.000996235	0.999135	0.99892
case_27	852.0	635021	0.280079	385068	0.169836	168258	0.0742109	0.606386	0.695915
case_27	206.0	1729490	0.713784	1696656	0.700233	71507	0.0295119	0.981015	0.959559
case_27	113.0	1855313	0.799622	1823788	0.786035	24462	0.0105429	0.983008	0.986765
case_27	851.0	805131	0.33441	540500	0.224496	236202	0.0981062	0.671319	0.695891
case_27	8.0	2200643	0.950652	2200297	0.950502	346	0.000149468	0.999843	0.999843
case_27	851.0	808645	0.341249	549919	0.232066	247408	0.104406	0.68005	0.689703
case_27	852.0	628026	0.288549	384219	0.176531	167453	0.0769369	0.611788	0.696463
case_27	2.0	2437090	0.998362	2437014	0.998331	76	3.11337e-05	0.999969	0.999969
case_27	851.0	883754	0.364723	640428	0.264303	271674	0.112119	0.724668	0.702145
case_27	851.0	813119	0.330474	548754	0.223029	246446	0.100162	0.674875	0.690083
case_27	852.0	734614	0.321438	502621	0.219927	215165	0.0941478	0.684197	0.700238
case_27	206.0	1728960	0.74051	1693588	0.725361	73146	0.0313283	0.979541	0.958598
case_27	851.0	808227	0.341338	547074	0.231045	246475	0.104094	0.676882	0.689402
case_27	206.0	1732694	0.743535	1701541	0.730167	71229	0.0305659	0.98202	0.959821
case_27	851.0	895127	0.361532	646867	0.261262	283421	0.11447	0.722654	0.695341
case_27	113.0	1815057	0.800506	1789227	0.789114	25309	0.0111622	0.985769	0.986052
case_27	206.0	1730846	0.713568	1698080	0.70006	71438	0.0294514	0.981069	0.959629
case_27	851.0	800993	0.346006	539769	0.233164	237098	0.102419	0.673875	0.694802
case_27	851.0	801469	0.345936	542142	0.234003	233928	0.10097	0.676435	0.698574
case_27	100.0	2170304	0.882038	2153913	0.875376	28665	0.0116498	0.992448	0.986866
case_27	206.0	1734050	0.743277	1702965	0.729953	71160	0.0305018	0.982074	0.95989
case_27	852.0	629903	0.289657	382432	0.175859	167719	0.0771245	0.607128	0.69514
case_27	34.0	2139157	0.961817	2137637	0.961134	2336	0.00105032	0.999289	0.998908
case_28	16.0	2480343	0.984806	2475625	0.982933	6701	0.0026606	0.998098	0.997301
case_28	18.0	2462472	0.981752	2456159	0.979235	4981	0.00198585	0.997436	0.997976
case_28	54.0	2390153	0.924073	2382497	0.921114	18433	0.00712651	0.996797	0.992323
case_28	108.0	2344000	0.884853	2327458	0.878608	39614	0.0149542	0.992943	0.983265
case_28	211.0	2018497	0.778372	1876626	0.723664	104673	0.040364	0.929715	0.94717
case_28	211.0	2036628	0.783334	1891323	0.727446	100449	0.038635	0.928654	0.949568
case_28	211.0	2112021	0.797827	1955479	0.738693	110738	0.0418319	0.92588	0.946405
case_28	211.0	2031924	0.783598	1876994	0.72385	102490	0.0395246	0.923752	0.948224
case_28	54.0	2375957	0.920978	2367084	0.917539	22502	0.00872232	0.996266	0.990583
case_28	211.0	2066239	0.798959	1914982	0.740472	99435	0.0384488	0.926796	0.950638
case_28	211.0	2071990	0.782058	1923161	0.725884	90858	0.0342937	0.928171	0.954887
case_28	124.0	2316490	0.870656	2281228	0.857403	58801	0.0221004	0.984778	0.974872
case_28	211.0	2062323	0.800655	1910266	0.741622	94759	0.0367882	0.926269	0.952739
case_28	18.0	2474208	0.983734	2470728	0.98235	2747	0.00109219	0.998593	0.998889
case_28	54.0	2379592	0.922443	2368502	0.918144	20624	0.00799484	0.99534	0.991368
case_28	211.0	2024442	0.784219	1877940	0.727468	79881	0.0309439	0.927633	0.959199
case_28	124.0	2280120	0.856282	2248066	0.844244	45717	0.0171687	0.985942	0.980069
case_28	22.0	2450861	0.975704	2446889	0.974123	7131	0.0028389	0.998379	0.997094
case_28	211.0	2050237	0.794837	1901551	0.737194	100574	0.0389906	0.927479	0.949766
case_28	54.0	2389091	0.92738	2381514	0.924439	16560	0.00642814	0.996829	0.993094
case_28	211.0	2082276	0.782516	1926916	0.724132	113677	0.0427196	0.925389	0.944292
case_28	211.0	2020068	0.783584	1878852	0.728806	76092	0.0295161	0.930093	0.961077
case_28	211.0	2025756	0.782643	1886903	0.728998	79339	0.0306523	0.931456	0.959649
case_28	211.0	2062313	0.799567	1903043	0.737818	99781	0.0386855	0.922771	0.95018
case_28	211.0	2027855	0.783082	1884441	0.727701	95981	0.0370643	0.929278	0.951535
case_28	22.0	2453739	0.978209	2449857	0.976662	8484	0.00338224	0.998418	0.996549
case_28	211.0	2012067	0.779378	1873123	0.725558	82538	0.0319712	0.930945	0.957795
case_28	22.0	2460294	0.976785	2456554	0.9753	9439	0.00374747	0.99848	0.996172
case_29	181.0	2077550	0.779844	2035597	0.764096	78148	0.0293342	0.979807	0.963029
case_29	49.0	2144165	0.874396	2138645	0.872145	10584	0.00431618	0.997426	0.995075
case_29	212.0	1845126	0.755988	1766005	0.72357	110810	0.0454012	0.957119	0.940958
case_29	291.0	1697676	0.698782	1561048	0.642545	134093	0.0551942	0.919521	0.920896
case_29	292.0	1875133	0.717366	1714716	0.655996	162915	0.0623261	0.91445	0.913234
case_29	180.0	1846613	0.748559	1814673	0.735611	67831	0.0274965	0.982703	0.963968
case_29	291.0	1905016	0.734023	1740554	0.670654	172947	0.0666383	0.913669	0.909618
case_29	291.0	1689365	0.698825	1553731	0.642718	126861	0.0524775	0.919713	0.924514
case_29	49.0	2142957	0.873658	2137307	0.871354	11254	0.00458812	0.997363	0.994762
case_29	291.0	1892721	0.720038	1724019	0.65586	146837	0.0558605	0.910868	0.921513
case_29	212.0	1843260	0.75501	1765861	0.723307	107850	0.044176	0.95801	0.94244
case_29	291.0	1695018	0.69749	1559428	0.641696	133368	0.0548802	0.920007	0.921214
case_29	292.0	1884708	0.717535	1725788	0.657032	169405	0.0644948	0.915679	0.910613
case_29	291.0	1692023	0.700124	1555351	0.643572	127588	0.0527933	0.919226	0.924187
case_29	212.0	2056745	0.775377	1975807	0.744864	103255	0.0389263	0.960648	0.950336
case_29	291.0	1693806	0.702933	1562647	0.648502	131957	0.0547624	0.922566	0.922131
case_29	8.0	2242786	0.994279	2242706	0.994244	80	3.54659e-05	0.999964	0.999964
case_29	291.0	1690813	0.70149	1559673	0.647082	131230	0.0544451	0.92244	0.922391
case_29	291.0	1927243	0.740555	1762600	0.67729	174233	0.0669501	0.914571	0.910042
case_29	30.0	2500956	0.965164	2497316	0.963759	5069	0.00195622	0.998545	0.997974
case_29	291.0	1893847	0.716994	1727684	0.654086	151109	0.0572086	0.912262	0.919571
case_29	180.0	1846331	0.748235	1816104	0.735985	67690	0.0274317	0.983629	0.964067
case_29	213.0	2059931	0.780913	1963055	0.744188	116077	0.0440044	0.952971	0.94417
case_29	291.0	1927164	0.73692	1768505	0.676251	182046	0.0696118	0.917672	0.906669
case_29	32.0	2450548	0.948316	2446679	0.946819	7116	0.00275376	0.998421	0.9971
case_29	32.0	2461554	0.957292	2458026	0.955919	5334	0.00207438	0.998567	0.997835
case_29	291.0	1883441	0.718454	1713650	0.653686	145669	0.0555666	0.909851	0.921655
case_29	292.0	1853001	0.710835	1698119	0.651421	162104	0.0621852	0.916416	0.912858
case_2	37.0	2536570	0.942815	2524369	0.93828	10662	0.00396295	0.99519	0.995794
case_2	286.0	1899693	0.709686	1672966	0.624986	177448	0.0662909	0.880651	0.904104
case_2	285.0	1936177	0.715515	1709584	0.631777	183107	0.0676672	0.882969	0.903256
case_2	285.0	1927120	0.705785	1696289	0.621246	200742	0.0735194	0.88022	0.894181
case_2	285.0	1937950	0.711992	1715127	0.630128	185072	0.0679944	0.885021	0.902604
case_2	285.0	1932520	0.706664	1700363	0.621771	201424	0.0736547	0.879868	0.894087
case_2	285.0	1821419	0.70929	1600405	0.623223	135823	0.0528916	0.878658	0.921771
case_2	286.0	1915310	0.705995	1683878	0.620688	193458	0.0713098	0.879167	0.896951
case_2	37.0	2532247	0.946796	2514973	0.940337	10388	0.00388403	0.993178	0.995887
case_2	285.0	1822151	0.704057	1604009	0.61977	136548	0.0527605	0.880283	0.921549
case_2	29.0	2530592	0.943186	2525695	0.941361	10894	0.00406034	0.998065	0.995705
case_2	38.0	2505574	0.947158	2498744	0.944577	10665	0.00403159	0.997274	0.99575
case_2	286.0	1901544	0.702838	1669255	0.61698	193699	0.0715939	0.877842	0.896026
case_2	6.0	2677639	0.987254	2677295	0.987127	344	0.000126834	0.999872	0.999872
case_2	285.0	1931737	0.714995	1705510	0.631262	182425	0.0675211	0.882889	0.903373
case_2	37.0	2531779	0.948125	2514398	0.941616	10512	0.00393664	0.993135	0.995837
case_2	286.0	1826953	0.716338	1593975	0.624989	131922	0.0517259	0.872477	0.923563
case_2	90.0	2455503	0.894742	2438330	0.888484	40313	0.0146893	0.993006	0.983736
case_2	285.0	1824211	0.709205	1603252	0.623302	135693	0.0527538	0.878874	0.921968
case_2	242.0	1945914	0.745398	1818610	0.696633	132953	0.0509287	0.934579	0.931874
case_2	285.0	1936903	0.704178	1707024	0.620604	203348	0.0739289	0.881316	0.893556
case_2	286.0	1916729	0.714077	1693926	0.631072	178230	0.0663995	0.883759	0.9048
case_2	242.0	1945011	0.753339	1821090	0.705342	126735	0.0490868	0.936288	0.934935
case_2	6.0	2674242	0.987547	2673768	0.987372	474	0.000175039	0.999823	0.999823
case_2	29.0	2524781	0.948132	2519263	0.946059	10687	0.00401329	0.997814	0.995776
case_2	286.0	1810293	0.711871	1566270	0.615912	133284	0.0524119	0.865202	0.921577
case_2	29.0	2528454	0.948	2523190	0.946026	10557	0.00395816	0.997918	0.995833
case_2	2.0	2686479	0.997917	2686315	0.997856	164	6.09193e-05	0.999939	0.999939
case_30	510.0	1526908	0.577913	1258790	0.476434	242533	0.0917953	0.824405	0.838454
case_30	121.0	1806796	0.760667	1779239	0.749066	25085	0.0105609	0.984748	0.986097
case_30	75.0	1921685	0.794374	1914700	0.791486	11849	0.00489806	0.996365	0.99385
case_30	75.0	1923161	0.797444	1916055	0.794498	11958	0.00495842	0.996305	0.993798
case_30	75.0	1968192	0.808011	1960127	0.8047	12212	0.00501345	0.995902	0.993808
case_30	121.0	1856988	0.773916	1825989	0.760997	27571	0.0114905	0.983307	0.985125
case_30	510.0	1558953	0.595965	1279067	0.488969	244307	0.0933951	0.820465	0.839628
case_30	510.0	1606271	0.603932	1337482	0.502872	247828	0.0931794	0.832663	0.843672
case_30	510.0	1526460	0.576116	1262242	0.476395	244763	0.0923783	0.826908	0.837583
case_30	120.0	2332519	0.862251	2308430	0.853346	36303	0.0134199	0.989673	0.984517
case_30	190.0	1947121	0.760516	1884978	0.736243	88326	0.0344988	0.968085	0.95524
case_30	120.0	2336330	0.866049	2309961	0.856275	34532	0.0128006	0.988713	0.985271
case_30	75.0	1966827	0.804984	1958882	0.801732	12091	0.00494861	0.99596	0.993865
case_30	511.0	1230321	0.52265	998561	0.424197	188601	0.0801192	0.811626	0.841133
case_30	511.0	1223297	0.527352	999535	0.43089	185310	0.0798854	0.817083	0.8436
case_30	510.0	1672766	0.58913	1389868	0.489497	264995	0.0933284	0.83088	0.839869
case_30	510.0	1669528	0.58954	1385650	0.489298	264011	0.093227	0.829965	0.83996
case_30	6.0	2722523	0.993067	2722146	0.99293	377	0.000137515	0.999862	0.999862
case_30	16.0	2048307	0.969182	2046724	0.968433	1583	0.000749017	0.999227	0.999227
case_30	510.0	1606837	0.605846	1335015	0.503357	249503	0.0940732	0.830834	0.842537
case_30	510.0	1627341	0.582121	1327108	0.474723	255616	0.0914371	0.815507	0.838496
case_30	511.0	1201271	0.515608	994757	0.426969	187274	0.0803816	0.828087	0.841566
case_30	510.0	1476013	0.566449	1202636	0.461535	233687	0.089682	0.814787	0.837302
case_30	511.0	1254197	0.499778	1025795	0.408763	194307	0.0774283	0.81789	0.840745
case_30	511.0	1276289	0.503725	1030664	0.406782	196656	0.0776161	0.807548	0.839768
case_30	190.0	2077331	0.755373	2015461	0.732875	92772	0.0337344	0.970217	0.955995
case_30	511.0	1247594	0.532275	1004105	0.428393	186291	0.0794794	0.804833	0.843505
case_30	182.0	2063200	0.753004	2035586	0.742926	94027	0.0343169	0.986616	0.955848
case_3	20.0	2758920	0.976931	2755051	0.975561	5227	0.00185088	0.998598	0.998106
case_3	0.0	2837050	1.0	2837050	1.0	0	0.0	1.0	1.0
case_3	90.0	2473915	0.889321	2446242	0.879373	37548	0.0134977	0.988814	0.984883
case_3	20.0	2758920	0.976931	2755051	0.975561	5227	0.00185088	0.998598	0.998106
case_3	201.0	2036701	0.753514	1868811	0.6914	98546	0.0364589	0.917568	0.949909
case_3	201.0	2050212	0.746134	1864253	0.678458	108371	0.0394395	0.909298	0.945063
case_3	201.0	2162901	0.7588	1951236	0.684543	121863	0.0427526	0.902138	0.941217
case_3	201.0	2050212	0.746134	1864253	0.678458	108371	0.0394395	0.909298	0.945063
case_3	90.0	2467061	0.901388	2440773	0.891783	31738	0.0115961	0.989344	0.987164
case_3	201.0	2208125	0.759936	1994784	0.686514	125896	0.0433277	0.903384	0.940634
case_3	90.0	2479498	0.895507	2455901	0.886985	39714	0.0143433	0.990483	0.984086
case_3	158.0	2274166	0.807472	2189339	0.777353	85899	0.0304995	0.9627	0.962246
case_3	16.0	2819673	0.964465	2817371	0.963678	4336	0.00148312	0.999184	0.998463
case_3	90.0	2473915	0.889321	2446242	0.879373	37548	0.0134977	0.988814	0.984883
case_3	158.0	2222964	0.80377	2136883	0.772646	84678	0.0306175	0.961276	0.961884
case_3	78.0	2544072	0.911133	2523180	0.903651	31895	0.0114229	0.991788	0.987517
case_3	201.0	2153112	0.754171	1937896	0.678787	119292	0.0417844	0.900044	0.942012
case_3	201.0	2193010	0.766565	1987857	0.694854	116547	0.0407389	0.906451	0.944618
case_3	201.0	2107607	0.7528	1891703	0.675683	114910	0.0410438	0.89756	0.942734
case_3	201.0	2003621	0.74414	1835098	0.681551	99178	0.0368345	0.915891	0.948726
case_3	201.0	2153112	0.754171	1937896	0.678787	119292	0.0417844	0.900044	0.942012
case_3	201.0	2157319	0.759096	1946593	0.684948	113923	0.0400861	0.90232	0.944711
case_3	201.0	2213613	0.765243	2005396	0.693263	120386	0.0416173	0.905938	0.943369
case_3	201.0	2208125	0.759936	1994784	0.686514	125896	0.0433277	0.903384	0.940634
case_3	201.0	2052300	0.750439	1869903	0.683744	107506	0.0393104	0.911126	0.945633
case_3	201.0	2140244	0.761627	1930692	0.687056	110229	0.0392261	0.90209	0.945991
case_3	78.0	2549097	0.917197	2526903	0.909211	34232	0.0123171	0.991293	0.986634
case_3	78.0	2544072	0.911133	2523180	0.903651	31895	0.0114229	0.991788	0.987517
case_4	142.0	2221862	0.826885	2133980	0.794179	64724	0.0240876	0.960447	0.970563
case_4	143.0	2108217	0.823326	2015034	0.786935	56485	0.0220592	0.9558	0.972733
case_4	61.0	2434622	0.92129	2419531	0.915579	18233	0.00689958	0.993802	0.992521
case_4	143.0	2229668	0.831708	2138118	0.797558	56786	0.0211822	0.95894	0.974128
case_4	95.0	2197366	0.863881	2165697	0.851431	41590	0.0163509	0.985588	0.981158
case_4	143.0	2108043	0.82247	2014420	0.785942	56923	0.022209	0.955588	0.972519
case_4	61.0	2437150	0.921391	2422178	0.915731	18113	0.00684782	0.993857	0.992578
case_4	134.0	2222754	0.839149	2160896	0.815796	65531	0.0247397	0.972171	0.970567
case_4	142.0	2130827	0.82419	2043804	0.79053	53494	0.0206911	0.95916	0.974494
case_4	135.0	2193028	0.834955	2127124	0.809863	64901	0.0247098	0.969948	0.970392
case_4	18.0	2453947	0.935348	2452135	0.934657	1811	0.000690282	0.999262	0.999262
case_4	142.0	2158114	0.829768	2064602	0.793814	66599	0.0256065	0.95667	0.96875
case_4	2.0	2616343	0.998479	2615666	0.99822	677	0.000258365	0.999741	0.999741
case_4	142.0	2160305	0.829828	2065332	0.793347	67037	0.0257506	0.956037	0.968562
case_4	135.0	2190500	0.834772	2124479	0.809612	65020	0.0247783	0.96986	0.970304
case_4	134.0	2244448	0.847314	2198904	0.83012	55476	0.0209431	0.979708	0.975392
case_4	142.0	2248028	0.836598	2172648	0.808546	66672	0.0248118	0.966468	0.970227
case_4	142.0	2255597	0.833684	2173028	0.803166	54274	0.02006	0.963394	0.975632
case_4	143.0	2230838	0.831383	2138848	0.797101	57224	0.0213261	0.958764	0.973943
case_4	142.0	2116551	0.82456	2046000	0.797075	59289	0.0230977	0.966667	0.971838
case_4	142.0	2089119	0.813899	2003702	0.780621	64705	0.0252084	0.959113	0.968717
case_4	141.0	2191170	0.834537	2106188	0.802171	64692	0.0246388	0.961216	0.9702
case_4	135.0	2208237	0.841506	2160037	0.823138	56273	0.0214443	0.978173	0.97461
case_4	141.0	2158255	0.827826	2087733	0.800776	75056	0.0287887	0.967325	0.965297
case_4	95.0	2318346	0.870309	2282531	0.856864	43474	0.0163202	0.984551	0.98131
case_4	135.0	2209949	0.841372	2162127	0.823165	56712	0.0215914	0.978361	0.974441
case_4	141.0	2134246	0.818642	2062511	0.791126	70535	0.0270554	0.966389	0.966932
case_4	90.0	2332208	0.886655	2306713	0.876962	43167	0.0164112	0.989068	0.98163
case_5	596.0	1399301	0.49646	1071691	0.380227	304463	0.108021	0.765876	0.778758
case_5	26.0	2838052	0.962652	2835743	0.961869	2842	0.000963992	0.999186	0.998999
case_5	596.0	1384887	0.490601	1069515	0.37888	295675	0.104744	0.772276	0.783418
case_5	96.0	2604317	0.889559	2584035	0.882631	32474	0.0110922	0.992212	0.987589
case_5	596.0	1379452	0.487457	1055655	0.373037	298502	0.105482	0.765271	0.779566
case_5	596.0	1361120	0.506752	1048308	0.39029	302886	0.112766	0.77018	0.775838
case_5	8.0	2688354	0.990644	2687787	0.990435	567	0.000208937	0.999789	0.999789
case_5	96.0	2612677	0.889315	2591703	0.882176	34289	0.0116714	0.991972	0.986942
case_5	596.0	1373314	0.485465	1054479	0.372757	295108	0.10432	0.767835	0.781335
case_5	597.0	1405951	0.493402	1079620	0.37888	314261	0.110286	0.767893	0.774542
case_5	597.0	1435003	0.505609	1102133	0.388326	319464	0.11256	0.768035	0.775278
case_5	596.0	1358339	0.503995	1039536	0.385707	300767	0.111596	0.765299	0.775598
case_5	10.0	2897037	0.986073	2896276	0.985814	1080	0.000367603	0.999737	0.999627
case_5	51.0	2595785	0.949671	2589837	0.947495	7619	0.00278742	0.997709	0.997067
case_5	67.0	2276873	0.876905	2268191	0.873562	9499	0.00365841	0.996187	0.99583
case_5	596.0	1387574	0.489783	1063028	0.375225	297550	0.105029	0.766105	0.781306
case_5	596.0	1370613	0.510501	1048815	0.390644	304557	0.113436	0.765216	0.774964
case_5	596.0	1377426	0.488503	1060470	0.376095	297122	0.105374	0.769893	0.78114
case_5	51.0	2587842	0.947856	2581033	0.945362	7771	0.00284631	0.997369	0.996998
case_5	597.0	1398874	0.491097	1076822	0.378035	308840	0.108423	0.769778	0.777117
case_5	26.0	2836867	0.965253	2834667	0.964505	2736	0.000930933	0.999224	0.999036
case_5	96.0	2608812	0.888311	2586808	0.880819	32566	0.0110889	0.991566	0.987567
case_5	66.0	2262001	0.876736	2250068	0.872111	13736	0.00532398	0.994725	0.993932
case_5	596.0	1362654	0.505403	1042205	0.386549	302912	0.112349	0.764835	0.774806
case_5	597.0	1402637	0.494008	1086492	0.382662	310845	0.10948	0.774607	0.777545
case_5	66.0	2260068	0.877056	2245733	0.871493	13851	0.00537511	0.993657	0.99387
case_5	596.0	1381518	0.487823	1061852	0.374947	293661	0.103694	0.768612	0.783358
case_5	596.0	1407348	0.498758	1079390	0.382531	303011	0.107386	0.766967	0.780808
case_6	209.0	2006023	0.593459	1818151	0.53788	119335	0.0353039	0.906346	0.938407
case_6	159.0	2161026	0.830677	2094167	0.804977	79605	0.0305994	0.969061	0.963379
case_6	208.0	2059285	0.599647	1844035	0.536968	126920	0.036958	0.895473	0.935605
case_6	158.0	2207880	0.83737	2139895	0.811586	88192	0.0334481	0.969208	0.960418
case_6	208.0	2052579	0.600053	1837015	0.537035	119982	0.0350757	0.894979	0.938691
case_6	159.0	2156912	0.828403	2096156	0.805069	76005	0.0291912	0.971832	0.965009
case_6	158.0	2217451	0.836715	2154007	0.812775	92676	0.0349696	0.971389	0.95875
case_6	2.0	2635845	0.997684	2635574	0.997581	271	0.000102575	0.999897	0.999897
case_6	36.0	2424422	0.948099	2417180	0.945267	20199	0.00789906	0.997013	0.991713
case_6	149.0	2190323	0.842945	2149925	0.827398	78953	0.030385	0.981556	0.964577
case_6	149.0	2205752	0.850162	2164887	0.834411	82656	0.0318581	0.981473	0.963224
case_6	149.0	2206066	0.850996	2161645	0.833861	84034	0.0324164	0.979864	0.96258
case_6	158.0	2222695	0.839932	2162117	0.817041	95257	0.0359966	0.972746	0.957802
case_6	159.0	2149446	0.827479	2087282	0.803548	76086	0.0292911	0.971079	0.96483
case_6	159.0	2166140	0.830285	2101972	0.805689	79228	0.0303682	0.970377	0.963677
case_6	158.0	2217706	0.840394	2155728	0.816907	90893	0.0344437	0.972053	0.959542
case_6	158.0	2214658	0.837997	2147826	0.812709	88113	0.0333408	0.969823	0.960592
case_6	208.0	2058688	0.600765	1844246	0.538187	120187	0.0350729	0.895836	0.938818
case_6	208.0	2063939	0.603917	1881086	0.550414	134808	0.0394454	0.911406	0.933127
case_6	10.0	2619718	0.988814	2616832	0.987725	2194	0.000828127	0.998898	0.999162
case_6	209.0	2016476	0.596168	1852236	0.547611	120910	0.0357469	0.918551	0.938722
case_6	159.0	2167864	0.830254	2107814	0.807256	74678	0.0286004	0.9723	0.965783
case_6	149.0	2185690	0.841867	2143312	0.825544	82482	0.0317698	0.980611	0.962943
case_6	26.0	2536713	0.963208	2532425	0.96158	4707	0.00178728	0.99831	0.998145
case_6	208.0	2065839	0.603783	1881911	0.550026	128108	0.0374421	0.910967	0.936265
case_6	158.0	2210928	0.839771	2148005	0.815871	90772	0.0344777	0.97154	0.959455
case_6	10.0	2628211	0.989736	2625592	0.988749	1927	0.000725672	0.999004	0.999267
case_6	159.0	2153560	0.829758	2085293	0.803455	79686	0.0307027	0.9683	0.963193
case_7	177.0	2022491	0.795623	1986209	0.78135	74133	0.029163	0.982061	0.964019
case_7	501.0	1502213	0.493876	1229722	0.40429	279703	0.0919567	0.818607	0.814696
case_7	84.0	3025775	0.8684	3006168	0.862772	40219	0.0115429	0.99352	0.986798
case_7	503.0	1423568	0.562827	1166871	0.461339	270221	0.106836	0.819681	0.811967
case_7	503.0	1410806	0.556752	1154050	0.455427	274575	0.108357	0.818008	0.807805
case_7	156.0	1980939	0.795252	1948433	0.782203	72678	0.0291767	0.983591	0.964041
case_7	18.0	2489744	0.981252	2488536	0.980776	1731	0.000682218	0.999515	0.999305
case_7	18.0	2460845	0.979808	2459392	0.979229	2467	0.000982258	0.99941	0.998998
case_7	502.0	1453895	0.566941	1209915	0.471802	270663	0.105544	0.832189	0.817191
case_7	503.0	1419889	0.570778	1177985	0.473536	251969	0.101288	0.829632	0.823792
case_7	488.0	1541375	0.526018	1345901	0.45931	306260	0.104516	0.873182	0.814631
case_7	488.0	1542979	0.527407	1347092	0.460451	306906	0.104904	0.873046	0.814446
case_7	501.0	1527253	0.494571	1248949	0.404448	309241	0.100142	0.817775	0.801538
case_7	501.0	1513490	0.521593	1245932	0.429384	273306	0.0941892	0.823218	0.820103
case_7	487.0	1607780	0.518515	1413658	0.45591	287600	0.092752	0.879261	0.830949
case_7	502.0	1423923	0.565475	1206737	0.479225	247511	0.0982927	0.847473	0.829801
case_7	501.0	1508233	0.490706	1236961	0.402447	311892	0.101475	0.820139	0.79863
case_7	503.0	1403755	0.557144	1148197	0.455714	273337	0.108486	0.817947	0.807717
case_7	488.0	1583137	0.51642	1388044	0.45278	310235	0.101199	0.876768	0.817324
case_7	501.0	1501941	0.509473	1222819	0.414792	294606	0.0999333	0.814159	0.805851
case_7	487.0	1552517	0.524369	1364392	0.460829	292198	0.0986911	0.878826	0.823615
case_7	177.0	2021498	0.793772	1984581	0.779276	75845	0.0297817	0.981738	0.96319
case_7	156.0	1993306	0.795606	1957651	0.781374	74600	0.0297757	0.982113	0.963292
case_7	488.0	1578702	0.514189	1385400	0.451229	314566	0.102455	0.877556	0.814957
case_7	503.0	1430258	0.576029	1186637	0.477912	249047	0.100302	0.829666	0.826531
case_7	501.0	1482142	0.505232	1212580	0.413344	297225	0.101318	0.818127	0.803137
case_7	502.0	1445309	0.566784	1203859	0.472098	269716	0.10577	0.832942	0.816965
case_7	503.0	1416084	0.563082	1160636	0.461508	268225	0.106655	0.81961	0.812281
case_8	334.0	1685551	0.648581	1526631	0.58743	201749	0.0776307	0.905716	0.883273
case_8	0.0	2689533	1.0	2689533	1.0	0	0.0	1.0	1.0
case_8	334.0	1733864	0.65916	1573707	0.598273	206340	0.0784439	0.90763	0.884082
case_8	16.0	2644768	0.982138	2642889	0.981441	3231	0.00119984	0.99929	0.998779
case_8	232.0	1965334	0.741958	1909995	0.721066	142366	0.0537464	0.971842	0.930633
case_8	20.0	2451066	0.968238	2448038	0.967042	3091	0.00122103	0.998765	0.998739
case_8	334.0	1685551	0.648581	1526631	0.58743	201749	0.0776307	0.905716	0.883273
case_8	335.0	1735588	0.666472	1582924	0.607849	193780	0.0744122	0.912039	0.890933
case_8	335.0	1699789	0.658629	1543196	0.597953	195066	0.0755836	0.907875	0.887781
case_8	334.0	1734200	0.66052	1575125	0.599932	205489	0.0782664	0.908272	0.884597
case_8	335.0	1732794	0.6633	1579778	0.604727	197414	0.0755685	0.911694	0.888918
case_8	233.0	1953601	0.742584	1895338	0.720437	134027	0.050945	0.970177	0.933956
case_8	16.0	2644768	0.982138	2642889	0.981441	3231	0.00119984	0.99929	0.998779
case_8	232.0	1965334	0.741958	1909995	0.721066	142366	0.0537464	0.971842	0.930633
case_8	334.0	1734734	0.658656	1574117	0.597671	208296	0.0790872	0.907411	0.883138
case_8	334.0	1733342	0.661033	1574715	0.600538	203533	0.07762	0.908485	0.885543
case_8	20.0	2448682	0.964157	2446706	0.963379	4352	0.00171358	0.999193	0.998224
case_8	79.0	2393120	0.895796	2381974	0.891624	20422	0.00764439	0.995342	0.991499
case_8	334.0	1733342	0.661033	1574715	0.600538	203533	0.07762	0.908485	0.885543
case_8	232.0	1964788	0.74082	1912463	0.721091	146474	0.0552277	0.973369	0.928859
case_8	334.0	1719002	0.671972	1560413	0.609978	209548	0.0819141	0.907744	0.881609
case_8	334.0	1689952	0.649441	1531137	0.588409	203779	0.0783114	0.906024	0.882542
case_8	20.0	2504057	0.976981	2501717	0.976068	3699	0.0014432	0.999066	0.998524
case_8	334.0	1765734	0.681822	1601823	0.618529	210714	0.0813652	0.907171	0.883746
case_8	334.0	1733864	0.65916	1573707	0.598273	206340	0.0784439	0.90763	0.884082
case_8	79.0	2382213	0.890602	2368351	0.885419	23853	0.00891756	0.994181	0.990029
case_8	334.0	1759738	0.681676	1594638	0.61772	212475	0.0823072	0.906179	0.882423
case_8	79.0	2393120	0.895796	2381974	0.891624	20422	0.00764439	0.995342	0.991499
case_9	36.0	2396167	0.938111	2384258	0.933448	9692	0.00379446	0.99503	0.995951
case_9	135.0	2162877	0.845002	2124608	0.830051	48822	0.019074	0.982306	0.977537
case_9	135.0	2179133	0.845734	2145184	0.832558	46686	0.0181191	0.984421	0.9787
case_9	135.0	2154327	0.84211	2120545	0.828905	48865	0.019101	0.984319	0.977475
case_9	237.0	1942071	0.767267	1832503	0.723979	154909	0.0612009	0.943582	0.922055
case_9	135.0	2139292	0.826708	2102735	0.812581	47380	0.0183095	0.982912	0.977964
case_9	135.0	2067510	0.826927	2029729	0.811816	49224	0.0196878	0.981726	0.976323
case_9	135.0	2036070	0.805298	2003954	0.792596	43855	0.0173454	0.984226	0.978584
case_9	236.0	1980040	0.774576	1869834	0.731464	140440	0.054939	0.944342	0.930139
case_9	135.0	2082603	0.827337	2047168	0.81326	47267	0.0187773	0.982985	0.977432
case_9	236.0	1907541	0.761417	1795842	0.716831	134887	0.0538417	0.941443	0.930137
case_9	135.0	2153209	0.843975	2112020	0.82783	48837	0.0191422	0.980871	0.977399
case_9	237.0	1924435	0.751948	1815173	0.709255	157060	0.0613692	0.943224	0.920364
case_9	135.0	2168957	0.844518	2132150	0.830187	46494	0.0181032	0.98303	0.978659
case_9	135.0	2144361	0.840956	2107005	0.826306	48843	0.0191548	0.982579	0.977344
case_9	8.0	2500309	0.99031	2499924	0.990158	385	0.000152489	0.999846	0.999846
case_9	236.0	1982089	0.772855	1875253	0.731198	139565	0.0544191	0.946099	0.930731
case_9	20.0	2488962	0.979221	2486698	0.97833	2215	0.000871437	0.99909	0.99911
case_9	52.0	2335698	0.92185	2332438	0.920563	5253	0.00207325	0.998604	0.997753
case_9	135.0	2059539	0.824188	2022873	0.809515	49046	0.0196273	0.982197	0.976328
case_9	22.0	2536325	0.981266	2534646	0.980616	1679	0.00064958	0.999338	0.999338
case_9	52.0	2331292	0.92315	2326237	0.921148	5568	0.00220483	0.997832	0.997612
case_9	237.0	1937358	0.765817	1826754	0.722096	156338	0.0617987	0.94291	0.921165
case_9	237.0	1957756	0.768302	1845936	0.724419	151241	0.059353	0.942884	0.924273
case_9	36.0	2395298	0.938271	2385174	0.934305	9765	0.00382508	0.995773	0.995923
case_9	135.0	2128609	0.82524	2092241	0.81114	45088	0.0174802	0.982915	0.978905
case_9	20.0	2496869	0.981805	2492539	0.980103	2177	0.000856028	0.998266	0.999127
case_9	36.0	2417852	0.94034	2410552	0.937501	8783	0.00341585	0.996981	0.99637
