case_10	114.0	2139149	0.878589	2106951	0.865365	39342	0.0161585	0.984948	0.98167
case_10	18.0	2357708	0.975864	2356508	0.975367	1821	0.000753718	0.999491	0.999228
case_10	166.0	2022003	0.830174	1967168	0.807661	50615	0.020781	0.972881	0.974916
case_10	792.0	1204674	0.423015	896547	0.314818	367499	0.129045	0.744224	0.709268
case_10	166.0	2003790	0.824474	1944930	0.800255	59702	0.0245648	0.970626	0.970218
case_10	166.0	2062143	0.843223	2013987	0.823531	49422	0.020209	0.976648	0.976048
case_10	0.0	2429504	1.0	2429504	1.0	0	0.0	1.0	1.0
case_10	108.0	2184661	0.894316	2164156	0.885922	46097	0.0188703	0.990614	0.979144
case_10	166.0	2003790	0.824474	1944930	0.800255	59702	0.0245648	0.970626	0.970218
case_10	166.0	2055404	0.843251	2004413	0.822331	42028	0.0172424	0.975192	0.979463
case_10	792.0	1192290	0.420231	899526	0.317044	350368	0.12349	0.754452	0.719682
case_10	34.0	2310316	0.949533	2306802	0.948089	9008	0.00370226	0.998479	0.99611
case_10	166.0	2034086	0.836307	1978545	0.813471	52924	0.0217595	0.972695	0.973948
case_10	792.0	1180697	0.416415	891032	0.314254	365601	0.128942	0.754666	0.709063
case_10	166.0	2034086	0.836307	1978545	0.813471	52924	0.0217595	0.972695	0.973948
case_10	18.0	2357708	0.975864	2356508	0.975367	1821	0.000753718	0.999491	0.999228
case_10	114.0	2142362	0.884808	2112897	0.872639	35489	0.0146572	0.986246	0.983481
case_10	114.0	2139149	0.878589	2106951	0.865365	39342	0.0161585	0.984948	0.98167
case_10	166.0	2029600	0.83054	1975664	0.808469	55922	0.022884	0.973425	0.972474
case_10	108.0	2181851	0.898123	2163117	0.890411	40614	0.0167181	0.991414	0.98157
case_10	108.0	2184661	0.894316	2164156	0.885922	46097	0.0188703	0.990614	0.979144
case_10	114.0	2176682	0.889139	2150131	0.878293	26866	0.0109743	0.987802	0.987659
case_10	792.0	1207695	0.426069	906350	0.319756	372893	0.131555	0.750479	0.708505
case_10	166.0	2030874	0.83964	1979080	0.818226	48592	0.0200898	0.974497	0.976036
case_10	792.0	1207756	0.428127	912253	0.323377	371697	0.13176	0.755329	0.710505
case_10	792.0	1217155	0.428613	902410	0.317777	367294	0.12934	0.741409	0.710725
case_10	166.0	1996842	0.826198	1941414	0.803265	55371	0.0229099	0.972242	0.97227
case_10	792.0	1207695	0.426069	906350	0.319756	372893	0.131555	0.750479	0.708505
case_11	682.0	1097531	0.445997	829989	0.337278	336420	0.136709	0.756233	0.711576
case_11	158.0	2102701	0.814181	2064304	0.799313	71264	0.0275939	0.981739	0.96663
case_11	40.0	2516989	0.951118	2514039	0.950003	4878	0.00184329	0.998828	0.998063
case_11	682.0	1105758	0.443309	851599	0.341414	347303	0.139237	0.77015	0.710316
case_11	50.0	2504342	0.944422	2499180	0.942476	9827	0.0037059	0.997939	0.996083
case_11	682.0	1074646	0.446266	821637	0.341199	307837	0.127835	0.764565	0.727451
case_11	682.0	1056304	0.434974	796569	0.328018	330574	0.136127	0.75411	0.706715
case_11	682.0	1103218	0.443245	846389	0.340057	324096	0.130214	0.7672	0.72311
case_11	60.0	2111517	0.916673	2107841	0.915077	16741	0.00726777	0.998259	0.99212
case_11	158.0	2138773	0.812144	2104647	0.799186	72298	0.0274533	0.984044	0.966789
case_11	158.0	2111886	0.81327	2072822	0.798227	72038	0.0277413	0.981503	0.966414
case_11	158.0	2119864	0.810986	2072926	0.793029	73897	0.0282704	0.977858	0.965578
case_11	158.0	2130222	0.813278	2096558	0.800426	71778	0.0274035	0.984197	0.966897
case_11	682.0	1099778	0.450637	844139	0.345888	318910	0.130674	0.767554	0.725798
case_11	682.0	1097511	0.446575	834603	0.339598	334342	0.136043	0.760451	0.71398
case_11	114.0	1975043	0.865068	1947282	0.852908	43385	0.0190026	0.985944	0.978206
case_11	158.0	2131396	0.810996	2083734	0.792861	74378	0.0283008	0.977638	0.965536
case_11	12.0	2511797	0.979499	2509706	0.978684	2582	0.00100688	0.999168	0.998972
case_11	682.0	1103285	0.442698	841528	0.337667	324456	0.130189	0.762748	0.721732
case_11	50.0	2517419	0.938266	2508063	0.934779	10441	0.00389146	0.996283	0.995854
case_11	682.0	1058944	0.436641	803152	0.331169	321087	0.132396	0.758446	0.714396
case_11	682.0	1105357	0.442576	846667	0.338999	348582	0.139569	0.765967	0.70836
case_11	682.0	1108876	0.448604	856969	0.346693	311724	0.12611	0.772827	0.733271
case_11	682.0	1083370	0.447254	830701	0.342943	310652	0.128248	0.766775	0.727821
case_11	682.0	1111898	0.448852	862694	0.348253	330059	0.133238	0.775875	0.72328
case_11	682.0	1066712	0.437286	811647	0.332725	326506	0.133847	0.760887	0.713126
case_11	114.0	1981286	0.866578	1963264	0.858695	42382	0.0185371	0.990904	0.978869
case_11	682.0	1065189	0.436085	804713	0.329447	332562	0.13615	0.755465	0.70758
case_12	40.0	2465718	0.945988	2454443	0.941662	6290	0.0024132	0.995427	0.997444
case_12	40.0	2475955	0.949728	2463959	0.945126	8234	0.0031584	0.995155	0.996669
case_12	113.0	2294726	0.866975	2245434	0.848352	52553	0.0198551	0.978519	0.977131
case_12	28.0	2489514	0.953526	2481932	0.950622	5941	0.0022755	0.996954	0.997612
case_12	40.0	2477424	0.945039	2466823	0.940995	5842	0.00222849	0.995721	0.997637
case_12	28.0	2517517	0.974436	2515832	0.973784	3531	0.00136672	0.999331	0.998598
case_12	22.0	2496170	0.95475	2491875	0.953107	3558	0.00136089	0.998279	0.998574
case_12	28.0	2494757	0.950075	2488003	0.947503	5619	0.00213988	0.997293	0.997747
case_12	40.0	2490373	0.949792	2478804	0.94538	7768	0.0029626	0.995355	0.996876
case_12	14.0	2609364	0.978723	2607698	0.978098	1666	0.000624885	0.999362	0.999362
case_12	40.0	2388357	0.927151	2378148	0.923188	7075	0.00274649	0.995726	0.997034
case_12	40.0	2396501	0.930127	2385634	0.925909	8740	0.00339216	0.995465	0.99635
case_12	113.0	2228375	0.851716	2179072	0.832872	52716	0.0201488	0.977875	0.976379
case_12	113.0	2263936	0.862989	2223960	0.847751	44408	0.0169279	0.982342	0.980423
case_12	14.0	2598526	0.980174	2596412	0.979376	2114	0.000797409	0.999186	0.999186
case_12	40.0	2421913	0.935856	2413097	0.93245	8130	0.00314153	0.99636	0.996642
case_12	113.0	2300192	0.864141	2249115	0.844953	50687	0.0190422	0.977794	0.97796
case_12	22.0	2484814	0.955892	2481148	0.954482	3717	0.00142991	0.998525	0.998504
case_12	113.0	2309341	0.865586	2262804	0.848143	52759	0.0197751	0.979848	0.977215
case_12	28.0	2500499	0.950044	2493462	0.94737	7742	0.00294151	0.997186	0.996905
case_12	113.0	2244514	0.854169	2198576	0.836687	48272	0.0183703	0.979533	0.978516
case_12	40.0	2415524	0.933573	2408532	0.930871	6127	0.00236802	0.997105	0.997463
case_12	12.0	2603437	0.984302	2602790	0.984057	990	0.000374297	0.999751	0.99962
case_12	28.0	2406371	0.93257	2400819	0.930418	8043	0.003117	0.997693	0.996661
case_12	40.0	2494939	0.949314	2482104	0.944431	7999	0.00304359	0.994856	0.996788
case_12	113.0	2277587	0.868022	2235726	0.852068	44318	0.0168902	0.98162	0.980563
case_12	22.0	2497820	0.953147	2493968	0.951677	3520	0.0013432	0.998458	0.998591
case_12	40.0	2484167	0.945401	2469953	0.939991	6125	0.00233099	0.994278	0.997526
case_13	68.0	2336902	0.917017	2320644	0.910637	29663	0.01164	0.993043	0.987379
case_13	147.0	2099106	0.804856	2016405	0.773146	65838	0.0252441	0.960602	0.968381
case_13	148.0	2107366	0.819396	2007274	0.780478	71470	0.0277893	0.952504	0.965619
case_13	68.0	2368278	0.903435	2355925	0.898723	24536	0.00935983	0.994784	0.989693
case_13	93.0	2312453	0.878931	2286617	0.869111	33583	0.0127644	0.988827	0.985526
case_13	147.0	2050857	0.80166	1974513	0.771818	48371	0.0189078	0.962775	0.976088
case_13	68.0	2367596	0.904225	2356285	0.899905	23087	0.00881731	0.995223	0.990297
case_13	93.0	2346415	0.885973	2318595	0.875469	34944	0.0131944	0.988144	0.985153
case_13	148.0	2102133	0.812034	2024368	0.781994	52822	0.0204046	0.963007	0.97457
case_13	147.0	2108223	0.804219	2035929	0.776641	46966	0.017916	0.965709	0.977452
case_13	147.0	2064010	0.81105	1970046	0.774127	68178	0.0267905	0.954475	0.96655
case_13	148.0	2064885	0.804135	1984401	0.772792	47992	0.0186897	0.961023	0.976386
case_13	93.0	2295003	0.887742	2271336	0.878587	35418	0.0137002	0.989688	0.984646
case_13	8.0	2531291	0.988101	2529863	0.987543	1428	0.000557426	0.999436	0.999436
case_13	93.0	2349618	0.888203	2321286	0.877493	36610	0.0138393	0.987942	0.984473
case_13	148.0	2068016	0.804267	1991581	0.774541	53108	0.0206541	0.963039	0.974026
case_13	10.0	2551749	0.983415	2550438	0.98291	1311	0.000505244	0.999486	0.999486
case_13	6.0	2649656	0.988102	2648899	0.98782	757	0.000282298	0.999714	0.999714
case_13	147.0	2110775	0.805061	2037857	0.77725	49842	0.01901	0.965454	0.976126
case_13	147.0	2112046	0.806614	2035179	0.777258	48537	0.0185368	0.963605	0.976707
case_13	148.0	2099002	0.811914	2017519	0.780395	47774	0.0184794	0.96118	0.976868
case_13	147.0	2105229	0.808147	2017381	0.774424	67041	0.0257354	0.958272	0.967837
case_13	93.0	2315657	0.881168	2289309	0.871142	35249	0.0134132	0.988622	0.984836
case_13	148.0	2075900	0.812666	1978784	0.774648	72010	0.0281902	0.953217	0.964887
case_13	147.0	2108380	0.803215	2037325	0.776146	48641	0.0185304	0.966299	0.976682
case_13	93.0	2257990	0.87935	2235918	0.870755	35031	0.0136425	0.990225	0.984574
case_13	147.0	2049892	0.800197	1976843	0.771681	49902	0.0194798	0.964364	0.975378
case_13	68.0	2338283	0.918811	2316686	0.910325	29847	0.0117282	0.990764	0.98728
case_14	6.0	2598448	0.991255	2597860	0.991031	588	0.00022431	0.999774	0.999774
case_14	525.0	1478921	0.553011	1259305	0.470891	267317	0.0999576	0.851503	0.824896
case_14	525.0	1478921	0.553011	1259305	0.470891	267317	0.0999576	0.851503	0.824896
case_14	72.0	2393514	0.910328	2373407	0.90268	20880	0.00794131	0.991599	0.991279
case_14	219.0	2071467	0.787734	2016104	0.766681	122380	0.0465385	0.973274	0.942773
case_14	72.0	2398063	0.914034	2376942	0.905984	24118	0.0091927	0.991192	0.989955
case_14	524.0	1464142	0.545795	1248948	0.465576	274620	0.102371	0.853024	0.819752
case_14	219.0	2053291	0.784028	1992466	0.760803	114300	0.0436443	0.970377	0.945746
case_14	8.0	2620750	0.990339	2619680	0.989935	1070	0.000404336	0.999592	0.999592
case_14	524.0	1441192	0.539402	1236334	0.462729	276729	0.103573	0.857855	0.817107
case_14	524.0	1441192	0.539402	1236334	0.462729	276729	0.103573	0.857855	0.817107
case_14	525.0	1475482	0.550988	1261921	0.471238	270866	0.101149	0.85526	0.823285
case_14	219.0	2077032	0.789218	2013583	0.765109	112601	0.0427854	0.969452	0.947041
case_14	524.0	1457904	0.54232	1235780	0.459693	271423	0.100966	0.847642	0.819916
case_14	524.0	1464142	0.545795	1248948	0.465576	274620	0.102371	0.853024	0.819752
case_14	524.0	1461557	0.54356	1239543	0.460992	270407	0.100566	0.848098	0.820917
case_14	524.0	1457904	0.54232	1235780	0.459693	271423	0.100966	0.847642	0.819916
case_14	219.0	2072558	0.786449	2015247	0.764702	113794	0.04318	0.972348	0.946552
case_14	219.0	2072465	0.789187	2012843	0.766483	121186	0.0461472	0.971231	0.943213
case_14	524.0	1461557	0.54356	1239543	0.460992	270407	0.100566	0.848098	0.820917
case_14	219.0	2056652	0.786386	1989445	0.760689	113107	0.0432478	0.967322	0.946205
case_14	525.0	1475482	0.550988	1261921	0.471238	270866	0.101149	0.85526	0.823285
case_14	0.0	2730817	1.0	2730817	1.0	0	0.0	1.0	1.0
case_14	219.0	2083031	0.79132	2019279	0.767102	112581	0.0427683	0.969395	0.947191
case_14	56.0	2480519	0.939366	2471501	0.935951	17658	0.00668704	0.996364	0.992906
case_14	56.0	2475320	0.937606	2467938	0.93481	17508	0.00663171	0.997018	0.992956
case_14	72.0	2397109	0.911491	2381350	0.905499	20133	0.00765549	0.993426	0.991616
case_14	219.0	2079538	0.788921	2020943	0.766692	113774	0.0431628	0.971823	0.946703
case_15	16.0	2411202	0.979053	2408267	0.977861	2384	0.000968007	0.998783	0.999011
case_15	80.0	2247388	0.901467	2231113	0.894939	26664	0.0106954	0.992758	0.98819
case_15	268.0	1708728	0.697369	1563408	0.63806	133651	0.0545459	0.914954	0.921246
case_15	152.0	2196420	0.835428	2145026	0.81588	82609	0.0314211	0.976601	0.962916
case_15	268.0	1722849	0.694559	1593372	0.642361	133928	0.0539925	0.924847	0.922464
case_15	152.0	2019000	0.795539	1966767	0.774958	69723	0.0274727	0.974129	0.965763
case_15	268.0	1857693	0.73096	1725714	0.679029	148310	0.0583566	0.928955	0.92086
case_15	152.0	2192274	0.835329	2139864	0.815359	83598	0.0318536	0.976093	0.962402
case_15	268.0	1879884	0.730993	1750235	0.680579	149442	0.0581105	0.931034	0.921333
case_15	6.0	2614147	0.994857	2613664	0.994673	483	0.000183814	0.999815	0.999815
case_15	268.0	1880906	0.731993	1751754	0.681731	149183	0.0580576	0.931335	0.921521
case_15	268.0	1852912	0.727638	1721178	0.675906	155998	0.0612603	0.928904	0.916898
case_15	268.0	1871476	0.729042	1742772	0.678905	147679	0.057529	0.931229	0.921882
case_15	268.0	1860010	0.729699	1729576	0.678529	156037	0.0612148	0.929875	0.917249
case_15	150.0	2045502	0.805764	2004652	0.789672	71756	0.0282661	0.980029	0.965442
case_15	152.0	2194710	0.835451	2143885	0.816104	80381	0.0305983	0.976842	0.963862
case_15	268.0	1858616	0.731933	1726892	0.680059	147593	0.0581229	0.929128	0.921262
case_15	14.0	2579860	0.983549	2579032	0.983234	827	0.000315287	0.999679	0.999679
case_15	268.0	1851518	0.729866	1718494	0.677428	147554	0.0581656	0.928154	0.920927
case_15	268.0	1716103	0.697621	1576901	0.641034	139138	0.0565617	0.918885	0.918919
case_15	14.0	2581572	0.983408	2580324	0.982932	1248	0.000475405	0.999517	0.999517
case_15	268.0	1852088	0.720376	1715327	0.667182	146783	0.0570918	0.926158	0.921174
case_15	268.0	1858491	0.728498	1727804	0.677271	157092	0.0615775	0.929681	0.916657
case_15	80.0	2240177	0.902078	2220245	0.894052	26504	0.0106727	0.991102	0.988203
case_15	150.0	2043838	0.805781	2001016	0.788898	71446	0.0281675	0.979048	0.965526
case_15	268.0	1839072	0.72108	1698427	0.665934	157051	0.061578	0.923524	0.915358
case_15	150.0	2029556	0.80095	1983414	0.782741	71586	0.0282509	0.977265	0.965165
case_15	268.0	1836972	0.723002	1692348	0.66608	153000	0.0602182	0.92127	0.917089
case_16	560.0	1461578	0.546748	1170283	0.43778	334559	0.125152	0.800698	0.777678
case_16	151.0	2233166	0.839636	2167158	0.814818	48512	0.0182398	0.970442	0.978105
case_16	138.0	2253254	0.802065	2226372	0.792496	41298	0.0147004	0.98807	0.981788
case_16	24.0	2579609	0.970863	2577058	0.969903	2798	0.00105306	0.999011	0.998915
case_16	151.0	2217959	0.83661	2155673	0.813116	47454	0.0178996	0.971917	0.978461
case_16	32.0	2615757	0.962152	2610438	0.960195	4724	0.00173762	0.997967	0.998194
case_16	561.0	1461625	0.540319	1188134	0.439217	336498	0.124393	0.812886	0.779292
case_16	561.0	1470638	0.548897	1195283	0.446124	332029	0.123926	0.812765	0.782606
case_16	151.0	2243687	0.796986	2184071	0.775809	52178	0.0185343	0.973429	0.976667
case_16	561.0	1466427	0.547353	1186486	0.442864	336119	0.125459	0.8091	0.779247
case_16	38.0	2554955	0.958497	2544991	0.954759	9404	0.00352793	0.9961	0.996319
case_16	100.0	2354033	0.882343	2337537	0.87616	37259	0.0139655	0.992992	0.984311
case_16	151.0	2247294	0.798227	2183896	0.775709	49811	0.0176926	0.971789	0.9777
case_16	38.0	2534475	0.953826	2525510	0.950452	10212	0.00384319	0.996463	0.995973
case_16	560.0	1450499	0.537406	1161948	0.430498	338207	0.125305	0.801068	0.774552
case_16	151.0	2237469	0.841298	2177854	0.818882	46602	0.0175225	0.973356	0.97905
case_16	561.0	1452015	0.536794	1174297	0.434125	340418	0.125849	0.808736	0.775259
case_16	138.0	2233330	0.79095	2187830	0.774835	48261	0.017092	0.979627	0.978417
case_16	560.0	1471693	0.520236	1170400	0.413731	328679	0.116186	0.795275	0.780746
case_16	151.0	2206598	0.827863	2139123	0.802548	56689	0.0212683	0.969421	0.974183
case_16	151.0	2230403	0.794643	2164426	0.771137	51954	0.0185101	0.970419	0.976559
case_16	561.0	1468442	0.549833	1195056	0.447469	330730	0.123836	0.813826	0.78324
case_16	151.0	2224516	0.831914	2155485	0.806098	57946	0.0216704	0.968968	0.973821
case_16	560.0	1459059	0.511099	1163965	0.40773	334051	0.117016	0.79775	0.777004
case_16	560.0	1437567	0.52981	1140144	0.420196	339128	0.124984	0.793107	0.770747
case_16	561.0	1457609	0.540544	1183178	0.438774	335660	0.124477	0.811725	0.779002
case_16	151.0	2226611	0.832741	2162022	0.808585	56687	0.0212006	0.970992	0.97445
case_16	560.0	1452005	0.540279	1152016	0.428655	335040	0.124665	0.793397	0.774696
case_17	85.0	2267182	0.865084	2228755	0.850421	25676	0.00979714	0.983051	0.988611
case_17	250.0	1951097	0.737281	1791539	0.676987	143176	0.0541034	0.918221	0.925996
case_17	85.0	2372421	0.887818	2340700	0.875948	21997	0.00823182	0.986629	0.99069
case_17	122.0	2240856	0.834596	2190644	0.815894	45466	0.0169336	0.977592	0.979667
case_17	123.0	2286641	0.842331	2230230	0.821551	44118	0.0162518	0.97533	0.980602
case_17	22.0	2649825	0.964643	2647257	0.963708	3245	0.00118131	0.999031	0.998776
case_17	85.0	2363379	0.885044	2333378	0.87381	22972	0.00860262	0.987306	0.990251
case_17	250.0	2028506	0.74702	1879266	0.692061	151735	0.0558781	0.926429	0.925291
case_17	250.0	1974814	0.736846	1804371	0.67325	152632	0.0569503	0.913692	0.922007
case_17	85.0	2340901	0.887228	2309721	0.87541	22850	0.0086604	0.98668	0.990204
case_17	122.0	2249775	0.837343	2197318	0.817819	45121	0.0167936	0.976683	0.979879
case_17	66.0	2366280	0.904597	2346706	0.897114	24481	0.00935876	0.991728	0.989676
case_17	85.0	2291327	0.863781	2255244	0.850179	24158	0.00910705	0.984252	0.989402
case_17	122.0	2211019	0.825677	2161578	0.807214	49391	0.0184444	0.977639	0.977661
case_17	250.0	2030764	0.741091	1889091	0.68939	156042	0.0569448	0.930237	0.923701
case_17	122.0	2212564	0.833968	2167939	0.817148	47389	0.017862	0.979831	0.978609
case_17	66.0	2375606	0.907523	2357499	0.900606	24527	0.00936975	0.992378	0.989703
case_17	52.0	2499663	0.934357	2492282	0.931598	11814	0.00441599	0.997047	0.995282
case_17	251.0	2056321	0.76136	1890073	0.699806	163932	0.0606964	0.919153	0.920189
case_17	250.0	1972137	0.736354	1801362	0.67259	152398	0.0569021	0.913406	0.921998
case_17	123.0	2278515	0.847067	2225185	0.827241	43051	0.0160048	0.976594	0.98102
case_17	18.0	2588618	0.97699	2585966	0.975989	5556	0.00209693	0.998976	0.997856
case_17	85.0	2300194	0.866522	2266819	0.853949	21612	0.00814161	0.98549	0.990556
case_17	251.0	2008826	0.748675	1846708	0.688255	148838	0.0554709	0.919297	0.925415
case_17	123.0	2337929	0.855651	2296691	0.840559	49748	0.0182071	0.982361	0.978799
case_17	122.0	2235328	0.824926	2184737	0.806256	47178	0.0174106	0.977368	0.978862
case_17	123.0	2335062	0.862421	2291693	0.846403	48211	0.017806	0.981427	0.979396
case_17	122.0	2239436	0.825881	2187701	0.806801	46981	0.0173261	0.976898	0.978976
case_18	854.0	1031814	0.397282	705353	0.271584	357855	0.137786	0.683605	0.66342
case_18	186.0	2101382	0.831161	2045835	0.80919	46941	0.0185666	0.973566	0.97757
case_18	186.0	2055188	0.818575	1989000	0.792212	50026	0.0199252	0.967795	0.975466
case_18	185.0	2160976	0.810435	2095730	0.785966	56922	0.0213476	0.969807	0.973557
case_18	854.0	1084492	0.408455	742750	0.279744	382869	0.144201	0.684883	0.659859
case_18	250.0	1952607	0.755018	1873876	0.724575	84372	0.0326243	0.959679	0.956915
case_18	854.0	1047821	0.404834	713418	0.275635	380069	0.146843	0.680859	0.652425
case_18	46.0	2547633	0.937252	2542621	0.935408	8681	0.00319366	0.998033	0.996597
case_18	853.0	1108308	0.413424	733926	0.273771	386064	0.144011	0.662204	0.655297
case_18	185.0	2159007	0.805527	2089984	0.779775	61926	0.0231046	0.96803	0.971223
case_18	63.0	2392898	0.916165	2380739	0.91151	11887	0.00455116	0.994919	0.995032
case_18	63.0	2320432	0.894433	2305976	0.888861	12220	0.00471032	0.99377	0.994729
case_18	185.0	2136916	0.811103	2065113	0.783849	50740	0.0192592	0.966399	0.976019
case_18	122.0	2201464	0.852347	2188247	0.84723	33903	0.0131263	0.993996	0.984743
case_18	186.0	2127439	0.82654	2079223	0.807807	55794	0.0216767	0.977336	0.973867
case_18	250.0	1931542	0.744307	1852327	0.713782	79309	0.0305612	0.958989	0.958942
case_18	185.0	2143657	0.817947	2074495	0.791557	49045	0.0187139	0.967736	0.976904
case_18	249.0	1978302	0.73853	1887540	0.704648	92065	0.0343693	0.954121	0.953493
case_18	63.0	2321880	0.890255	2303281	0.883123	8768	0.00336182	0.99199	0.996208
case_18	854.0	1031483	0.401244	711141	0.276632	366159	0.142435	0.689436	0.660114
case_18	186.0	2070559	0.809967	2015149	0.788291	58070	0.022716	0.973239	0.97199
case_18	854.0	1063860	0.402543	729257	0.275936	396305	0.149954	0.685482	0.647905
case_18	63.0	2385093	0.908376	2370584	0.90285	9122	0.00347417	0.993917	0.996167
case_18	46.0	2349004	0.938935	2345990	0.93773	5416	0.00216486	0.998717	0.997697
case_18	250.0	1926702	0.750094	1850375	0.720379	83037	0.0323276	0.960385	0.957052
case_18	249.0	1985057	0.737253	1890817	0.702252	91052	0.0338168	0.952525	0.954058
case_18	250.0	1961373	0.742734	1886469	0.714369	84750	0.0320932	0.96181	0.957006
case_18	853.0	1104845	0.410021	741643	0.275233	400949	0.148797	0.671264	0.649088
case_19	227.0	1838426	0.751202	1735057	0.708965	104419	0.0426668	0.943773	0.943234
case_19	88.0	2244566	0.895387	2217752	0.884691	37741	0.0150554	0.988054	0.983267
case_19	151.0	2113535	0.825044	2066038	0.806503	70682	0.0275916	0.977527	0.96692
case_19	93.0	2180138	0.877324	2136127	0.859613	35790	0.0144025	0.979813	0.983521
case_19	227.0	1828171	0.741315	1720546	0.697673	107988	0.0437886	0.94113	0.940943
case_19	93.0	2184310	0.873874	2159965	0.864134	26443	0.010579	0.988855	0.987906
case_19	88.0	2233127	0.895729	2210735	0.886747	31057	0.0124573	0.989973	0.986146
case_19	228.0	1798131	0.732795	1694971	0.690754	107133	0.0436601	0.942629	0.940551
case_19	93.0	2158875	0.869833	2128890	0.857752	26124	0.0105256	0.986111	0.987878
case_19	62.0	2336792	0.930291	2327344	0.92653	18888	0.00751943	0.995957	0.99195
case_19	26.0	2414907	0.969269	2411675	0.967971	4573	0.00183546	0.998662	0.998107
case_19	88.0	2234123	0.899058	2208393	0.888704	31535	0.0126904	0.988483	0.985921
case_19	151.0	2086931	0.821668	2043507	0.804571	60767	0.0239252	0.979192	0.971122
case_19	151.0	2121616	0.834324	2068095	0.813277	68749	0.0270355	0.974773	0.967827
case_19	93.0	2171570	0.867312	2140703	0.854984	34389	0.0137348	0.985786	0.98419
case_19	93.0	2190772	0.871672	2160833	0.85976	32638	0.0129861	0.986334	0.98512
case_19	152.0	2096380	0.822302	2050298	0.804227	69913	0.0274233	0.978018	0.967025
case_19	93.0	2181644	0.875654	2153732	0.864451	26248	0.0105352	0.987206	0.98796
case_19	93.0	2160702	0.867728	2134557	0.857228	26932	0.0108158	0.9879	0.98754
case_19	152.0	2073542	0.816387	2027231	0.798154	70281	0.0276708	0.977666	0.966493
case_19	228.0	1788604	0.731746	1679938	0.687289	101175	0.0413923	0.939245	0.943196
case_19	228.0	1871442	0.747911	1766671	0.70604	106009	0.0423659	0.944016	0.943392
case_19	28.0	2428369	0.975233	2425858	0.974224	6119	0.00245739	0.998966	0.997484
case_19	227.0	1819155	0.744254	1723150	0.704976	100106	0.0409554	0.947225	0.945095
case_19	62.0	2328766	0.930105	2315484	0.9248	17061	0.00681413	0.994297	0.992686
case_19	151.0	2098959	0.823768	2056011	0.806912	61637	0.0241904	0.979538	0.970894
case_19	227.0	1821231	0.742634	1728397	0.70478	100068	0.0408042	0.949027	0.945272
case_19	93.0	2201029	0.882356	2163580	0.867344	35267	0.014138	0.982986	0.983961
case_1	26.0	2539723	0.976106	2536766	0.974969	2453	0.000942775	0.998836	0.999034
case_1	8.0	2521275	0.986349	2520777	0.986154	498	0.000194823	0.999802	0.999802
case_1	143.0	2123272	0.832085	2059477	0.807085	80651	0.0316062	0.969954	0.962315
case_1	74.0	2301874	0.907694	2276683	0.897761	25458	0.0100388	0.989056	0.988942
case_1	143.0	2181963	0.843396	2124237	0.821083	82103	0.0317353	0.973544	0.962788
case_1	50.0	2339016	0.92199	2320616	0.914738	10482	0.00413178	0.992133	0.995503
case_1	50.0	2342078	0.929456	2326797	0.923391	10150	0.00402804	0.993475	0.995657
case_1	50.0	2370686	0.934317	2361135	0.930553	4629	0.00182435	0.995971	0.998043
case_1	143.0	2166375	0.837699	2105512	0.814164	81963	0.0316936	0.971906	0.962531
case_1	143.0	2161235	0.835073	2104016	0.812965	71501	0.0276271	0.973525	0.967134
case_1	143.0	2149871	0.836531	2090156	0.813295	70482	0.0274251	0.972224	0.967379
case_1	46.0	2334919	0.933588	2325407	0.929785	11770	0.00470609	0.995926	0.994964
case_1	143.0	2124472	0.832747	2072975	0.812561	78352	0.0307123	0.97576	0.96358
case_1	56.0	2390731	0.934117	2380050	0.929944	20915	0.008172	0.995532	0.991289
case_1	74.0	2308781	0.914583	2287535	0.906167	21525	0.00852675	0.990798	0.990678
case_1	143.0	2141358	0.839033	2091232	0.819392	79950	0.0313262	0.976591	0.963177
case_1	74.0	2334766	0.918032	2308594	0.907741	19921	0.00783295	0.98879	0.991445
case_1	50.0	2372684	0.941442	2363857	0.93794	4169	0.00165419	0.99628	0.998239
case_1	74.0	2346782	0.912333	2322086	0.902732	18330	0.00712595	0.989477	0.992168
case_1	143.0	2165367	0.842229	2107621	0.819768	71904	0.0279674	0.973332	0.967009
case_1	143.0	2107702	0.826312	2043005	0.800948	80364	0.0315062	0.969304	0.962153
case_1	143.0	2146743	0.829798	2087555	0.80692	69884	0.0270128	0.972429	0.967608
case_1	74.0	2322859	0.915815	2305427	0.908943	18174	0.00716532	0.992495	0.992179
case_1	74.0	2346567	0.918347	2326018	0.910305	17275	0.00676071	0.991243	0.992628
case_1	143.0	2155210	0.837259	2089960	0.81191	84895	0.0329801	0.969725	0.960965
case_1	74.0	2280191	0.903411	2252477	0.89243	28905	0.0114521	0.987846	0.98733
case_1	74.0	2329596	0.909888	2302235	0.899201	20976	0.00819275	0.988255	0.990971
case_1	143.0	2170552	0.842887	2109573	0.819207	84826	0.0329404	0.971906	0.961344
case_20	87.0	1903479	0.812858	1861935	0.795117	29844	0.0127445	0.978175	0.984224
case_20	34.0	1807662	0.800042	1796959	0.795305	15319	0.00677994	0.994079	0.991547
case_20	87.0	2101410	0.851852	2041396	0.827524	41564	0.0168489	0.971441	0.980046
case_20	87.0	2123331	0.854349	2067150	0.831744	43482	0.0174955	0.973541	0.979399
case_20	54.0	1943505	0.818515	1924600	0.810553	17919	0.00754666	0.990273	0.990775
case_20	87.0	2112409	0.856455	2057613	0.834239	41559	0.0168497	0.97406	0.980202
case_20	6.0	2573515	0.99403	2572803	0.993755	712	0.000275013	0.999723	0.999723
case_20	28.0	2478595	0.965858	2469729	0.962403	8850	0.00344866	0.996423	0.996429
case_20	28.0	2465236	0.960496	2453700	0.956002	10695	0.00416695	0.995321	0.99566
case_20	28.0	2476414	0.962879	2468047	0.959626	9508	0.0036969	0.996621	0.996162
case_20	8.0	2572158	0.992983	2570511	0.992348	1647	0.000635825	0.99936	0.99936
case_20	87.0	1918636	0.812783	1878203	0.795654	29942	0.0126842	0.978926	0.984308
case_20	54.0	2197316	0.879218	2176235	0.870782	17178	0.00687348	0.990406	0.992168
case_20	28.0	2472027	0.962631	2460551	0.958162	10513	0.00409386	0.995358	0.995746
case_20	87.0	1923901	0.81367	1886010	0.797645	28868	0.0122091	0.980305	0.984924
case_20	28.0	2453599	0.962526	2443777	0.958673	7153	0.00280606	0.995997	0.997082
case_20	87.0	2118894	0.853031	2062946	0.830508	43016	0.0173175	0.973596	0.979574
case_20	8.0	2560980	0.990679	2557988	0.989522	2291	0.000886241	0.998832	0.999105
case_20	87.0	2129053	0.855311	2076159	0.834061	42626	0.0171243	0.975156	0.979882
case_20	87.0	2300527	0.88472	2244586	0.863206	43517	0.0167354	0.975683	0.980981
case_20	87.0	2291459	0.887672	2236015	0.866194	42248	0.0163662	0.975804	0.981456
case_20	28.0	2483671	0.967322	2474865	0.963893	9491	0.00369649	0.996454	0.99618
case_20	28.0	2489773	0.96823	2484076	0.966015	8420	0.00327439	0.997712	0.996622
case_20	87.0	2280020	0.883098	2216442	0.858473	43697	0.0169247	0.972115	0.980666
case_20	87.0	1895375	0.809253	1851220	0.790401	29594	0.0126355	0.976704	0.984265
case_20	87.0	2299069	0.884622	2241092	0.862314	44565	0.0171475	0.974782	0.980502
case_20	87.0	2307548	0.886092	2251887	0.864719	44370	0.017038	0.975879	0.980677
case_20	87.0	1920527	0.814054	1881422	0.797478	29456	0.0124855	0.979638	0.984585
case_21	53.0	2372954	0.935783	2363088	0.931892	12730	0.00502012	0.995842	0.994642
case_21	58.0	2356385	0.927484	2347864	0.92413	11212	0.0044131	0.996384	0.995247
case_21	53.0	2383028	0.93706	2370207	0.932018	12024	0.0047281	0.99462	0.994953
case_21	454.0	1475123	0.588047	1252952	0.49948	260405	0.103809	0.849388	0.827929
case_21	455.0	1507221	0.586488	1279945	0.49805	263784	0.102643	0.849209	0.829125
case_21	53.0	2391853	0.940374	2384480	0.937476	11278	0.00443403	0.996917	0.995293
case_21	455.0	1494602	0.580188	1264672	0.490931	269402	0.104579	0.84616	0.824388
case_21	36.0	2458881	0.961185	2454837	0.959604	6116	0.00239077	0.998355	0.997515
case_21	22.0	2446233	0.962679	2443685	0.961677	2548	0.00100273	0.998958	0.998958
case_21	454.0	1488252	0.580772	1260250	0.491797	260996	0.10185	0.846799	0.828433
case_21	58.0	2373585	0.931425	2365048	0.928075	9477	0.0037189	0.996403	0.996009
case_21	455.0	1484482	0.586907	1259210	0.497843	271323	0.107271	0.848249	0.822726
case_21	455.0	1499125	0.594142	1274483	0.505111	265703	0.105305	0.850151	0.827486
case_21	10.0	2509266	0.99181	2508322	0.991437	944	0.000373125	0.999624	0.999624
case_21	455.0	1484724	0.588798	1260086	0.499714	262697	0.104178	0.8487	0.827489
case_21	57.0	2352863	0.92822	2340307	0.923267	13196	0.00520591	0.994664	0.994393
case_21	454.0	1482237	0.580076	1257078	0.49196	258507	0.101167	0.848095	0.829434
case_21	38.0	2439166	0.956363	2432873	0.953896	7735	0.00303279	0.99742	0.996831
case_21	58.0	2375906	0.934594	2368338	0.931617	9951	0.00391436	0.996815	0.995816
case_21	53.0	2402734	0.941951	2391599	0.937585	10572	0.00414457	0.995366	0.995599
case_21	455.0	1492760	0.581213	1266106	0.492964	260957	0.101605	0.848164	0.829112
case_21	454.0	1481138	0.588733	1256124	0.499293	262894	0.104497	0.84808	0.826932
case_21	455.0	1472692	0.585951	1241832	0.494097	255958	0.10184	0.843239	0.82911
case_21	53.0	2410069	0.947112	2400824	0.943479	12712	0.00499558	0.996164	0.994733
case_21	455.0	1481431	0.578668	1246954	0.487078	254854	0.0995496	0.841723	0.830302
case_21	53.0	2403086	0.947083	2395381	0.944046	13416	0.00528739	0.996794	0.99443
case_21	38.0	2438859	0.95394	2434742	0.95233	5261	0.0020578	0.998312	0.997844
case_21	57.0	2346609	0.928425	2335509	0.924034	13901	0.00549987	0.99527	0.994083
case_22	355.0	1820135	0.679006	1629493	0.607887	222451	0.0829859	0.895259	0.879882
case_22	356.0	1794051	0.684389	1576883	0.601544	201136	0.0767287	0.878951	0.886876
case_22	355.0	1799602	0.670341	1604748	0.597759	234186	0.0872329	0.891724	0.872651
case_22	355.0	1802409	0.677123	1609015	0.60447	234458	0.0880804	0.892702	0.872817
case_22	20.0	2643156	0.974731	2640796	0.97386	2563	0.000945171	0.999107	0.99903
case_22	355.0	1820299	0.679863	1619385	0.604824	226312	0.0845252	0.889626	0.877384
case_22	355.0	1798957	0.674612	1606163	0.602314	233656	0.0876214	0.89283	0.873001
case_22	20.0	2634639	0.972715	2632150	0.971796	2489	0.000918945	0.999055	0.999055
case_22	356.0	1791116	0.684088	1564791	0.597646	200972	0.076758	0.87364	0.886184
case_22	103.0	2346068	0.882447	2330592	0.876626	29434	0.0110713	0.993403	0.987528
case_22	40.0	2496064	0.948796	2490075	0.946519	8668	0.00329485	0.997601	0.996531
case_22	103.0	2336239	0.880337	2319302	0.873955	32715	0.0123276	0.99275	0.986091
case_22	357.0	1765087	0.686383	1530776	0.595268	189438	0.0736661	0.867252	0.889875
case_22	56.0	2444670	0.927842	2430323	0.922397	14125	0.00536095	0.994131	0.994222
case_22	56.0	2490022	0.941199	2480870	0.937739	10419	0.00393826	0.996325	0.995818
case_22	103.0	2349313	0.882626	2336658	0.877872	29893	0.0112307	0.994613	0.987369
case_22	357.0	1775543	0.686494	1531767	0.592241	185752	0.071819	0.862703	0.891849
case_22	356.0	1787863	0.684097	1551539	0.593672	202275	0.0773973	0.867818	0.884666
case_22	355.0	1797841	0.670468	1595064	0.594847	238049	0.0887755	0.887211	0.870139
case_22	355.0	1799999	0.674209	1616494	0.605476	229573	0.0859891	0.898053	0.875642
case_22	356.0	1810861	0.689397	1621501	0.617308	231420	0.0881019	0.895431	0.875105
case_22	355.0	1803820	0.673903	1596466	0.596436	238648	0.0891583	0.885047	0.869955
case_22	355.0	1820865	0.681294	1620358	0.606272	227098	0.0849709	0.889884	0.877075
case_22	10.0	2687499	0.989335	2686407	0.988933	1092	0.000401992	0.999594	0.999594
case_22	357.0	1794611	0.700059	1569153	0.61211	192136	0.0749502	0.874369	0.890912
case_22	357.0	1782384	0.690212	1550006	0.600226	185929	0.0719994	0.869625	0.892894
case_22	356.0	1806189	0.691519	1629218	0.623764	228581	0.0875147	0.90202	0.876961
case_22	356.0	1829746	0.697655	1644291	0.626944	222337	0.0847738	0.898644	0.880888
case_23	245.0	1955667	0.762658	1856430	0.723958	159908	0.0623598	0.949257	0.920694
case_23	14.0	2497523	0.983314	2496033	0.982727	1490	0.000586636	0.999403	0.999403
case_23	82.0	2315389	0.913858	2293494	0.905217	23960	0.00945675	0.990544	0.989661
case_23	82.0	2314407	0.912585	2292432	0.903921	23998	0.00946256	0.990505	0.98964
case_23	245.0	1947766	0.757656	1861319	0.724029	150675	0.0586107	0.955617	0.925112
case_23	245.0	1966626	0.76685	1868596	0.728625	159278	0.0621076	0.950153	0.921456
case_23	245.0	1849823	0.701647	1754698	0.665565	143048	0.0542588	0.948576	0.924622
case_23	80.0	2274908	0.852884	2250430	0.843707	25223	0.00945633	0.98924	0.988916
case_23	245.0	1964001	0.762965	1880217	0.730417	152168	0.0591135	0.95734	0.925128
case_23	70.0	2294899	0.858287	2288506	0.855896	20469	0.00765536	0.997214	0.991135
case_23	82.0	2324563	0.916352	2307602	0.909666	26460	0.0104306	0.992704	0.988664
case_23	82.0	2323540	0.915062	2306540	0.908367	26498	0.0104355	0.992684	0.988642
case_23	82.0	2299697	0.906883	2276715	0.89782	27650	0.0109037	0.990007	0.988001
case_23	245.0	1961616	0.762963	1875255	0.729373	149598	0.0581855	0.955975	0.926119
case_23	46.0	2420359	0.951765	2413156	0.948933	10075	0.00396182	0.997024	0.995842
case_23	245.0	1857930	0.702979	1762766	0.666972	149604	0.0566052	0.94878	0.92177
case_23	46.0	2432470	0.956425	2425904	0.953843	10083	0.00396454	0.997301	0.995861
case_23	245.0	1862968	0.704055	1772813	0.669983	145219	0.0548813	0.951607	0.924287
case_23	245.0	1953241	0.760912	1862862	0.725704	147944	0.0576336	0.953729	0.926426
case_23	245.0	1950824	0.760699	1862374	0.726209	145701	0.0568143	0.95466	0.927442
case_23	80.0	2380372	0.917142	2369178	0.912829	26818	0.0103328	0.995297	0.988807
case_23	245.0	1960280	0.765593	1864768	0.72829	153763	0.0600526	0.951276	0.923824
case_23	245.0	1968779	0.766758	1873769	0.729755	160617	0.0625536	0.951742	0.921049
case_23	82.0	2300679	0.90815	2277777	0.89911	27612	0.0108993	0.990046	0.988023
case_23	2.0	2518781	0.995738	2517995	0.995427	786	0.000310726	0.999688	0.999688
case_23	245.0	1959059	0.765851	1864280	0.728799	152200	0.0594993	0.95162	0.924522
case_23	245.0	1849879	0.701014	1754642	0.664924	144800	0.0548722	0.948517	0.923767
case_23	245.0	1847538	0.699119	1750581	0.66243	147626	0.0558625	0.947521	0.922229
case_24	197.0	2090356	0.801559	1970368	0.755548	116975	0.0448547	0.942599	0.94396
case_24	44.0	2486456	0.958059	2477943	0.954779	8005	0.00308442	0.996576	0.99678
case_24	196.0	2085500	0.797824	1971193	0.754095	114441	0.0437803	0.94519	0.945129
case_24	196.0	2077916	0.790156	1947699	0.740639	125888	0.0478706	0.937333	0.93929
case_24	168.0	2188822	0.828902	2146748	0.812969	95153	0.0360342	0.980778	0.957557
case_24	10.0	2558647	0.983962	2556343	0.983076	2141	0.00082335	0.9991	0.999163
case_24	13.0	2553944	0.983618	2552314	0.982991	2886	0.00111151	0.999362	0.998871
case_24	197.0	2055868	0.782474	1934834	0.736408	130503	0.0496701	0.941128	0.936813
case_24	4.0	2617561	0.997219	2616208	0.996704	1353	0.000515456	0.999483	0.999483
case_24	13.0	2551904	0.982383	2549904	0.981613	3256	0.00125343	0.999216	0.998725
case_24	197.0	2081951	0.797342	1972226	0.75532	118184	0.0452619	0.947297	0.943464
case_24	168.0	2192340	0.830073	2146860	0.812854	95379	0.0361128	0.979255	0.957463
case_24	2.0	2588316	0.998754	2587944	0.998611	372	0.000143544	0.999856	0.999856
case_24	44.0	2488496	0.959284	2480353	0.956145	7635	0.0029432	0.996728	0.996931
case_24	44.0	2490867	0.958845	2483135	0.955868	5587	0.00215068	0.996896	0.997755
case_24	197.0	2083928	0.798887	1966283	0.753787	119566	0.0458364	0.943547	0.942678
case_24	197.0	2066429	0.785754	1941782	0.738357	129873	0.0493839	0.93968	0.93731
case_24	197.0	2088753	0.800579	1968817	0.75461	117166	0.0449075	0.94258	0.943832
case_24	196.0	2080675	0.796134	1968659	0.753273	116841	0.0447072	0.946164	0.943975
case_24	197.0	2085531	0.799865	1967834	0.754725	119375	0.045784	0.943565	0.942806
case_24	197.0	2074418	0.790666	1942869	0.740526	127869	0.0487374	0.936585	0.93825
case_24	43.0	2486609	0.9563	2477773	0.952902	8303	0.00319317	0.996447	0.99666
case_24	197.0	2072378	0.789531	1940459	0.739273	128239	0.0488563	0.936344	0.93801
case_24	197.0	2085417	0.798513	1973266	0.75557	116463	0.0445941	0.946221	0.944269
case_24	197.0	2085113	0.797797	1970683	0.754015	118127	0.0451973	0.94512	0.943448
case_24	43.0	2490776	0.956992	2481759	0.953528	5885	0.0022611	0.99638	0.997634
case_24	44.0	2492907	0.960069	2484339	0.956769	5217	0.00200917	0.996563	0.997904
case_24	197.0	2088579	0.798967	1971723	0.754265	116407	0.0445304	0.94405	0.944253
case_25	32.0	2948928	0.966272	2943264	0.964416	7415	0.00242966	0.998079	0.997487
case_25	33.0	2951594	0.967284	2948120	0.966146	5849	0.00191681	0.998823	0.99802
case_25	46.0	2895475	0.956843	2887977	0.954365	11089	0.00366449	0.99741	0.996175
case_25	34.0	2930007	0.956035	2921848	0.953373	6837	0.00223085	0.997215	0.997666
case_25	33.0	2940398	0.969103	2933482	0.966824	8886	0.00292867	0.997648	0.99698
case_25	33.0	2942556	0.963484	2936775	0.961591	6001	0.00196491	0.998035	0.997961
case_25	486.0	1315927	0.511559	1097426	0.426618	260916	0.10143	0.833957	0.807916
case_25	485.0	1312295	0.507177	1094348	0.422944	255375	0.0986975	0.833919	0.810795
case_25	33.0	2932585	0.965683	2927325	0.963951	5977	0.00196819	0.998206	0.997962
case_25	485.0	1428370	0.530651	1211518	0.450089	267757	0.099474	0.848182	0.818994
case_25	486.0	1315706	0.512001	1095803	0.426427	255884	0.0995761	0.832863	0.810693
case_25	35.0	2908350	0.953656	2901439	0.95139	5482	0.00179756	0.997624	0.998114
case_25	485.0	1423221	0.527877	1212670	0.449783	271475	0.100691	0.85206	0.817083
case_25	34.0	2912693	0.955775	2907194	0.95397	6816	0.00223661	0.998112	0.997661
case_25	486.0	1417808	0.530861	1206036	0.451569	267611	0.1002	0.850634	0.818402
case_25	45.0	2901045	0.953103	2891604	0.950001	10680	0.00350878	0.996746	0.99632
case_25	35.0	2912852	0.955964	2905922	0.95369	8388	0.00275284	0.997621	0.997122
case_25	46.0	2888563	0.953722	2877775	0.95016	8032	0.00265194	0.996265	0.997217
case_25	486.0	1427689	0.532509	1215416	0.453334	276218	0.103026	0.851317	0.814822
case_25	485.0	1316011	0.509478	1093895	0.423488	253238	0.0980381	0.83122	0.812017
case_25	45.0	2870800	0.944529	2863548	0.942143	9401	0.00309305	0.997474	0.996728
case_25	45.0	2896781	0.957136	2887251	0.953987	10047	0.00331967	0.99671	0.996532
case_25	64.0	1971199	0.89016	1965992	0.887809	11294	0.00510018	0.997358	0.994288
case_25	30.0	2942835	0.969198	2938407	0.96774	7686	0.00253132	0.998495	0.997391
case_25	485.0	1422178	0.530893	1209214	0.451394	272836	0.101848	0.850255	0.815906
case_25	486.0	1423477	0.531465	1208864	0.451337	267635	0.0999233	0.849233	0.818737
case_25	486.0	1308905	0.510872	1092002	0.426214	253149	0.0988053	0.834287	0.811806
case_25	485.0	1310090	0.509729	1090976	0.424476	258552	0.100597	0.832749	0.808413
case_26	292.0	1869679	0.712508	1709585	0.651498	147242	0.0561118	0.914374	0.920702
case_26	292.0	1862195	0.716874	1692582	0.65158	151906	0.058478	0.908918	0.917643
case_26	196.0	1825345	0.763302	1768701	0.739616	90540	0.037861	0.968968	0.951303
case_26	46.0	2607005	0.94807	2599705	0.945415	8772	0.00319005	0.9972	0.996637
case_26	292.0	1881962	0.715525	1713131	0.651335	155201	0.0590076	0.91029	0.916931
case_26	292.0	1881835	0.712001	1714662	0.64875	153712	0.0581576	0.911165	0.91773
case_26	22.0	2408392	0.96164	2406537	0.9609	1893	0.000755851	0.99923	0.999214
case_26	291.0	1735002	0.689686	1541272	0.612676	147976	0.0588224	0.88834	0.912401
case_26	92.0	2268639	0.891099	2253446	0.885132	28754	0.0112943	0.993303	0.987401
case_26	221.0	1744270	0.727986	1644752	0.686451	117282	0.0489486	0.942946	0.933439
case_26	291.0	1721398	0.691542	1520125	0.610684	152276	0.0611742	0.883076	0.908948
case_26	221.0	1946592	0.778693	1860957	0.744437	95489	0.0381984	0.956008	0.951193
case_26	221.0	1953005	0.775383	1867267	0.741343	99796	0.0396211	0.956099	0.949266
case_26	292.0	1866740	0.714886	1707421	0.653873	148477	0.0568607	0.914654	0.919997
case_26	40.0	2590383	0.951164	2580464	0.947522	14670	0.00538669	0.996171	0.994347
case_26	291.0	1742263	0.696125	1551218	0.619793	149566	0.0597594	0.890347	0.912061
case_26	291.0	1881087	0.711528	1686474	0.637915	151254	0.0572124	0.896542	0.917695
case_26	46.0	2603804	0.951606	2593300	0.947767	10420	0.00380817	0.995966	0.995998
case_26	291.0	1886863	0.722394	1699096	0.650507	152905	0.0585404	0.900487	0.917438
case_26	291.0	1905842	0.722353	1726141	0.654243	144847	0.0549	0.90571	0.922583
case_26	221.0	1937451	0.759626	1865298	0.731337	101306	0.0397196	0.962759	0.948487
case_26	221.0	1735646	0.730159	1640933	0.690315	112299	0.0472424	0.945431	0.935947
case_26	292.0	1877626	0.717582	1698346	0.649066	157580	0.0602232	0.904518	0.915094
case_26	221.0	1936505	0.764937	1865112	0.736736	96062	0.0379453	0.963133	0.951018
case_26	291.0	1892058	0.71202	1713690	0.644896	146975	0.0553097	0.905728	0.921009
case_26	291.0	1898901	0.723242	1721314	0.655604	150128	0.0571798	0.906479	0.91978
case_26	196.0	1801966	0.743647	1738326	0.717383	89047	0.0367485	0.964683	0.95127
case_26	291.0	1895903	0.710036	1717180	0.643102	141678	0.0530599	0.905732	0.923782
case_27	623.0	1199929	0.490192	1006265	0.411077	332054	0.13565	0.838604	0.751887
case_27	623.0	1224082	0.493284	1030878	0.415426	348753	0.140541	0.842164	0.747213
case_27	623.0	1199076	0.489807	1005696	0.410814	332996	0.136025	0.838726	0.751253
case_27	624.0	1186617	0.485227	987725	0.403897	331565	0.135582	0.832387	0.748679
case_27	624.0	1188525	0.483754	991625	0.403612	336859	0.137108	0.834332	0.746434
case_27	194.0	1961557	0.811408	1938156	0.801728	66913	0.0276789	0.98807	0.966628
case_27	624.0	1185764	0.484842	987156	0.403634	332507	0.135957	0.832506	0.748036
case_27	624.0	1231762	0.478193	1045500	0.405883	360057	0.139781	0.848784	0.743833
case_27	6.0	2308627	0.989864	2308453	0.98979	174	7.46056e-05	0.999925	0.999925
case_27	67.0	2196391	0.940779	2191024	0.93848	6761	0.00289594	0.997556	0.996924
case_27	624.0	1215843	0.490403	1017653	0.410465	351233	0.141668	0.836994	0.743417
case_27	624.0	1199863	0.471999	1014234	0.398977	338744	0.133254	0.845292	0.749631
case_27	624.0	1229722	0.477431	1043377	0.405084	360141	0.139822	0.848466	0.743401
case_27	623.0	1226302	0.494146	1034089	0.416693	348764	0.140537	0.843258	0.747794
case_27	624.0	1213623	0.48954	1014442	0.409196	351222	0.141673	0.835879	0.74282
case_27	193.0	1965473	0.812227	1939329	0.801423	62468	0.0258147	0.986698	0.968794
case_27	624.0	1218508	0.489231	1021553	0.410153	356527	0.143146	0.838364	0.741287
case_27	2.0	2632908	0.998257	2632761	0.998201	147	5.57345e-05	0.999944	0.999944
case_27	36.0	2475818	0.950876	2472395	0.949561	3423	0.00131466	0.998617	0.998617
case_27	36.0	2476548	0.95103	2470382	0.948662	3392	0.00130258	0.99751	0.998629
case_27	36.0	2476171	0.950944	2472758	0.949634	3413	0.00131072	0.998622	0.998622
case_27	194.0	1965837	0.809365	1938879	0.798266	67473	0.0277797	0.986287	0.96637
case_27	2.0	2563997	0.997553	2563935	0.997529	62	2.41218e-05	0.999976	0.999976
case_27	67.0	2192269	0.943617	2187944	0.941755	6756	0.00290798	0.998027	0.996922
case_27	624.0	1198639	0.471484	1013665	0.398724	339686	0.133615	0.84568	0.749004
case_27	624.0	1216288	0.488371	1018342	0.408891	356516	0.14315	0.837254	0.740689
case_27	624.0	1187672	0.483371	991056	0.40335	337801	0.137482	0.834453	0.745796
case_27	36.0	2476192	0.950961	2470019	0.94859	3402	0.00130651	0.997507	0.998625
case_28	476.0	1596560	0.578373	1340069	0.485456	289442	0.104854	0.839348	0.822375
case_28	80.0	2569951	0.896885	2550815	0.890207	19792	0.0069072	0.992554	0.992301
case_28	476.0	1596560	0.578373	1340069	0.485456	289442	0.104854	0.839348	0.822375
case_28	28.0	2404098	0.940659	2400839	0.939384	4612	0.00180455	0.998644	0.998083
case_28	44.0	2693235	0.930261	2681151	0.926087	12643	0.00436697	0.995513	0.995307
case_28	476.0	1590775	0.586599	1334475	0.492088	298353	0.110018	0.838884	0.817278
case_28	476.0	1590908	0.588939	1333998	0.493833	300363	0.111191	0.838514	0.81622
case_28	476.0	1531231	0.560953	1313126	0.481052	271357	0.0994093	0.857562	0.828741
case_28	28.0	2411773	0.939784	2409455	0.938881	2289	0.000891944	0.999039	0.999051
case_28	476.0	1597493	0.576658	1345305	0.485624	286105	0.103277	0.842135	0.824627
case_28	476.0	1500850	0.559886	1261745	0.470688	273008	0.101844	0.840687	0.822116
case_28	80.0	2560156	0.890412	2545011	0.885145	18634	0.00648083	0.994084	0.992731
case_28	476.0	1597493	0.576658	1345305	0.485624	286105	0.103277	0.842135	0.824627
case_28	0.0	2596327	1.0	2596327	1.0	0	0.0	1.0	1.0
case_28	476.0	1519922	0.558823	1301393	0.478477	272284	0.100109	0.856224	0.826976
case_28	34.0	2750091	0.953136	2745259	0.951461	7759	0.00268914	0.998243	0.997182
case_28	80.0	2499293	0.884333	2480141	0.877556	26134	0.00924707	0.992337	0.989573
case_28	476.0	1595526	0.575799	1340659	0.483822	286918	0.103544	0.840261	0.823715
case_28	44.0	2760809	0.940854	2753760	0.938451	11166	0.00380525	0.997447	0.995962
case_28	476.0	1597414	0.574442	1345619	0.483895	283713	0.102025	0.842373	0.825872
case_28	28.0	2404098	0.940659	2400839	0.939384	4612	0.00180455	0.998644	0.998083
case_28	476.0	1528998	0.57465	1305676	0.490718	283604	0.106588	0.853942	0.821552
case_28	476.0	1578632	0.580122	1300290	0.477836	291689	0.107191	0.823682	0.816776
case_28	476.0	1578632	0.580122	1300290	0.477836	291689	0.107191	0.823682	0.816776
case_28	476.0	1590908	0.588939	1333998	0.493833	300363	0.111191	0.838514	0.81622
case_28	12.0	2568644	0.985335	2567519	0.984903	3496	0.00134107	0.999562	0.99864
case_28	476.0	1577589	0.577501	1300881	0.476208	287765	0.105341	0.824601	0.818861
case_28	12.0	2568644	0.985335	2567519	0.984903	3496	0.00134107	0.999562	0.99864
case_29	142.0	2191012	0.860357	2141044	0.840736	52597	0.0206536	0.977194	0.976023
case_29	142.0	2195726	0.858166	2141475	0.836963	54462	0.0212856	0.975292	0.975199
case_29	347.0	1683720	0.663393	1524844	0.600795	236614	0.0932269	0.90564	0.865672
case_29	142.0	2116292	0.840625	2067213	0.82113	56087	0.0222786	0.976809	0.973585
case_29	116.0	2224508	0.86797	2206416	0.860911	45866	0.0178962	0.991867	0.979636
case_29	70.0	2339438	0.936255	2324217	0.930164	24704	0.00988667	0.993494	0.989483
case_29	142.0	2193705	0.858081	2141058	0.837487	56233	0.0219959	0.976001	0.974408
case_29	142.0	2193048	0.860698	2143693	0.841328	52654	0.0206649	0.977495	0.976027
case_29	8.0	2484835	0.990051	2483547	0.989538	1288	0.000513187	0.999482	0.999482
case_29	347.0	1681074	0.65947	1524193	0.597927	241566	0.0947641	0.906678	0.863194
case_29	2.0	2600365	0.998436	2600339	0.998426	26	9.98296e-06	0.99999	0.99999
case_29	347.0	1680542	0.659921	1518287	0.596206	241573	0.0948617	0.903451	0.862732
case_29	70.0	2334763	0.933432	2319075	0.92716	22511	0.00899983	0.993281	0.990386
case_29	347.0	1679744	0.657615	1516576	0.593735	244305	0.0956447	0.902861	0.86126
case_29	32.0	2425785	0.965193	2421994	0.963684	7117	0.00283178	0.998437	0.99707
case_29	347.0	1724792	0.66479	1569394	0.604894	236452	0.0911361	0.909903	0.869063
case_29	142.0	2191589	0.857708	2138327	0.836864	56258	0.0220173	0.975697	0.974365
case_29	32.0	2427525	0.966866	2422398	0.964824	6999	0.00278765	0.997888	0.997119
case_29	142.0	2190727	0.856516	2145898	0.838989	52594	0.0205629	0.979537	0.976077
case_29	347.0	1690511	0.662935	1526185	0.598495	241146	0.0945656	0.902795	0.863554
case_29	347.0	1726657	0.66516	1571840	0.60552	236485	0.0911012	0.910337	0.869224
case_29	70.0	2337228	0.934078	2320805	0.927514	20998	0.00839189	0.992973	0.991033
case_29	142.0	2118483	0.841191	2063946	0.819536	57895	0.0229885	0.974257	0.972715
case_29	142.0	2192843	0.856889	2148629	0.839611	52569	0.0205422	0.979837	0.976118
case_29	142.0	2126032	0.848229	2066555	0.824499	59727	0.0238295	0.972024	0.97191
case_29	142.0	2197839	0.858536	2144204	0.837585	54437	0.0212646	0.975596	0.975241
case_29	116.0	2226624	0.868336	2209143	0.861518	45844	0.0178782	0.992149	0.97967
case_29	142.0	2117880	0.842108	2062232	0.819982	59961	0.0238416	0.973725	0.971746
case_2	566.0	1474466	0.520843	1226452	0.433234	349277	0.123379	0.831794	0.778339
case_2	565.0	1309136	0.482568	1064904	0.39254	318684	0.117472	0.81344	0.769668
case_2	566.0	1491397	0.521466	1233431	0.431269	366312	0.128081	0.827031	0.771018
case_2	91.0	2043661	0.853447	2031509	0.848372	28656	0.0119669	0.994054	0.98609
case_2	189.0	1844553	0.746694	1795325	0.726766	90826	0.0367673	0.973312	0.951846
case_2	566.0	1340446	0.482423	1095096	0.394122	325159	0.117024	0.816964	0.771056
case_2	91.0	2038501	0.852402	2024899	0.846714	30155	0.0126093	0.993327	0.985326
case_2	383.0	1536648	0.622143	1398058	0.566032	191244	0.0774289	0.90981	0.879668
case_2	34.0	2461081	0.95096	2457839	0.949707	6284	0.00242813	0.998683	0.99745
case_2	565.0	1303322	0.481508	1067088	0.394232	308379	0.11393	0.818745	0.775801
case_2	566.0	1346674	0.483602	1090724	0.391688	337970	0.121368	0.809939	0.763441
case_2	566.0	1384515	0.485068	1117449	0.391501	326657	0.114445	0.807105	0.7738
case_2	384.0	1599329	0.629224	1464026	0.575992	198509	0.0780994	0.9154	0.880599
case_2	566.0	1468695	0.519925	1229112	0.435112	330781	0.117098	0.836874	0.787946
case_2	383.0	1527842	0.619359	1386742	0.56216	189558	0.0768433	0.907648	0.879745
case_2	384.0	1610454	0.62219	1484096	0.573372	202866	0.0783762	0.921539	0.879745
case_2	384.0	1639079	0.626213	1507875	0.576086	211168	0.0806771	0.919953	0.87716
case_2	8.0	2289705	0.987086	2288579	0.986601	1126	0.000485416	0.999508	0.999508
case_2	383.0	1498834	0.614848	1361458	0.558494	188810	0.0774532	0.908345	0.878208
case_2	565.0	1300821	0.481138	1066484	0.394463	302870	0.112023	0.819855	0.778823
case_2	566.0	1483613	0.519854	1235533	0.432928	346021	0.121245	0.832787	0.781215
case_2	565.0	1306839	0.482275	1065661	0.393271	312856	0.115456	0.815449	0.773049
case_2	189.0	1838928	0.745357	1788735	0.725013	90783	0.0367963	0.972705	0.951699
case_2	566.0	1391591	0.486507	1122826	0.392546	339861	0.118817	0.806865	0.767646
case_2	383.0	1507831	0.617749	1374266	0.563028	190084	0.0778763	0.911419	0.87849
case_2	190.0	1955701	0.769321	1904762	0.749283	94384	0.0371282	0.973954	0.952788
case_2	384.0	1576945	0.627599	1441717	0.57378	196215	0.0780904	0.914247	0.880206
case_2	56.0	2901789	0.93702	2891014	0.93354	16178	0.00522405	0.996287	0.994435
case_30	28.0	2375831	0.951706	2373570	0.9508	4246	0.00170085	0.999048	0.998214
case_30	651.0	1310161	0.484234	1061919	0.392484	366271	0.135373	0.810526	0.743542
case_30	244.0	1944147	0.721868	1907075	0.708103	129888	0.0482278	0.980931	0.936234
case_30	4.0	2871048	0.995907	2870954	0.995875	94	3.26067e-05	0.999967	0.999967
case_30	651.0	1267370	0.474437	1039496	0.389133	342458	0.128198	0.820199	0.752193
case_30	652.0	1122449	0.441432	912454	0.358846	292746	0.11513	0.812914	0.757098
case_30	651.0	1100902	0.437162	891091	0.353847	271139	0.107668	0.809419	0.766708
case_30	651.0	1317089	0.484809	1068722	0.393388	365496	0.134536	0.811427	0.74516
case_30	16.0	2499989	0.98444	2498644	0.98391	1345	0.000529631	0.999462	0.999462
case_30	20.0	2820255	0.980427	2819636	0.980211	619	0.000215188	0.999781	0.999781
case_30	244.0	1947192	0.722385	1910468	0.708761	129885	0.0481858	0.98114	0.936342
case_30	652.0	1325495	0.485513	1081755	0.396234	385262	0.141117	0.816114	0.737384
case_30	651.0	1312642	0.48358	1064262	0.392076	365054	0.134487	0.810779	0.744595
case_30	89.0	2301888	0.897787	2289796	0.893071	18274	0.00712726	0.994747	0.992083
case_30	20.0	2827723	0.982242	2827082	0.982019	641	0.000222659	0.999773	0.999773
case_30	651.0	1314608	0.485467	1066379	0.393799	366713	0.135422	0.811176	0.744111
case_30	651.0	1268093	0.475419	1042411	0.390809	344683	0.129225	0.82203	0.751507
case_30	651.0	1271814	0.475693	1043956	0.390468	342900	0.128254	0.82084	0.75275
case_30	651.0	1102703	0.436354	894334	0.3539	268774	0.106357	0.811038	0.768917
case_30	28.0	2381895	0.950787	2379769	0.949938	4192	0.00167333	0.999107	0.998242
case_30	244.0	1948543	0.724577	1911044	0.710632	135239	0.0502894	0.980755	0.93391
case_30	651.0	1062594	0.42778	865773	0.348544	252700	0.101732	0.814773	0.774067
case_30	652.0	1330531	0.48695	1086559	0.397661	385704	0.141161	0.816636	0.73802
case_30	652.0	1330053	0.487898	1087498	0.398922	387216	0.142041	0.817635	0.73743
case_30	89.0	2229729	0.884516	2220290	0.880772	16710	0.00662873	0.995767	0.99253
case_30	651.0	1314235	0.484881	1066948	0.393646	366143	0.135087	0.81184	0.744508
case_30	89.0	2294624	0.898033	2282169	0.893159	17551	0.00686883	0.994572	0.992368
case_30	651.0	1311115	0.485304	1064816	0.394137	367360	0.135977	0.812145	0.743495
case_3	313.0	1710863	0.667559	1551814	0.6055	165484	0.06457	0.907036	0.903637
case_3	314.0	1731963	0.668923	1561622	0.603133	177697	0.0686306	0.901649	0.897835
case_3	314.0	1707906	0.664463	1546229	0.601563	170272	0.0662446	0.905336	0.900803
case_3	30.0	2447589	0.957674	2444503	0.956467	2511	0.000982485	0.998739	0.998974
case_3	83.0	2220812	0.870735	2203853	0.864086	19509	0.00764908	0.992364	0.991225
case_3	26.0	2476983	0.962088	2474452	0.961105	2926	0.00113649	0.998978	0.998819
case_3	22.0	2536886	0.975369	2535786	0.974946	1100	0.000422922	0.999566	0.999566
case_3	313.0	1751363	0.673323	1584623	0.609219	181068	0.0696128	0.904794	0.897452
case_3	314.0	1743038	0.68861	1583307	0.625506	176207	0.0696129	0.908361	0.899855
case_3	314.0	1717543	0.665209	1550782	0.600622	180898	0.0700623	0.902907	0.895536
case_3	84.0	2193273	0.863966	2171259	0.855294	24434	0.00962495	0.989963	0.988872
case_3	313.0	1738916	0.670399	1573493	0.606624	182624	0.0704065	0.90487	0.896007
case_3	23.0	2504584	0.967372	2501933	0.966348	5157	0.00199184	0.998942	0.997943
case_3	32.0	2405106	0.960208	2401155	0.95863	4745	0.00189438	0.998357	0.998028
case_3	83.0	2192996	0.866413	2175579	0.859532	19205	0.00758755	0.992058	0.99125
case_3	314.0	1751600	0.690552	1594709	0.6287	170695	0.067295	0.91043	0.903311
case_3	314.0	1717923	0.683774	1567736	0.623996	170422	0.067832	0.912576	0.901953
case_3	313.0	1724007	0.667639	1567151	0.606895	173658	0.0672508	0.909017	0.900243
case_3	314.0	1776182	0.695084	1607716	0.629157	177149	0.0693248	0.905153	0.900749
case_3	23.0	2537685	0.972874	2534429	0.971625	4935	0.00189193	0.998717	0.998057
case_3	313.0	1736502	0.672622	1568319	0.607478	171944	0.0666013	0.903148	0.901197
case_3	30.0	2452088	0.956731	2444685	0.953843	3639	0.00141983	0.996981	0.998514
case_3	314.0	1731125	0.68586	1572813	0.623138	178367	0.0706678	0.90855	0.898145
case_3	84.0	2240490	0.874264	2215234	0.864409	26956	0.0105185	0.988727	0.987978
case_3	314.0	1760397	0.690859	1595394	0.626105	179030	0.0702595	0.906269	0.899105
case_3	83.0	2267584	0.880749	2248665	0.873401	22544	0.00875628	0.991657	0.990074
case_3	313.0	1723047	0.669282	1558648	0.605425	175706	0.0682494	0.904588	0.898691
case_3	83.0	2239887	0.876591	2219665	0.868677	21606	0.00845562	0.990972	0.99036
case_4	450.0	1613730	0.604238	1351855	0.506183	286389	0.107234	0.837721	0.825185
case_4	18.0	2494724	0.97634	2494067	0.976083	650	0.000254385	0.999737	0.999739
case_4	4.0	2772614	0.996219	2771743	0.995906	871	0.000312956	0.999686	0.999686
case_4	450.0	1562469	0.594403	1339159	0.50945	269058	0.102356	0.857079	0.832698
case_4	450.0	1611050	0.604656	1346672	0.50543	284627	0.106826	0.835897	0.825521
case_4	30.0	2421680	0.949019	2414344	0.946144	4253	0.00166668	0.996971	0.998242
case_4	450.0	1612166	0.60691	1355315	0.510217	286518	0.107862	0.84068	0.825489
case_4	450.0	1558538	0.589691	1333389	0.504503	268168	0.101464	0.855538	0.832558
case_4	450.0	1617515	0.608186	1361849	0.512056	288053	0.108308	0.841939	0.825412
case_4	450.0	1556328	0.590257	1327151	0.503339	266185	0.100954	0.852745	0.832939
case_4	34.0	2644729	0.960763	2641343	0.959533	7429	0.00269877	0.99872	0.997195
case_4	450.0	1588909	0.596227	1356024	0.508838	283058	0.106215	0.853431	0.827307
case_4	450.0	1615391	0.604902	1349902	0.505486	283422	0.106131	0.83565	0.826475
case_4	450.0	1616400	0.605931	1353202	0.507268	286164	0.107273	0.83717	0.825442
case_4	450.0	1583525	0.593567	1346666	0.504783	284719	0.106724	0.850423	0.825474
case_4	120.0	2360202	0.857568	2334604	0.848267	41639	0.0151293	0.989154	0.982477
case_4	30.0	2423249	0.947303	2419551	0.945857	5668	0.00221575	0.998474	0.997663
case_4	450.0	1593797	0.599875	1368032	0.514901	286350	0.107777	0.858348	0.826914
case_4	16.0	2485541	0.978235	2483888	0.977585	1159	0.000456148	0.999335	0.999534
case_4	450.0	1591694	0.595868	1362262	0.509977	285460	0.106865	0.855857	0.826755
case_4	120.0	2409211	0.86548	2381634	0.855573	43661	0.0156847	0.988554	0.981998
case_4	450.0	1619080	0.605511	1358389	0.508016	287924	0.107679	0.838988	0.82511
case_4	450.0	1610548	0.603817	1343786	0.503804	281887	0.105683	0.834366	0.826603
case_4	120.0	2364513	0.85813	2339604	0.84909	41594	0.0150953	0.989465	0.982532
case_4	450.0	1553268	0.588455	1318482	0.499507	266794	0.101075	0.848844	0.831705
case_4	120.0	2404900	0.864932	2376634	0.854766	43706	0.015719	0.988246	0.981942
case_4	30.0	2412894	0.948571	2407952	0.946628	5219	0.00205172	0.997952	0.997837
case_4	18.0	2491338	0.9781	2490283	0.977685	1052	0.000413015	0.999577	0.999578
case_5	467.0	1697934	0.622651	1400652	0.513634	305459	0.112015	0.824915	0.820962
case_5	467.0	1307678	0.549701	1075121	0.451943	249662	0.104949	0.82216	0.811545
case_5	467.0	1676938	0.61694	1407321	0.517749	301356	0.110868	0.839221	0.823632
case_5	6.0	2804838	0.991505	2804563	0.991408	275	9.7212e-05	0.999902	0.999902
case_5	6.0	2597756	0.983035	2597384	0.982895	372	0.000140771	0.999857	0.999857
case_5	467.0	1300860	0.547238	1060409	0.446086	212139	0.0892413	0.81516	0.833296
case_5	467.0	1720609	0.630737	1416286	0.519179	286537	0.105038	0.823131	0.831728
case_5	467.0	1302808	0.55302	1067793	0.45326	247011	0.104852	0.819609	0.812131
case_5	436.0	1375809	0.560187	1238136	0.504131	203921	0.0830303	0.899933	0.85859
case_5	467.0	1705977	0.62035	1410197	0.512794	304451	0.110708	0.826621	0.822441
case_5	467.0	1326182	0.561392	1083694	0.458743	231135	0.0978428	0.817153	0.824209
case_5	436.0	1379084	0.561121	1240628	0.504786	224547	0.0913635	0.899603	0.846744
case_5	148.0	2199433	0.838604	2163053	0.824733	49979	0.0190561	0.983459	0.977416
case_5	467.0	1326972	0.562143	1070384	0.453445	206521	0.0874881	0.806636	0.838264
case_5	148.0	2186066	0.828272	2145680	0.81297	53722	0.0203546	0.981526	0.975574
case_5	467.0	1730038	0.632914	1423713	0.520849	286365	0.104763	0.822937	0.832543
case_5	467.0	1295975	0.550528	1053239	0.447414	207519	0.0881538	0.8127	0.835401
case_5	467.0	1691171	0.621427	1394160	0.512289	306225	0.112524	0.824376	0.819908
case_5	436.0	1382463	0.561635	1241096	0.504204	203992	0.0828732	0.897743	0.858838
case_5	170.0	1598836	0.764862	1565631	0.748978	72066	0.0344754	0.979232	0.955996
case_5	467.0	1698425	0.618844	1403455	0.511368	305216	0.11121	0.826327	0.821372
case_5	436.0	1388986	0.563885	1248701	0.506934	226893	0.0921115	0.899002	0.846236
case_5	100.0	2318258	0.875114	2299184	0.867914	40040	0.0151146	0.991772	0.982883
case_5	467.0	1284071	0.546232	1047216	0.445476	209936	0.0893048	0.815544	0.833007
case_5	100.0	2318048	0.882727	2299747	0.875757	40401	0.0153849	0.992105	0.982736
case_5	148.0	2183924	0.834761	2143309	0.819236	52749	0.0201622	0.981403	0.97598
case_5	467.0	1278944	0.543647	1048445	0.445667	242373	0.103027	0.819774	0.812233
case_5	467.0	1685531	0.618846	1413907	0.519119	300800	0.110439	0.83885	0.824576
case_6	115.0	2003833	0.796021	1961925	0.779373	43860	0.0174234	0.979086	0.978133
case_6	26.0	2494507	0.966249	2489862	0.96445	4463	0.00172875	0.998138	0.998211
case_6	26.0	2494007	0.965041	2487557	0.962545	5768	0.00223189	0.997414	0.997687
case_6	115.0	2001814	0.798125	1959936	0.781428	43830	0.0174751	0.97908	0.978126
case_6	114.0	2094239	0.814492	2040996	0.793785	68509	0.0266445	0.974576	0.967524
case_6	114.0	2099495	0.814823	2038095	0.790993	69091	0.0268145	0.970755	0.967212
case_6	26.0	2485165	0.965173	2480503	0.963363	4393	0.00170613	0.998124	0.998232
case_6	95.0	2223050	0.879465	2198086	0.869589	38843	0.0153668	0.98877	0.982636
case_6	114.0	2096333	0.814454	2041268	0.79306	67680	0.0262946	0.973733	0.967908
case_6	95.0	2219601	0.877159	2184618	0.863334	37455	0.0148017	0.984239	0.983144
case_6	95.0	2215153	0.880471	2182801	0.867612	38032	0.0151168	0.985395	0.982875
case_6	95.0	2219737	0.880524	2194210	0.870398	38542	0.0152888	0.9885	0.982738
case_6	6.0	2566332	0.991734	2565895	0.991565	437	0.000168874	0.99983	0.99983
case_6	26.0	2492658	0.966055	2487692	0.96413	6350	0.00246101	0.998008	0.997454
case_6	26.0	2499491	0.966918	2491878	0.963973	6502	0.00251527	0.996954	0.997398
case_6	26.0	2503365	0.967653	2498415	0.96574	6420	0.00248159	0.998023	0.997437
case_6	6.0	2556634	0.991893	2555844	0.991586	790	0.000306495	0.999691	0.999691
case_6	4.0	2447364	0.994071	2447283	0.994038	81	3.29006e-05	0.999967	0.999967
case_6	114.0	2092139	0.812611	2033543	0.789852	67864	0.0263592	0.971992	0.967705
case_6	95.0	2222396	0.880144	2190361	0.867457	38104	0.0150905	0.985585	0.982901
case_6	114.0	2090020	0.814152	2037087	0.793533	63757	0.0248361	0.974673	0.969652
case_6	95.0	2212358	0.877474	2177058	0.863474	37383	0.014827	0.984044	0.983119
case_6	95.0	2221737	0.878711	2184411	0.863948	38220	0.0151163	0.9832	0.982804
case_6	95.0	2214494	0.879033	2176851	0.864091	38148	0.0151427	0.983002	0.982777
case_6	95.0	2215807	0.87979	2190526	0.869752	38771	0.0153941	0.988591	0.982608
case_6	26.0	2490248	0.964347	2481701	0.961037	6524	0.00252642	0.996568	0.997378
case_6	95.0	2212494	0.880853	2186650	0.870564	38470	0.0153159	0.988319	0.982711
case_6	26.0	2488784	0.965316	2481155	0.962357	6432	0.00249476	0.996935	0.997414
case_7	294.0	1754067	0.70558	1580132	0.635614	151318	0.0608682	0.900839	0.912606
case_7	294.0	1750138	0.706438	1575446	0.635924	145299	0.0586495	0.900184	0.91556
case_7	98.0	2214512	0.897564	2188906	0.887186	30089	0.0121954	0.988437	0.98644
case_7	20.0	2441548	0.981559	2439634	0.980789	1914	0.000769472	0.999216	0.999216
case_7	294.0	1839740	0.721438	1669770	0.654785	161836	0.0634625	0.907612	0.911643
case_7	98.0	2225861	0.88882	2194937	0.876472	29552	0.0118006	0.986107	0.986715
case_7	30.0	2400171	0.968264	2397605	0.967229	2912	0.00117474	0.998931	0.998787
case_7	208.0	2000663	0.786315	1955241	0.768463	113955	0.0447874	0.977297	0.944928
case_7	30.0	2413310	0.968523	2410039	0.96721	5946	0.00238628	0.998645	0.997539
case_7	294.0	1799151	0.708743	1639418	0.645819	155891	0.0614104	0.911218	0.913168
case_7	294.0	1755314	0.699899	1596861	0.636719	156010	0.0622061	0.90973	0.910997
case_7	294.0	1661587	0.682303	1514481	0.621896	127679	0.0524293	0.911467	0.922249
case_7	34.0	2410948	0.955036	2406371	0.953222	5561	0.00220285	0.998102	0.997694
case_7	98.0	2177312	0.880174	2146624	0.867768	27487	0.0111116	0.985906	0.987357
case_7	294.0	1830994	0.719227	1658186	0.651347	159382	0.0626064	0.905621	0.91231
case_7	294.0	1758677	0.700632	1575600	0.627697	147290	0.0586782	0.895901	0.91451
case_7	98.0	2166643	0.8876	2138024	0.875876	28174	0.0115419	0.986791	0.986994
case_7	98.0	2216889	0.896956	2190748	0.886379	31389	0.0127	0.988208	0.985874
case_7	98.0	2172926	0.887056	2147583	0.87671	32655	0.0133308	0.988337	0.985022
case_7	34.0	2397607	0.95463	2392248	0.952496	4353	0.00173319	0.997765	0.998184
case_7	294.0	1845807	0.72139	1676153	0.655085	168342	0.0657925	0.908087	0.908733
case_7	294.0	1849716	0.716162	1668267	0.645909	163408	0.0632673	0.901904	0.910788
case_7	294.0	1698921	0.688988	1543271	0.625865	141408	0.0573472	0.908383	0.916062
case_7	70.0	2226732	0.916569	2211045	0.910112	23483	0.00966609	0.992955	0.989491
case_7	98.0	2224885	0.897077	2200099	0.887083	36450	0.0146967	0.98886	0.983703
case_7	98.0	2162808	0.887601	2135636	0.87645	26467	0.0108619	0.987437	0.987759
case_7	34.0	2397753	0.953048	2392445	0.950938	4201	0.00166979	0.997786	0.998247
case_7	294.0	1738929	0.70314	1560245	0.630889	144254	0.0583295	0.897245	0.915369
case_8	345.0	1752426	0.672089	1526872	0.585584	207338	0.0795181	0.87129	0.880442
case_8	345.0	1712272	0.66274	1514701	0.586269	213914	0.082796	0.884615	0.876251
case_8	22.0	2535986	0.964744	2533050	0.963627	3975	0.00151218	0.998842	0.998433
case_8	60.0	2424344	0.943032	2417034	0.940189	16543	0.00643497	0.996985	0.993202
case_8	345.0	1752426	0.672089	1526872	0.585584	207338	0.0795181	0.87129	0.880442
case_8	345.0	1611551	0.647432	1443331	0.57985	170134	0.0683504	0.895616	0.894554
case_8	2.0	2408134	0.99789	2408005	0.997836	129	5.34554e-05	0.999946	0.999946
case_8	345.0	1611551	0.647432	1443331	0.57985	170134	0.0683504	0.895616	0.894554
case_8	345.0	1611957	0.646106	1459305	0.58492	165755	0.0664381	0.9053	0.898001
case_8	174.0	1968065	0.783125	1935410	0.770131	83741	0.0333219	0.983408	0.958527
case_8	345.0	1578575	0.640307	1437409	0.583047	172871	0.0701206	0.910574	0.892645
case_8	345.0	1609404	0.645787	1454325	0.58356	166873	0.0669592	0.903642	0.897068
case_8	345.0	1614007	0.647711	1448214	0.581177	168932	0.0677935	0.897279	0.895537
case_8	60.0	2424344	0.943032	2417034	0.940189	16543	0.00643497	0.996985	0.993202
case_8	345.0	1584037	0.641815	1442417	0.584434	171556	0.0695106	0.910596	0.893706
case_8	345.0	1750587	0.670607	1536132	0.588455	204286	0.078257	0.877495	0.882622
case_8	345.0	1689931	0.65879	1495965	0.583176	216909	0.0845582	0.885223	0.873365
case_8	94.0	2228194	0.875871	2210750	0.869014	46588	0.0183131	0.992171	0.979362
case_8	174.0	1999183	0.790567	1970065	0.779052	85275	0.0337216	0.985435	0.958511
case_8	174.0	2004559	0.791841	1975237	0.780259	84623	0.0334278	0.985372	0.958918
case_8	345.0	1736730	0.670028	1524275	0.588063	205528	0.0792924	0.87767	0.881184
case_8	345.0	1738058	0.671322	1516488	0.585741	209377	0.0808715	0.872519	0.878683
case_8	345.0	1738058	0.671322	1516488	0.585741	209377	0.0808715	0.872519	0.878683
case_8	0.0	2567780	1.0	2567780	1.0	0	0.0	1.0	1.0
case_8	345.0	1614007	0.647711	1448214	0.581177	168932	0.0677935	0.897279	0.895537
case_8	94.0	2232506	0.876527	2206086	0.866154	40104	0.0157456	0.988166	0.982146
case_8	94.0	2228194	0.875871	2210750	0.869014	46588	0.0183131	0.992171	0.979362
case_8	174.0	1967445	0.783726	1935038	0.770817	84349	0.0336002	0.983528	0.95823
case_9	531.0	1566283	0.510495	1353208	0.441048	401728	0.130934	0.863961	0.771087
case_9	45.0	2823192	0.942178	2810799	0.938042	11825	0.00394633	0.99561	0.995811
case_9	531.0	1539785	0.513825	1334603	0.445356	378567	0.126328	0.866746	0.779025
case_9	39.0	2842502	0.946689	2834943	0.944171	12075	0.00402155	0.997341	0.995759
case_9	530.0	1559664	0.516423	1354764	0.448578	385666	0.127699	0.868626	0.778408
case_9	45.0	2778706	0.935269	2769522	0.932178	10968	0.00369166	0.996695	0.996055
case_9	44.0	2835303	0.943659	2818299	0.937999	11353	0.00377856	0.994003	0.995988
case_9	46.0	2814444	0.94048	2804510	0.937161	14245	0.00476014	0.99647	0.994946
case_9	44.0	2794401	0.933196	2784306	0.929825	12394	0.004139	0.996387	0.995568
case_9	43.0	2849488	0.926956	2837957	0.923205	14102	0.00458747	0.995953	0.995056
case_9	47.0	2831899	0.943748	2814793	0.938048	11327	0.00377479	0.99396	0.995992
case_9	530.0	1554897	0.52028	1349459	0.451539	403820	0.135121	0.867877	0.769677
case_9	47.0	2863849	0.946375	2845863	0.940432	13038	0.00430848	0.99372	0.99544
case_9	47.0	2864408	0.93238	2846821	0.926655	13762	0.0044796	0.99386	0.995189
case_9	18.0	2967825	0.96482	2965512	0.964069	4578	0.00148828	0.999221	0.998459
case_9	45.0	2823513	0.928031	2814568	0.925091	12982	0.00426692	0.996832	0.995409
case_9	43.0	2849488	0.926956	2837957	0.923205	14102	0.00458747	0.995953	0.995056
case_9	46.0	2842185	0.939841	2826731	0.934731	14594	0.00482588	0.994563	0.994864
case_9	46.0	2842185	0.939841	2826731	0.934731	14594	0.00482588	0.994563	0.994864
case_9	530.0	1559664	0.516423	1354764	0.448578	385666	0.127699	0.868626	0.778408
case_9	43.0	2854759	0.942786	2838891	0.937545	12697	0.00419319	0.994442	0.995547
case_9	44.0	2794401	0.933196	2784306	0.929825	12394	0.004139	0.996387	0.995568
case_9	531.0	1572692	0.52039	1346347	0.445495	407890	0.134967	0.856078	0.767483
case_9	44.0	2832364	0.928459	2818538	0.923927	12661	0.00415032	0.995119	0.995528
case_9	0.0	3025991	1.0	3025991	1.0	0	0.0	1.0	1.0
case_9	43.0	2854759	0.942786	2838891	0.937545	12697	0.00419319	0.994442	0.995547
case_9	39.0	2842502	0.946689	2834943	0.944171	12075	0.00402155	0.997341	0.995759
case_9	530.0	1562341	0.517632	1348344	0.446731	398303	0.131965	0.863028	0.771961
