case_10	329.0	1531500	0.611447	1359122	0.542626	200213	0.0799345	0.887445	0.871604
case_10	113.0	2441451	0.86372	2413625	0.853876	33549	0.0118687	0.988603	0.986291
case_10	4.0	2804661	0.993119	2804438	0.99304	223	7.89634e-05	0.99992	0.99992
case_10	113.0	2443530	0.865153	2420566	0.857023	28986	0.0102627	0.990602	0.988167
case_10	113.0	2466338	0.86934	2442762	0.86103	29135	0.0102696	0.990441	0.988214
case_10	20.0	2757266	0.978272	2755504	0.977647	3309	0.00117403	0.999361	0.998801
case_10	329.0	1521514	0.608819	1353301	0.54151	200103	0.0800692	0.889444	0.871184
case_10	331.0	1560297	0.617109	1387100	0.548608	195761	0.0774249	0.888997	0.876325
case_10	329.0	1514288	0.607641	1343617	0.539155	199637	0.0801086	0.887293	0.870639
case_10	330.0	1503514	0.601347	1330563	0.532173	206547	0.0826108	0.884969	0.865626
case_10	329.0	1528710	0.612707	1349572	0.540908	201645	0.0808193	0.882818	0.870009
case_10	329.0	1539172	0.615522	1355398	0.54203	201752	0.0806815	0.880602	0.870435
case_10	20.0	2780865	0.982242	2779055	0.981602	3169	0.00111934	0.999349	0.998861
case_10	331.0	1548665	0.613665	1373304	0.544178	200838	0.0795829	0.886766	0.872414
case_10	28.0	2745434	0.969243	2742008	0.968034	5456	0.00192618	0.998752	0.998014
case_10	329.0	1521957	0.611728	1339885	0.538547	201180	0.0808613	0.88037	0.869454
case_10	75.0	2016071	0.919753	2002647	0.913628	14512	0.00662053	0.993342	0.992806
case_10	330.0	1573625	0.622453	1399197	0.553457	194371	0.0768842	0.889155	0.878028
case_10	330.0	1519309	0.606508	1349338	0.538656	200522	0.0800484	0.888126	0.870619
case_10	26.0	2094657	0.965911	2092565	0.964946	4853	0.00223787	0.999001	0.997686
case_10	330.0	1518480	0.608334	1330760	0.53313	205617	0.0823744	0.876376	0.866168
case_10	113.0	2457156	0.867813	2435131	0.860034	30106	0.0106328	0.991036	0.987788
case_10	113.0	2446773	0.863895	2418354	0.853861	32517	0.0114809	0.988385	0.986732
case_10	330.0	1555950	0.618553	1383212	0.549883	193927	0.0770938	0.888982	0.877039
case_10	330.0	1564832	0.620346	1394707	0.552904	194288	0.0770216	0.891282	0.877729
case_10	330.0	1528466	0.611168	1344602	0.537649	200223	0.0800606	0.879707	0.870391
case_10	75.0	2010125	0.915321	2003168	0.912154	14534	0.00661814	0.996539	0.992797
case_10	113.0	2424892	0.860006	2397048	0.850131	32333	0.0114671	0.988517	0.986691
case_11	191.0	2098939	0.76029	2035328	0.737248	93570	0.0338935	0.969694	0.956048
case_11	1310.0	833072	0.305895	440537	0.161761	388172	0.142533	0.52881	0.531594
case_11	1311.0	855178	0.323212	467978	0.176871	389924	0.147371	0.547229	0.545491
case_11	318.0	1875886	0.723557	1816508	0.700654	131394	0.0506806	0.968347	0.932546
case_11	1311.0	810122	0.308677	431409	0.164378	380003	0.144791	0.532523	0.531677
case_11	1310.0	877902	0.31934	474571	0.172627	383310	0.13943	0.540574	0.55319
case_11	58.0	2686861	0.940809	2676920	0.937329	15450	0.00540985	0.9963	0.994262
case_11	1310.0	877902	0.31934	474571	0.172627	383310	0.13943	0.540574	0.55319
case_11	1310.0	839108	0.309928	439962	0.162502	383281	0.141567	0.524321	0.534425
case_11	1310.0	875193	0.321673	467724	0.17191	385050	0.141523	0.534424	0.548474
case_11	191.0	2107594	0.757848	2053671	0.738459	90418	0.0325125	0.974415	0.957829
case_11	1310.0	826600	0.306713	432957	0.160651	387608	0.143824	0.523781	0.527633
case_11	58.0	2657319	0.937132	2647659	0.933725	18462	0.00651082	0.996365	0.993075
case_11	1310.0	828479	0.306495	438516	0.162229	386552	0.143005	0.529302	0.531491
case_11	24.0	2509485	0.977647	2508166	0.977133	4592	0.00178895	0.999474	0.998173
case_11	0.0	2613967	1.0	2613967	1.0	0	0.0	1.0	1.0
case_11	36.0	2746340	0.958933	2744048	0.958133	7823	0.00273154	0.999165	0.997157
case_11	1310.0	875836	0.32096	472666	0.173214	377147	0.13821	0.539674	0.5562
case_11	1310.0	875193	0.321673	467724	0.17191	385050	0.141523	0.534424	0.548474
case_11	1310.0	836698	0.30996	433100	0.160444	384406	0.142406	0.51763	0.529782
case_11	1311.0	855178	0.323212	467978	0.176871	389924	0.147371	0.547229	0.545491
case_11	318.0	1868599	0.721958	1807893	0.698503	133535	0.051593	0.967513	0.931218
case_11	1310.0	843386	0.309188	441562	0.161878	385323	0.141261	0.523559	0.534007
case_11	1311.0	800316	0.305447	430501	0.164304	378721	0.144542	0.537914	0.531994
case_11	1310.0	875836	0.32096	472666	0.173214	377147	0.13821	0.539674	0.5562
case_11	318.0	1875886	0.723557	1816508	0.700654	131394	0.0506806	0.968347	0.932546
case_11	318.0	1868599	0.721958	1807893	0.698503	133535	0.051593	0.967513	0.931218
case_11	191.0	2101478	0.763436	2035611	0.739507	90242	0.0327836	0.968657	0.95755
case_12	114.0	2475398	0.861532	2436568	0.848018	45904	0.0159763	0.984314	0.981509
case_12	477.0	1099893	0.477472	899577	0.390513	203816	0.088478	0.817877	0.815282
case_12	113.0	2469348	0.857209	2432059	0.844264	43751	0.0151877	0.984899	0.982329
case_12	477.0	1101556	0.478197	931081	0.404192	193944	0.0841932	0.845242	0.827609
case_12	113.0	2511590	0.864358	2469297	0.849803	44470	0.0153043	0.983161	0.982309
case_12	113.0	2488116	0.869461	2445305	0.854501	42313	0.0147861	0.982794	0.982991
case_12	113.0	2495812	0.86281	2453120	0.848051	42632	0.014738	0.982895	0.982918
case_12	12.0	2812417	0.984843	2810707	0.984244	3052	0.00106874	0.999392	0.998915
case_12	477.0	1110799	0.475811	935618	0.400772	194268	0.0832147	0.842293	0.828064
case_12	476.0	1112697	0.48547	930675	0.406053	189805	0.0828119	0.836414	0.830604
case_12	476.0	1100769	0.48184	918599	0.402098	186071	0.0814489	0.834507	0.83156
case_12	4.0	2873257	0.986796	2873138	0.986755	119	4.08695e-05	0.999959	0.999959
case_12	476.0	1104678	0.4808	917453	0.399312	185198	0.0806055	0.830516	0.832043
case_12	477.0	1115465	0.476282	933488	0.398581	200814	0.0857436	0.83686	0.822962
case_12	11.0	2855507	0.978203	2853554	0.977534	596	0.00020417	0.999316	0.999791
case_12	11.0	2849407	0.986583	2848692	0.986336	715	0.000247563	0.999749	0.999749
case_12	477.0	1086606	0.473242	886061	0.3859	199416	0.0868503	0.815439	0.816287
case_12	476.0	1107631	0.47774	930000	0.401125	202882	0.0875064	0.83963	0.820915
case_12	75.0	2578933	0.899436	2559082	0.892513	28470	0.00992928	0.992303	0.988997
case_12	476.0	1115520	0.483941	930049	0.403479	189259	0.0821054	0.833736	0.830914
case_12	112.0	2484046	0.86579	2442444	0.85129	42038	0.0146519	0.983252	0.98308
case_12	114.0	2483096	0.854992	2443353	0.841308	46224	0.0159161	0.983995	0.981433
case_12	476.0	1103828	0.477642	932163	0.40336	196371	0.0849726	0.844482	0.825995
case_12	50.0	1622125	0.935544	1617056	0.93262	11023	0.0063574	0.996875	0.993229
case_12	112.0	2502540	0.86828	2461337	0.853984	43876	0.0152232	0.983536	0.982486
case_12	113.0	2503894	0.870996	2461482	0.856242	44151	0.0153582	0.983062	0.982379
case_12	75.0	2563928	0.898299	2542543	0.890806	27974	0.00980098	0.991659	0.989117
case_12	477.0	1106823	0.478927	930129	0.40247	200673	0.086832	0.840359	0.822539
case_13	198.0	2116248	0.789265	2041779	0.761492	113777	0.0424337	0.964811	0.947217
case_13	113.0	2215769	0.849615	2180779	0.836199	59045	0.0226402	0.984209	0.973639
case_13	198.0	2051119	0.790752	1970756	0.75977	123420	0.0475812	0.96082	0.941065
case_13	197.0	2022854	0.792634	1926761	0.754981	120555	0.0472382	0.952496	0.941116
case_13	114.0	2265455	0.856047	2237618	0.845528	53506	0.0202183	0.987712	0.976646
case_13	65.0	2328020	0.917982	2314214	0.912538	12471	0.00491755	0.99407	0.99464
case_13	114.0	2268502	0.862342	2233428	0.849009	56471	0.0214667	0.984539	0.975339
case_13	65.0	2330268	0.920091	2316759	0.914757	12506	0.00493791	0.994203	0.994631
case_13	113.0	2233348	0.852405	2195355	0.837904	56474	0.0215545	0.982988	0.974921
case_13	65.0	2313689	0.917692	2300735	0.912554	14086	0.00558701	0.994401	0.993915
case_13	198.0	2109574	0.791338	2035153	0.763421	114934	0.0431137	0.964722	0.946544
case_13	26.0	2400712	0.966953	2397860	0.965805	5512	0.00222011	0.998812	0.997707
case_13	65.0	2329871	0.925704	2311437	0.91838	20281	0.00805805	0.992088	0.991302
case_13	113.0	2228194	0.849345	2192994	0.835928	57450	0.0218989	0.984202	0.974472
case_13	16.0	2453095	0.983519	2451658	0.982942	1777	0.000712452	0.999414	0.999276
case_13	36.0	2450542	0.957737	2447527	0.956558	7553	0.00295191	0.99877	0.996924
case_13	8.0	2705472	0.989631	2703403	0.988874	2069	0.000756817	0.999235	0.999235
case_13	114.0	2282489	0.862591	2246975	0.849169	55248	0.0208791	0.984441	0.976002
case_13	65.0	2313491	0.923395	2298307	0.917334	20244	0.00808009	0.993437	0.991269
case_13	26.0	2406115	0.970447	2403002	0.969192	5374	0.00216747	0.998706	0.997769
case_13	198.0	2050891	0.795505	1968398	0.763508	129124	0.050085	0.959777	0.93844
case_13	65.0	2325525	0.922742	2309523	0.916392	19656	0.00779927	0.993119	0.991561
case_13	113.0	2220921	0.852693	2183136	0.838186	58071	0.0222956	0.982987	0.974089
case_13	197.0	2018854	0.790023	1924955	0.753278	121450	0.0475261	0.953489	0.940652
case_13	114.0	2279443	0.856331	2251166	0.845708	52283	0.0196415	0.987595	0.977302
case_13	113.0	2219792	0.850948	2183527	0.837046	59863	0.0229482	0.983663	0.973316
case_13	113.0	2208917	0.851827	2169968	0.836807	61445	0.0236951	0.982367	0.972464
case_13	197.0	2004169	0.78885	1909431	0.75156	120953	0.0476076	0.95273	0.940429
case_14	203.0	2186432	0.788345	2125892	0.766517	87942	0.0317086	0.972311	0.960276
case_14	84.0	2529217	0.884342	2501273	0.874571	28093	0.00982273	0.988952	0.988893
case_14	34.0	2618185	0.943012	2614309	0.941616	6056	0.00218124	0.99852	0.997689
case_14	8.0	2788317	0.990266	2787580	0.990005	736	0.000261389	0.999736	0.999736
case_14	845.0	1039386	0.396615	753076	0.287363	334800	0.127755	0.724539	0.692244
case_14	846.0	1121904	0.420099	835124	0.312714	364021	0.136308	0.744381	0.696433
case_14	203.0	2186745	0.799676	2124811	0.777028	88135	0.0322303	0.971678	0.960173
case_14	84.0	2470973	0.87801	2447454	0.869653	24705	0.00877842	0.990482	0.990007
case_14	84.0	2473828	0.878704	2452291	0.871054	24786	0.00880399	0.991294	0.989994
case_14	845.0	1087392	0.401042	789468	0.291165	357153	0.131722	0.72602	0.688517
case_14	203.0	2114370	0.786354	2057274	0.76512	81603	0.0303489	0.972996	0.961848
case_14	78.0	2156520	0.85652	2149046	0.853552	19082	0.00757893	0.996534	0.991199
case_14	845.0	1127163	0.409616	820202	0.298065	378965	0.137717	0.727669	0.683976
case_14	4.0	2720676	0.99633	2719852	0.996029	824	0.000301755	0.999697	0.999697
case_14	845.0	998268	0.393635	718486	0.283312	324205	0.12784	0.719733	0.689069
case_14	846.0	1029301	0.412515	765323	0.30672	327385	0.131207	0.743537	0.700391
case_14	845.0	1039169	0.402508	751504	0.291085	339389	0.131458	0.723178	0.688889
case_14	34.0	2613337	0.943089	2609750	0.941795	6496	0.00234425	0.998627	0.997517
case_14	845.0	1129289	0.40389	822701	0.294239	376014	0.134481	0.728512	0.686319
case_14	34.0	2614614	0.942074	2609940	0.94039	6854	0.00246957	0.998212	0.997381
case_14	845.0	1129756	0.409759	824244	0.298951	375959	0.136359	0.729577	0.686754
case_14	845.0	1037618	0.402744	749581	0.290945	342701	0.133017	0.722406	0.686252
case_14	845.0	1000199	0.394237	716760	0.282517	320511	0.126332	0.716617	0.691006
case_14	84.0	2525342	0.884647	2498532	0.875256	29424	0.0103075	0.989384	0.988361
case_14	203.0	2182481	0.799687	2121710	0.77742	91993	0.0337073	0.972155	0.958444
case_14	845.0	1089101	0.401521	787743	0.290419	354817	0.130811	0.723297	0.689454
case_14	203.0	2116968	0.78702	2062721	0.766853	81067	0.0301381	0.974375	0.962185
case_14	34.0	2609767	0.942149	2605382	0.940566	7294	0.0026332	0.99832	0.997208
case_15	78.0	2229395	0.924012	2221383	0.920691	12295	0.00509588	0.996406	0.994496
case_15	126.0	2087124	0.860558	2066196	0.851929	38798	0.0159971	0.989973	0.981569
case_15	924.0	752878	0.338028	564453	0.253429	346164	0.155421	0.749727	0.619858
case_15	34.0	2409810	0.961366	2406412	0.96001	4739	0.00189057	0.99859	0.998035
case_15	272.0	1773775	0.72112	1695497	0.689296	100191	0.0407322	0.955869	0.944205
case_15	272.0	1777594	0.722523	1698503	0.690376	100725	0.0409408	0.955507	0.944018
case_15	272.0	1816351	0.742071	1737038	0.709667	96153	0.0392833	0.956334	0.947549
case_15	126.0	2064916	0.85717	2039833	0.846758	37754	0.0156721	0.987853	0.981828
case_15	272.0	1845813	0.746623	1768494	0.715348	99080	0.0400774	0.958111	0.946947
case_15	272.0	1834862	0.744822	1754411	0.712165	95714	0.038853	0.956154	0.948266
case_15	924.0	758693	0.339309	564900	0.25264	347925	0.155602	0.74457	0.618848
case_15	34.0	2411852	0.961985	2408530	0.96066	4663	0.00185987	0.998623	0.998068
case_15	924.0	734040	0.335317	547034	0.249891	342485	0.156451	0.745237	0.614977
case_15	272.0	1826767	0.743829	1752429	0.71356	96794	0.0394129	0.959306	0.947657
case_15	272.0	1815213	0.740725	1727783	0.705048	96101	0.0392155	0.951835	0.94731
case_15	78.0	2240133	0.927344	2226811	0.921829	13969	0.00578272	0.994053	0.993766
case_15	272.0	1836429	0.745304	1757168	0.713137	96358	0.0391063	0.95684	0.948014
case_15	272.0	1813171	0.740045	1725510	0.704267	95313	0.038902	0.951653	0.947654
case_15	272.0	1786213	0.72361	1715412	0.694928	105702	0.0428208	0.960363	0.941958
case_15	272.0	1813670	0.741129	1734281	0.708688	95509	0.0390283	0.956227	0.947803
case_15	2.0	2492494	0.997622	2491738	0.997319	756	0.000302589	0.999697	0.999697
case_15	924.0	753983	0.338447	565085	0.253654	347651	0.156053	0.749466	0.619111
case_15	272.0	1827882	0.743402	1744362	0.709435	97999	0.0398563	0.954308	0.946808
case_15	924.0	733189	0.336415	539879	0.247717	337206	0.154723	0.736344	0.615538
case_15	924.0	747446	0.340859	549199	0.250452	347076	0.158278	0.734767	0.612757
case_15	126.0	2075978	0.860722	2048176	0.849195	38612	0.0160089	0.986608	0.981497
case_15	924.0	737763	0.338966	545449	0.250607	336844	0.154763	0.739328	0.618218
case_15	22.0	2315930	0.965243	2312754	0.963919	6572	0.00273911	0.998629	0.997166
case_16	162.0	2047501	0.80117	1969294	0.770568	70241	0.0274847	0.961804	0.96556
case_16	51.0	2420922	0.942011	2405530	0.936022	19107	0.00743477	0.993642	0.99212
case_16	143.0	2156666	0.830015	2076175	0.799037	60718	0.0233679	0.962678	0.971586
case_16	35.0	2442542	0.945489	2432883	0.941751	16205	0.00627283	0.996046	0.993383
case_16	162.0	2047501	0.80117	1969294	0.770568	70241	0.0274847	0.961804	0.96556
case_16	163.0	2035601	0.7969	1956411	0.765899	66771	0.0261396	0.961097	0.966997
case_16	162.0	2042319	0.794434	1951583	0.759139	86585	0.0336804	0.955572	0.957518
case_16	163.0	2036966	0.796217	1957816	0.765279	67514	0.0263901	0.961143	0.966665
case_16	142.0	2166333	0.828511	2077824	0.79466	76098	0.0291036	0.959143	0.96467
case_16	162.0	2042319	0.794434	1951583	0.759139	86585	0.0336804	0.955572	0.957518
case_16	51.0	2420920	0.940581	2405494	0.934588	19141	0.0074367	0.993628	0.992106
case_16	0.0	2540087	1.0	2540087	1.0	0	0.0	1.0	1.0
case_16	143.0	2156664	0.828768	2076577	0.797992	60752	0.0233459	0.962865	0.971576
case_16	35.0	2442540	0.944061	2432847	0.940315	16239	0.0062765	0.996032	0.993369
case_16	163.0	2035601	0.7969	1956411	0.765899	66771	0.0261396	0.961097	0.966997
case_16	142.0	2145896	0.821238	2056302	0.786951	55401	0.0212021	0.958249	0.973765
case_16	89.0	2248575	0.869823	2212189	0.855748	37070	0.0143399	0.983818	0.983519
case_16	2.0	2565997	0.997428	2565962	0.997414	35	1.36048e-05	0.999986	0.999986
case_16	89.0	2249929	0.869034	2217611	0.856551	38457	0.014854	0.985636	0.982954
case_16	162.0	2041208	0.794538	1954084	0.760625	69163	0.0269216	0.957317	0.965816
case_16	162.0	2096314	0.811256	1991295	0.770614	70602	0.0273224	0.949903	0.965759
case_16	50.0	2406147	0.930954	2392924	0.925838	9080	0.00351311	0.994504	0.99622
case_16	162.0	2041208	0.794538	1954084	0.760625	69163	0.0269216	0.957317	0.965816
case_16	163.0	2036966	0.796217	1957816	0.765279	67514	0.0263901	0.961143	0.966665
case_16	142.0	2170032	0.83476	2091618	0.804596	58114	0.0223551	0.963865	0.972967
case_16	162.0	2096314	0.811256	1991295	0.770614	70602	0.0273224	0.949903	0.965759
case_16	88.0	2224299	0.855583	2187003	0.841237	30909	0.0118892	0.983232	0.986064
case_16	88.0	2253603	0.87135	2226321	0.860801	29838	0.0115368	0.987894	0.986775
case_17	20.0	2642686	0.976814	2640663	0.976067	4410	0.00163007	0.999234	0.998333
case_17	186.0	2080669	0.794449	2019097	0.770939	103928	0.0396822	0.970408	0.951047
case_17	233.0	2004154	0.752861	1821849	0.684378	123734	0.0464807	0.909036	0.936403
case_17	233.0	2006611	0.753617	1827687	0.686419	126067	0.0473466	0.910833	0.935474
case_17	186.0	2076836	0.798438	2018779	0.776118	100405	0.0386006	0.972045	0.952621
case_17	186.0	2076398	0.793538	2020261	0.772084	104123	0.0397927	0.972964	0.950987
case_17	26.0	2528800	0.967279	2525130	0.965875	8122	0.00310671	0.998549	0.996794
case_17	233.0	1995652	0.750893	1817391	0.683819	123518	0.0464754	0.910675	0.936361
case_17	233.0	2061378	0.778048	1906472	0.71958	128742	0.0485925	0.924853	0.936743
case_17	2.0	2634947	0.995131	2634603	0.995001	344	0.000129917	0.999869	0.999869
case_17	42.0	2505212	0.952605	2499445	0.950412	6936	0.00263741	0.997698	0.997233
case_17	233.0	2003514	0.748978	1816995	0.679251	129518	0.048418	0.906904	0.933462
case_17	42.0	2511938	0.954301	2502554	0.950736	7638	0.00290172	0.996264	0.996957
case_17	233.0	1998371	0.747719	1814444	0.6789	127246	0.0476109	0.907962	0.934466
case_17	38.0	2545166	0.962087	2539570	0.959971	8243	0.0031159	0.997801	0.996765
case_17	233.0	2005849	0.749133	1820374	0.679863	128299	0.0479164	0.907533	0.934161
case_17	38.0	2540729	0.9598	2534506	0.957449	8870	0.00335078	0.997551	0.996513
case_17	186.0	2067466	0.794654	2012929	0.773692	100373	0.0385795	0.973621	0.952504
case_17	233.0	2012447	0.750932	1825679	0.68124	131679	0.0491352	0.907194	0.932726
case_17	233.0	1993369	0.750201	1813061	0.682342	122353	0.0460473	0.909546	0.936782
case_17	42.0	2514650	0.955942	2505606	0.952504	7250	0.00275608	0.996403	0.997115
case_17	233.0	2052605	0.776182	1897620	0.717576	128021	0.0484105	0.924494	0.9368
case_17	42.0	2508270	0.953983	2497458	0.949871	10249	0.00389805	0.995689	0.995913
case_17	233.0	2009869	0.751826	1818229	0.680139	129414	0.0484095	0.904651	0.933554
case_17	42.0	2517281	0.957157	2505395	0.952638	9872	0.00375368	0.995278	0.996075
case_17	42.0	2514597	0.955526	2501140	0.950413	10834	0.00411683	0.994648	0.995687
case_17	186.0	2086148	0.797052	2020909	0.772126	103605	0.0395842	0.968728	0.951234
case_17	233.0	2018801	0.753775	1826916	0.68213	131574	0.0491268	0.904951	0.932819
case_18	72.0	2478433	0.914786	2462230	0.908806	27223	0.010048	0.993462	0.989065
case_18	213.0	1898484	0.738882	1834407	0.713944	77782	0.0302724	0.966248	0.959323
case_18	214.0	1936516	0.73901	1878734	0.716959	77883	0.0297216	0.970162	0.960195
case_18	72.0	2496233	0.918117	2481387	0.912657	20975	0.00771463	0.994053	0.991618
case_18	36.0	2543193	0.9503	2540771	0.949395	6755	0.0025241	0.999048	0.997348
case_18	127.0	2411680	0.874187	2370788	0.859365	29227	0.0105942	0.983044	0.987822
case_18	127.0	2361354	0.862822	2317536	0.846811	36824	0.0134552	0.981444	0.984359
case_18	583.0	1453724	0.532704	1232746	0.451728	398012	0.145848	0.847992	0.755934
case_18	127.0	2363936	0.867287	2315037	0.849347	31249	0.0114647	0.979315	0.986682
case_18	213.0	1939097	0.74509	1881566	0.722984	80809	0.0310505	0.970331	0.958821
case_18	127.0	2346168	0.863798	2294411	0.844742	33039	0.0121641	0.97794	0.985805
case_18	127.0	2410226	0.870155	2374038	0.85709	34292	0.0123803	0.984986	0.985761
case_18	26.0	2664355	0.968377	2662264	0.967617	3946	0.0014342	0.999215	0.99852
case_18	127.0	2401822	0.867309	2365180	0.854077	35411	0.0127871	0.984744	0.985249
case_18	582.0	1437646	0.538772	1210156	0.453518	409556	0.153485	0.841762	0.747143
case_18	127.0	2344849	0.859794	2297441	0.842411	38092	0.0139673	0.979782	0.98369
case_18	72.0	2494673	0.917746	2478251	0.911705	22216	0.00817287	0.993417	0.991115
case_18	582.0	1432299	0.528439	1208642	0.445922	418653	0.15446	0.843848	0.742731
case_18	583.0	1355374	0.529117	1119156	0.436902	369055	0.144073	0.825717	0.752014
case_18	127.0	2407863	0.872994	2364249	0.857181	31709	0.0114964	0.981887	0.986766
case_18	42.0	2651121	0.954779	2647243	0.953382	6845	0.00246517	0.998537	0.997421
case_18	213.0	1947426	0.748463	1886560	0.72507	79853	0.0306903	0.968745	0.959392
case_18	72.0	2484579	0.917258	2462611	0.909148	29180	0.0107727	0.991158	0.98829
case_18	213.0	1904641	0.744046	1837404	0.71778	79279	0.0309703	0.964698	0.958637
case_18	582.0	1430915	0.534335	1208450	0.451262	407066	0.152007	0.84453	0.748027
case_18	582.0	1443030	0.53228	1212970	0.447419	412342	0.152098	0.840572	0.7463
case_18	583.0	1452734	0.534517	1216181	0.44748	396001	0.145704	0.837167	0.75437
case_18	214.0	1933785	0.741111	1868239	0.71599	74027	0.0283704	0.966105	0.961886
case_19	467.0	1533932	0.56656	1315251	0.48579	289141	0.106795	0.857438	0.819782
case_19	14.0	2627117	0.979652	2624338	0.978616	3697	0.00137861	0.998942	0.998593
case_19	467.0	1571595	0.574129	1351278	0.493643	294977	0.10776	0.859813	0.820819
case_19	238.0	1891311	0.718766	1809734	0.687764	109112	0.0414665	0.956867	0.943137
case_19	467.0	1556639	0.571718	1340225	0.492234	289329	0.106264	0.860974	0.822449
case_19	467.0	1595760	0.598343	1368956	0.513301	269769	0.101152	0.857871	0.835379
case_19	238.0	1904671	0.728561	1821492	0.696744	106579	0.0407678	0.956329	0.944722
case_19	467.0	1606513	0.599092	1385039	0.516501	275631	0.102787	0.86214	0.834024
case_19	26.0	2510480	0.96898	2509059	0.968431	5697	0.00219889	0.999434	0.997735
case_19	78.0	2394913	0.903962	2375389	0.896592	19612	0.00740256	0.991848	0.991811
case_19	467.0	1540174	0.569375	1308547	0.483746	288800	0.106764	0.84961	0.8192
case_19	70.0	2443356	0.917335	2430184	0.91239	19513	0.00732598	0.994609	0.992035
case_19	238.0	1920296	0.725564	1843137	0.696411	106671	0.0403046	0.959819	0.945292
case_19	467.0	1569244	0.573502	1333763	0.487442	288571	0.105462	0.84994	0.822126
case_19	24.0	2689166	0.973235	2687410	0.9726	3367	0.00121855	0.999347	0.998749
case_19	238.0	1917259	0.725905	1844401	0.698319	108081	0.0409212	0.961999	0.944644
case_19	78.0	2453860	0.910231	2432333	0.902245	22441	0.00832423	0.991227	0.990858
case_19	238.0	1900942	0.728646	1821284	0.698112	109487	0.0419672	0.958096	0.943294
case_19	238.0	1913091	0.723145	1826758	0.690511	118128	0.0446522	0.954873	0.939262
case_19	78.0	2424175	0.904349	2402992	0.896447	21431	0.00799493	0.991262	0.99116
case_19	467.0	1606071	0.600987	1372640	0.513638	275672	0.103156	0.854657	0.832755
case_19	467.0	1552915	0.570583	1320014	0.485009	284855	0.104663	0.850023	0.822506
case_19	467.0	1525369	0.566966	1296087	0.481744	283343	0.105316	0.849688	0.820604
case_19	467.0	1616553	0.601619	1388309	0.516675	281803	0.104876	0.858808	0.831267
case_19	78.0	2423890	0.909649	2404057	0.902206	20431	0.00766744	0.991818	0.991573
case_19	467.0	1549870	0.569373	1326858	0.487445	296378	0.10888	0.856109	0.817415
case_19	238.0	1910894	0.723798	1830285	0.693266	119923	0.0454238	0.957816	0.938508
case_19	238.0	1888911	0.719336	1810998	0.689665	108576	0.041348	0.958752	0.943437
case_1	281.0	1660215	0.679589	1535010	0.628338	142426	0.0583004	0.924585	0.915093
case_1	90.0	2143212	0.893183	2120262	0.883618	29065	0.0121128	0.989292	0.986477
case_1	281.0	1662478	0.685589	1536386	0.63359	143497	0.0591767	0.924154	0.914579
case_1	22.0	2338104	0.975755	2335202	0.974544	2495	0.00104123	0.998759	0.998933
case_1	281.0	1683566	0.685273	1567437	0.638004	124239	0.0505698	0.931022	0.926559
case_1	281.0	1682380	0.676994	1562819	0.628883	134601	0.0541638	0.928933	0.920703
case_1	28.0	2317389	0.960244	2314725	0.95914	4408	0.00182652	0.99885	0.998099
case_1	281.0	1705915	0.693047	1571341	0.638375	142816	0.0580206	0.921113	0.916684
case_1	4.0	2386588	0.995076	2386488	0.995034	100	4.16945e-05	0.999958	0.999958
case_1	90.0	2181334	0.902114	2153767	0.890713	20473	0.00846683	0.987362	0.990584
case_1	281.0	1709129	0.699491	1573836	0.64412	143605	0.0587728	0.920841	0.916384
case_1	10.0	2458548	0.97933	2457230	0.978805	1316	0.000524211	0.999464	0.999465
case_1	36.0	2250056	0.946318	2247096	0.945073	7551	0.00317576	0.998684	0.996651
case_1	90.0	2165426	0.894878	2138216	0.883634	22092	0.00912968	0.987434	0.989774
case_1	90.0	2135824	0.900724	2114490	0.891727	29861	0.012593	0.990011	0.986075
case_1	281.0	1686145	0.691411	1568438	0.643145	125538	0.0514774	0.930192	0.925892
case_1	90.0	2172817	0.90923	2145823	0.897934	21503	0.00899807	0.987576	0.990079
case_1	281.0	1701304	0.695662	1566328	0.64047	141954	0.0580449	0.920663	0.916902
case_1	281.0	1697014	0.694028	1564296	0.63975	137364	0.0561778	0.921793	0.919276
case_1	281.0	1694186	0.687786	1561796	0.63404	136575	0.0554451	0.921856	0.919585
case_1	90.0	2169946	0.896589	2141822	0.884969	23044	0.00952143	0.987039	0.989355
case_1	36.0	2266458	0.953928	2263257	0.952581	4657	0.00196008	0.998588	0.997947
case_1	281.0	1687909	0.684197	1565284	0.634491	135795	0.0550448	0.927351	0.920171
case_1	36.0	2252257	0.947074	2249375	0.945862	7473	0.0031424	0.99872	0.996689
case_1	90.0	2159542	0.902844	2132971	0.891735	24290	0.010155	0.987696	0.98874
case_1	90.0	2156029	0.901535	2129345	0.890377	23338	0.00975869	0.987624	0.989159
case_1	22.0	2339381	0.976116	2337480	0.975322	2417	0.0010085	0.999187	0.998967
case_1	281.0	1694745	0.687894	1560063	0.633227	141165	0.0572987	0.92053	0.917022
case_20	334.0	1867277	0.66598	1727234	0.616033	194730	0.0694521	0.925001	0.898682
case_20	216.0	2199574	0.77455	2143044	0.754644	135973	0.047881	0.9743	0.940337
case_20	333.0	1844322	0.634888	1692353	0.582575	192987	0.0664337	0.917602	0.897638
case_20	334.0	1846387	0.667223	1698305	0.613711	199921	0.0722448	0.919799	0.89468
case_20	401.0	1787572	0.634838	1528002	0.542654	234796	0.0833853	0.854792	0.866805
case_20	401.0	1727162	0.626282	1436997	0.521066	236113	0.0856164	0.831999	0.858878
case_20	334.0	1842464	0.660503	1697189	0.608423	195009	0.0699086	0.921152	0.89694
case_20	400.0	1721138	0.602333	1433714	0.501746	227041	0.0794558	0.833004	0.86329
case_20	69.0	2499467	0.876044	2475099	0.867503	29776	0.0104363	0.990251	0.988113
case_20	24.0	2670197	0.964042	2664978	0.962157	10033	0.00362229	0.998045	0.996249
case_20	401.0	1727766	0.631589	1435629	0.524797	236082	0.0863003	0.830916	0.858778
case_20	56.0	2778422	0.935938	2770057	0.93312	18739	0.00631241	0.996989	0.993281
case_20	400.0	1723103	0.601407	1445526	0.504525	224384	0.0783157	0.838909	0.865631
case_20	401.0	1727847	0.624793	1446669	0.523118	232966	0.084241	0.837267	0.8613
case_20	334.0	1869909	0.672245	1728756	0.6215	196150	0.0705173	0.924513	0.898099
case_20	401.0	1738784	0.620667	1458199	0.520511	235272	0.0839814	0.838631	0.861071
case_20	401.0	1783141	0.634993	1518781	0.540852	230070	0.0819301	0.851745	0.868445
case_20	333.0	1814998	0.628215	1675903	0.580071	193090	0.0668331	0.923364	0.896688
case_20	69.0	2502341	0.883934	2481280	0.876494	28669	0.0101271	0.991583	0.988578
case_20	401.0	1730672	0.619467	1442904	0.516465	232206	0.0831145	0.833725	0.861379
case_20	401.0	1726917	0.629513	1444196	0.526453	232864	0.084886	0.836286	0.861147
case_20	400.0	1740746	0.604229	1448755	0.502876	225930	0.0784223	0.832261	0.865091
case_20	24.0	2634960	0.96474	2631780	0.963575	3182	0.00116503	0.998793	0.998792
case_20	400.0	1735269	0.603935	1437793	0.500403	227757	0.0792675	0.828571	0.863254
case_20	333.0	1877467	0.643129	1733253	0.593728	192306	0.0658747	0.923187	0.90013
case_20	69.0	2534971	0.890484	2514811	0.883402	22705	0.00797581	0.992047	0.991052
case_20	69.0	2527487	0.88098	2507732	0.874095	24659	0.00859514	0.992184	0.990263
case_20	333.0	1845260	0.63554	1704043	0.586902	196441	0.0676577	0.92347	0.896636
case_21	155.0	2167346	0.768364	2097852	0.743727	53982	0.0191376	0.967936	0.974913
case_21	34.0	2757624	0.951105	2754421	0.950001	3547	0.00122336	0.998838	0.998714
case_21	100.0	2300773	0.819881	2272327	0.809744	41638	0.0148377	0.987636	0.982006
case_21	155.0	2032826	0.748904	1947741	0.717558	55468	0.0204347	0.958144	0.97231
case_21	259.0	1891485	0.69526	1696433	0.623564	132975	0.0488781	0.896879	0.927313
case_21	102.0	2261721	0.858097	2239164	0.849539	37147	0.0140936	0.990027	0.983681
case_21	155.0	2129588	0.769227	2048755	0.740029	58324	0.0210672	0.962043	0.97232
case_21	155.0	2075022	0.750913	1999153	0.723458	52903	0.0191447	0.963437	0.97422
case_21	259.0	1897606	0.696659	1700824	0.624415	133697	0.0490835	0.8963	0.927122
case_21	16.0	2905626	0.983802	2903510	0.983086	2116	0.000716447	0.999272	0.999272
case_21	258.0	1883404	0.741825	1696547	0.668227	119348	0.0470081	0.900788	0.934276
case_21	100.0	2209301	0.802754	2180862	0.792421	41390	0.0150391	0.987128	0.981375
case_21	258.0	1908162	0.737366	1726190	0.667047	117935	0.0455733	0.904635	0.936048
case_21	102.0	2237903	0.85246	2216290	0.844227	31337	0.0119369	0.990342	0.986058
case_21	155.0	2144648	0.763161	2072330	0.737427	49121	0.0174794	0.96628	0.976846
case_21	155.0	2131683	0.769061	2052290	0.740418	57151	0.0206187	0.962756	0.972907
case_21	34.0	2742988	0.947143	2738226	0.945498	4418	0.00152552	0.998264	0.998389
case_21	259.0	1906620	0.739967	1707196	0.662569	134318	0.0521293	0.895404	0.927061
case_21	155.0	2137428	0.761492	2064134	0.73538	50324	0.0179287	0.965709	0.9762
case_21	259.0	1810823	0.679109	1613036	0.604934	130717	0.0490225	0.890775	0.925037
case_21	155.0	2164613	0.7683	2091614	0.74239	55063	0.0195439	0.966276	0.97435
case_21	155.0	2115626	0.806087	2040827	0.777588	59919	0.0228301	0.964645	0.971477
case_21	258.0	1899572	0.73704	1709356	0.663236	119821	0.0464909	0.899864	0.934495
case_21	155.0	2133670	0.801234	2059373	0.773334	52433	0.0196896	0.965179	0.975171
case_21	100.0	2306249	0.820861	2278857	0.811111	40202	0.0143091	0.988123	0.982665
case_21	155.0	2056142	0.746922	1976578	0.718019	48128	0.0174832	0.961304	0.97623
case_21	155.0	2154702	0.80595	2087455	0.780797	55579	0.0207889	0.968791	0.974065
case_21	32.0	2578583	0.964259	2558606	0.956789	11672	0.00436474	0.992253	0.995459
case_22	9.0	2536859	0.987142	2536018	0.986814	840	0.00032686	0.999668	0.999669
case_22	44.0	2535321	0.943233	2529809	0.941183	8824	0.00328286	0.997826	0.996524
case_22	0.0	2652385	1.0	2652385	1.0	0	0.0	1.0	1.0
case_22	142.0	2174408	0.848645	2150220	0.839205	47978	0.0187252	0.988876	0.978174
case_22	216.0	2042440	0.788213	1949465	0.752332	86593	0.0334177	0.954478	0.95747
case_22	6.0	2534520	0.989986	2533817	0.989711	703	0.000274592	0.999723	0.999723
case_22	215.0	2032787	0.787449	1940456	0.751682	83738	0.0324379	0.954579	0.958631
case_22	9.0	2556936	0.991603	2556456	0.991417	479	0.000185761	0.999812	0.999813
case_22	216.0	2095209	0.798706	2006109	0.76474	92835	0.0353892	0.957474	0.955771
case_22	183.0	2145908	0.81096	2077066	0.784944	78004	0.0294785	0.967919	0.963804
case_22	142.0	2194542	0.85361	2171451	0.844628	47796	0.0185912	0.989478	0.978463
case_22	143.0	2209470	0.856171	2185707	0.846963	48539	0.0188089	0.989245	0.978275
case_22	183.0	2122357	0.815686	2056673	0.790441	83671	0.0321573	0.969051	0.960908
case_22	44.0	2535321	0.943233	2529809	0.941183	8824	0.00328286	0.997826	0.996524
case_22	215.0	2012046	0.782045	1919178	0.745949	83997	0.0326481	0.953844	0.958068
case_22	184.0	2151288	0.82099	2086534	0.796278	83701	0.0319426	0.9699	0.961432
case_22	184.0	2155162	0.811469	2089021	0.786565	80942	0.0304765	0.96931	0.962699
case_22	183.0	2142181	0.820566	2075300	0.794947	81724	0.0313045	0.968779	0.962113
case_22	216.0	2095209	0.798706	2006109	0.76474	92835	0.0353892	0.957474	0.955771
case_22	183.0	2122357	0.815686	2056673	0.790441	83671	0.0321573	0.969051	0.960908
case_22	183.0	2151625	0.823536	2088419	0.799344	72454	0.0277318	0.970624	0.96647
case_22	184.0	2151288	0.82099	2086534	0.796278	83701	0.0319426	0.9699	0.961432
case_22	216.0	2100532	0.790038	2007280	0.754965	92419	0.03476	0.955606	0.955985
case_22	183.0	2142181	0.820566	2075300	0.794947	81724	0.0313045	0.968779	0.962113
case_22	183.0	2151039	0.812269	2088333	0.78859	72019	0.0271956	0.970849	0.966663
case_22	183.0	2122836	0.804882	2057204	0.779998	79953	0.0303145	0.969083	0.962589
case_22	183.0	2151625	0.823536	2088419	0.799344	72454	0.0277318	0.970624	0.96647
case_22	215.0	2051559	0.79409	1955604	0.756949	87202	0.033753	0.953228	0.957313
case_23	56.0	2344405	0.922598	2332074	0.917746	14816	0.00583057	0.99474	0.993687
case_23	275.0	1807679	0.686697	1697393	0.644802	164114	0.0623432	0.93899	0.911838
case_23	275.0	1831345	0.695323	1720757	0.653335	165134	0.0626979	0.939614	0.912437
case_23	275.0	1834993	0.695588	1726785	0.65457	164632	0.0624068	0.941031	0.912958
case_23	42.0	2352562	0.941378	2348933	0.939926	5438	0.00217602	0.998457	0.99769
case_23	275.0	1796028	0.683834	1694542	0.645194	156791	0.0596979	0.943494	0.915309
case_23	275.0	1800098	0.695413	1661378	0.641822	187051	0.0722614	0.922938	0.898805
case_23	48.0	2395005	0.939775	2387996	0.937025	14242	0.00558841	0.997073	0.994071
case_23	275.0	1759004	0.690752	1628545	0.639522	177178	0.0695769	0.925834	0.90188
case_23	275.0	1777787	0.688394	1652069	0.639713	171677	0.0664767	0.929284	0.905866
case_23	56.0	2353882	0.937541	2347914	0.935164	7054	0.00280958	0.997465	0.997005
case_23	275.0	1819346	0.702474	1683600	0.650061	184990	0.0714272	0.925387	0.901
case_23	4.0	2621473	0.997609	2621319	0.997551	154	5.86052e-05	0.999941	0.999941
case_23	56.0	2321333	0.92665	2310658	0.922389	13448	0.00536829	0.995401	0.994214
case_23	275.0	1820090	0.701613	1684813	0.649466	183961	0.0709138	0.925676	0.901561
case_23	275.0	1778359	0.686519	1676190	0.647078	155384	0.0599846	0.942549	0.915164
case_23	275.0	1818398	0.701557	1682905	0.649282	183774	0.0709019	0.925488	0.90155
case_23	48.0	2399524	0.939985	2393184	0.937502	13808	0.00540912	0.997358	0.994263
case_23	275.0	1776096	0.688326	1650161	0.63952	171146	0.0663276	0.929094	0.906031
case_23	56.0	2380213	0.934624	2373018	0.931798	6979	0.0027404	0.996977	0.997068
case_23	56.0	2350589	0.937813	2344302	0.935304	7462	0.00297711	0.997325	0.996827
case_23	182.0	2157170	0.806765	2112449	0.79004	104553	0.039102	0.979269	0.95284
case_23	275.0	1817654	0.702418	1681692	0.649877	184803	0.0714157	0.925199	0.900989
case_23	8.0	2529477	0.990358	2528368	0.989923	1109	0.000434203	0.999562	0.999562
case_23	56.0	2375459	0.934312	2367830	0.931311	7413	0.00291567	0.996788	0.996879
case_23	182.0	2155701	0.80688	2111213	0.790228	104249	0.0390205	0.979363	0.952945
case_23	275.0	1757313	0.690686	1626637	0.639325	176647	0.0694285	0.925639	0.902041
case_23	275.0	1798407	0.695351	1659476	0.641633	186514	0.0721153	0.922748	0.898963
case_24	4.0	2657688	0.994534	2657559	0.994486	129	4.82731e-05	0.999951	0.999951
case_24	254.0	2022128	0.763448	1860243	0.702329	160664	0.0606582	0.919943	0.920499
case_24	241.0	1957339	0.753661	1839107	0.708137	137074	0.0527795	0.939596	0.930637
case_24	240.0	1952786	0.751283	1832398	0.704967	136509	0.0525183	0.938351	0.930668
case_24	14.0	2486274	0.98586	2484395	0.985115	1879	0.000745063	0.999244	0.999244
case_24	241.0	1958260	0.754314	1842134	0.709583	131895	0.0508054	0.940699	0.933185
case_24	255.0	1892834	0.735508	1722094	0.669163	134947	0.052437	0.909797	0.927332
case_24	43.0	2404732	0.953104	2399631	0.951082	8333	0.00330274	0.997879	0.996539
case_24	254.0	1885244	0.720208	1711283	0.65375	123667	0.0472437	0.907725	0.932605
case_24	255.0	1894563	0.736478	1723486	0.669975	136463	0.0530476	0.909701	0.926631
case_24	241.0	1950417	0.750695	1830077	0.704377	138145	0.0531705	0.9383	0.929812
case_24	254.0	2019090	0.762597	1861780	0.703182	159925	0.0604026	0.922089	0.920896
case_24	43.0	2400898	0.951191	2394486	0.948651	8296	0.00328672	0.997329	0.996547
case_24	241.0	1946918	0.750231	1825873	0.703587	134035	0.0516495	0.937827	0.931612
case_24	4.0	2649881	0.992367	2649512	0.992229	369	0.000138189	0.999861	0.999861
case_24	126.0	2261596	0.847977	2236764	0.838666	76138	0.0285476	0.98902	0.967081
case_24	254.0	2008493	0.746466	1860903	0.691614	151164	0.0561809	0.926517	0.924871
case_24	241.0	1953840	0.753201	1834903	0.707351	132964	0.0512573	0.939127	0.932432
case_24	254.0	2001426	0.744402	1852688	0.689081	149272	0.0555196	0.925684	0.925437
case_24	254.0	2009658	0.746615	1856566	0.689739	151909	0.0564362	0.923822	0.924366
case_24	254.0	2013437	0.761046	1855833	0.701474	158218	0.0598038	0.921724	0.921443
case_24	254.0	1889952	0.734069	1715228	0.666205	131063	0.0509057	0.907551	0.929013
case_24	4.0	2652942	0.993895	2652582	0.993761	360	0.00013487	0.999864	0.999864
case_24	255.0	1886178	0.72116	1721786	0.658306	125972	0.048164	0.912844	0.931824
case_24	241.0	1951338	0.751346	1833104	0.705821	132966	0.0511974	0.939409	0.93237
case_24	255.0	1889223	0.722036	1722193	0.658199	125922	0.0481257	0.911588	0.931865
case_24	240.0	1948199	0.750401	1827087	0.703752	132321	0.050967	0.937834	0.932469
case_24	240.0	1953726	0.751942	1835425	0.70641	131330	0.0505457	0.939449	0.933225
case_25	218.0	2009095	0.77325	1948429	0.749901	121558	0.0467846	0.969804	0.941276
case_25	104.0	1694929	0.869653	1679266	0.861616	24173	0.0124029	0.990759	0.985809
case_25	449.0	1100437	0.494588	967778	0.434965	171695	0.0771678	0.879449	0.849321
case_25	170.0	1616784	0.671149	1568890	0.651267	61290	0.0254423	0.970377	0.962403
case_25	46.0	1807038	0.912194	1802043	0.909672	12384	0.00625145	0.997236	0.993175
case_25	104.0	1709428	0.879058	1691076	0.869621	26922	0.0138444	0.989264	0.984329
case_25	449.0	1126760	0.486112	979494	0.422578	195747	0.08445	0.869301	0.833441
case_25	449.0	1114360	0.479481	971742	0.418116	202027	0.0869271	0.872018	0.827882
case_25	449.0	1104037	0.495236	970302	0.435247	179336	0.0804444	0.878867	0.844007
case_25	449.0	1120047	0.497628	992617	0.441012	174726	0.0776294	0.886228	0.850322
case_25	170.0	1574274	0.659375	1525618	0.638995	61505	0.025761	0.969093	0.961247
case_25	170.0	1590952	0.667579	1535820	0.644445	59804	0.0250943	0.965347	0.96252
case_25	449.0	1105256	0.474673	961746	0.41304	209410	0.0899351	0.870157	0.821194
case_25	449.0	1081187	0.470486	942243	0.410023	179891	0.0782808	0.871489	0.839688
case_25	218.0	1948413	0.755677	1881510	0.729729	110613	0.0429004	0.965663	0.944475
case_25	449.0	1106411	0.498661	966839	0.435756	164857	0.0743013	0.873852	0.854327
case_25	4.0	1948093	0.985567	1947788	0.985413	305	0.000154304	0.999843	0.999843
case_25	449.0	1094578	0.46977	956872	0.410669	190780	0.0818787	0.874193	0.833765
case_25	46.0	1780463	0.910645	1774256	0.907471	12658	0.00647413	0.996514	0.992916
case_25	449.0	1132961	0.482129	990495	0.421503	208087	0.088551	0.874253	0.826389
case_25	104.0	1737204	0.881638	1717788	0.871784	26831	0.0136168	0.988823	0.984621
case_25	170.0	1610145	0.677393	1560441	0.656483	62316	0.0262165	0.969131	0.961599
case_25	449.0	1066267	0.461872	928334	0.402124	191404	0.08291	0.870639	0.829064
case_25	449.0	1537957	0.562	1343791	0.491048	290003	0.105973	0.873751	0.822497
case_25	449.0	1558054	0.586326	1361760	0.512457	284626	0.10711	0.874013	0.827121
case_25	449.0	1072571	0.465482	935978	0.406202	186395	0.080893	0.872649	0.833928
case_25	449.0	1582880	0.574244	1380578	0.500852	308449	0.111901	0.872194	0.817381
case_25	110.0	2268496	0.847242	2241723	0.837242	42027	0.0156963	0.988198	0.981597
case_26	143.0	2161102	0.82443	2094515	0.799028	69477	0.0265045	0.969188	0.967894
case_26	143.0	2142471	0.820891	2081924	0.797693	66921	0.0256409	0.97174	0.968857
case_26	143.0	2148616	0.817817	2094613	0.797262	64951	0.024722	0.974866	0.969924
case_26	144.0	2237925	0.828472	2159444	0.799418	67552	0.0250075	0.964931	0.969667
case_26	144.0	2240648	0.828856	2162230	0.799848	67477	0.024961	0.965002	0.969737
case_26	52.0	2550700	0.940636	2538905	0.936286	18360	0.00677072	0.995376	0.99282
case_26	144.0	2223617	0.821372	2154562	0.795864	64608	0.0238653	0.968945	0.970886
case_26	144.0	2210182	0.816987	2149096	0.794407	65833	0.024335	0.972362	0.970278
case_26	2.0	2715610	0.99925	2715532	0.999221	78	2.87013e-05	0.999971	0.999971
case_26	111.0	2260514	0.856999	2213951	0.839347	57735	0.0218883	0.979402	0.974585
case_26	144.0	2233554	0.824425	2164154	0.798809	66258	0.0244564	0.968928	0.970293
case_26	144.0	2216690	0.82181	2145491	0.795414	67493	0.0250222	0.96788	0.969501
case_26	12.0	2661065	0.985285	2660228	0.984975	3212	0.00118927	0.999685	0.998794
case_26	144.0	2195595	0.817442	2128971	0.792638	63989	0.0238238	0.969656	0.970821
case_26	143.0	2153711	0.819125	2099766	0.798608	66731	0.0253799	0.974953	0.969199
case_26	144.0	2214083	0.823118	2139705	0.795467	64446	0.0239587	0.966407	0.970762
case_26	144.0	2236277	0.824812	2166940	0.799238	66183	0.0244105	0.968994	0.970363
case_26	12.0	2646774	0.986321	2645762	0.985944	2906	0.00108292	0.999618	0.998903
case_26	28.0	2583834	0.965729	2570312	0.960675	14823	0.00554022	0.994767	0.994266
case_26	12.0	2641894	0.985246	2640985	0.984907	909	0.000338995	0.999656	0.999656
case_26	52.0	2554766	0.94143	2543048	0.937112	18284	0.00673765	0.995413	0.992862
case_26	28.0	2596229	0.964119	2583039	0.959221	14718	0.00546558	0.99492	0.994334
case_26	111.0	2256447	0.856117	2209808	0.838422	57811	0.021934	0.979331	0.974506
case_26	144.0	2204213	0.815391	2143261	0.792844	68438	0.0253169	0.972347	0.969056
case_26	111.0	2241004	0.851531	2201733	0.836609	55193	0.0209721	0.982476	0.975545
case_26	144.0	2216806	0.823508	2142491	0.795901	64371	0.0239128	0.966477	0.970831
case_26	144.0	2226340	0.821761	2157348	0.796295	64533	0.0238197	0.969011	0.970956
case_26	28.0	2604516	0.966469	2591521	0.961647	15216	0.00564627	0.995011	0.994163
case_27	37.0	1981081	0.955363	1978276	0.954011	3244	0.0015644	0.998584	0.998363
case_27	50.0	1891388	0.933043	1883510	0.929156	5900	0.00291054	0.995835	0.996877
case_27	50.0	1902321	0.937967	1894502	0.934111	6375	0.00314328	0.99589	0.996646
case_27	50.0	1904528	0.939446	1896402	0.935437	6682	0.00329603	0.995733	0.996489
case_27	207.0	1528607	0.662297	1487326	0.644411	89679	0.0388551	0.972994	0.943133
case_27	468.0	1544358	0.598809	1363786	0.528794	340611	0.132068	0.883076	0.800157
case_27	3.0	2051256	0.995512	2051248	0.995508	8	3.88255e-06	0.999996	0.999996
case_27	37.0	1965034	0.954136	1962612	0.95296	3254	0.00158	0.998767	0.998345
case_27	207.0	1488594	0.652263	1452696	0.636533	82876	0.0363141	0.975885	0.946029
case_27	36.0	1977184	0.956888	1975243	0.955948	3559	0.00172243	0.999018	0.998201
case_27	207.0	1532302	0.664141	1491029	0.646252	89542	0.0388099	0.973065	0.943348
case_27	50.0	1906540	0.933997	1899641	0.930617	6855	0.0033582	0.996381	0.996404
case_27	467.0	1267986	0.545612	1131435	0.486855	276049	0.118783	0.892309	0.803871
case_27	207.0	1521511	0.659512	1480936	0.641925	87073	0.0377425	0.973332	0.944469
case_27	2.0	2047359	0.99719	2047036	0.997033	323	0.000157321	0.999842	0.999842
case_27	467.0	1277909	0.549842	1136957	0.489195	270319	0.116309	0.889701	0.807913
case_27	467.0	1273430	0.544638	1127966	0.482424	275894	0.117998	0.88577	0.803475
case_27	3.0	2052284	0.996419	2051969	0.996266	315	0.000152938	0.999847	0.999847
case_27	36.0	1962315	0.956241	1959579	0.954908	3569	0.00173918	0.998606	0.998182
case_27	30.0	1977041	0.956897	1974816	0.955821	3356	0.00162432	0.998875	0.998303
case_27	467.0	1275953	0.548801	1133826	0.487671	271363	0.116716	0.888611	0.806885
case_27	208.0	1535570	0.663436	1494780	0.645813	89728	0.0387666	0.973437	0.943372
case_27	467.0	1236280	0.537713	1104660	0.480466	262989	0.114386	0.893535	0.807707
case_27	207.0	1526231	0.657525	1489368	0.641643	85140	0.0366797	0.975847	0.945926
case_27	468.0	1279484	0.548778	1137441	0.487855	271735	0.116549	0.888984	0.807167
case_27	36.0	1960108	0.954773	1957679	0.95359	3262	0.00158893	0.998761	0.998337
case_27	51.0	1907247	0.937376	1899435	0.933537	6367	0.00312926	0.995904	0.996659
case_27	36.0	1976155	0.955999	1973343	0.954639	3252	0.00157321	0.998577	0.998355
case_28	247.0	1970198	0.741065	1827731	0.687478	128966	0.048509	0.927689	0.93409
case_28	121.0	2315539	0.87997	2286992	0.869122	63402	0.0240946	0.987672	0.973025
case_28	8.0	2597581	0.991891	2597151	0.991726	430	0.000164196	0.999834	0.999834
case_28	67.0	2457312	0.918311	2443168	0.913025	15888	0.00593743	0.994244	0.993539
case_28	246.0	1982477	0.752044	1840032	0.698008	134700	0.0510978	0.928148	0.931788
case_28	246.0	1972190	0.748963	1830824	0.695278	135307	0.0513845	0.92832	0.931181
case_28	141.0	2225093	0.840757	2190539	0.8277	73593	0.0278073	0.984471	0.967496
case_28	247.0	2007057	0.762281	1857106	0.70533	149207	0.0566689	0.925288	0.925631
case_28	40.0	2461983	0.943635	2455910	0.941307	9146	0.0035055	0.997533	0.99629
case_28	121.0	2320816	0.882255	2292298	0.871414	60938	0.0231655	0.987712	0.974105
case_28	246.0	2010981	0.753082	1871973	0.701026	118689	0.0444473	0.930876	0.940377
case_28	247.0	1983282	0.745176	1837445	0.690381	126998	0.0477168	0.926467	0.935352
case_28	8.0	2588399	0.98807	2587883	0.987873	516	0.000196973	0.999801	0.999801
case_28	245.0	2020514	0.763911	1877379	0.709795	119177	0.0450582	0.929159	0.940309
case_28	247.0	1983704	0.745101	1837167	0.69006	126282	0.0474329	0.92613	0.935684
case_28	245.0	1963813	0.754305	1819084	0.698715	107771	0.0413951	0.926302	0.944069
case_28	246.0	1912548	0.737939	1770085	0.682971	127427	0.0491666	0.925511	0.932845
case_28	121.0	2307841	0.878288	2278585	0.867154	60807	0.0231411	0.987323	0.974007
case_28	247.0	2008321	0.763003	1860895	0.706993	148914	0.0565755	0.926592	0.925906
case_28	246.0	1981558	0.751457	1839752	0.697681	133984	0.0508102	0.928437	0.932117
case_28	141.0	2168226	0.832316	2126642	0.816354	69697	0.0267546	0.980821	0.968267
case_28	8.0	2605691	0.993574	2605519	0.993508	886	0.00033784	0.999934	0.99966
case_28	142.0	2220279	0.83097	2175631	0.81426	72188	0.0270174	0.979891	0.967885
case_28	246.0	2038359	0.771823	1897576	0.718516	131276	0.0497076	0.930933	0.935295
case_28	247.0	1996569	0.759373	1852034	0.7044	149700	0.0569367	0.927608	0.925215
case_28	246.0	1921483	0.740323	1777884	0.684996	124923	0.0481312	0.925267	0.934348
case_28	246.0	1922400	0.740914	1778163	0.685324	125639	0.0484226	0.92497	0.934006
case_28	67.0	2377373	0.902429	2362224	0.896678	13374	0.00507665	0.993628	0.99437
case_29	270.0	1736982	0.696001	1600523	0.641322	141149	0.0565578	0.921439	0.918958
case_29	270.0	1714092	0.696003	1570144	0.637553	142648	0.0579219	0.916021	0.916716
case_29	89.0	2304206	0.873179	2282550	0.864972	44578	0.0168928	0.990602	0.980844
case_29	168.0	2129580	0.834863	2070056	0.811528	88227	0.0345878	0.972049	0.959122
case_29	116.0	2036083	0.827035	2006058	0.814839	36648	0.014886	0.985254	0.982059
case_29	271.0	1865892	0.711685	1719189	0.65573	164299	0.0626666	0.921376	0.912769
case_29	270.0	1864443	0.721376	1703110	0.658954	164731	0.0637364	0.913469	0.911807
case_29	89.0	2304055	0.874776	2283564	0.866997	45307	0.0172016	0.991107	0.980546
case_29	270.0	1868051	0.736572	1706668	0.672939	142064	0.0560158	0.913609	0.923156
case_29	270.0	1829891	0.717135	1675763	0.656732	167525	0.0656531	0.915772	0.909116
case_29	42.0	2397473	0.933324	2389451	0.930201	12679	0.00493587	0.996654	0.994722
case_29	270.0	1735022	0.696609	1595545	0.640609	141127	0.0566623	0.919611	0.918737
case_29	271.0	1742792	0.688065	1605674	0.63393	141333	0.0557991	0.921323	0.9191
case_29	100.0	2245345	0.873711	2210501	0.860152	35114	0.0136636	0.984482	0.984363
case_29	270.0	1860857	0.721382	1703071	0.660214	164774	0.0638765	0.915208	0.911784
case_29	100.0	2246245	0.875763	2210214	0.861715	35842	0.013974	0.983959	0.984042
case_29	270.0	1747871	0.709388	1615719	0.655753	131738	0.053467	0.924393	0.924612
case_29	42.0	2399415	0.935899	2389588	0.932066	12506	0.004878	0.995904	0.994794
case_29	270.0	1820619	0.718195	1665935	0.657175	149342	0.0589122	0.915038	0.91773
case_29	8.0	2568216	0.98905	2567387	0.98873	829	0.000319257	0.999677	0.999677
case_29	271.0	1851894	0.710868	1699970	0.65255	148589	0.0570373	0.917963	0.919619
case_29	270.0	1871352	0.733054	1707840	0.669002	158540	0.0621039	0.912624	0.915055
case_29	101.0	2264080	0.868421	2237543	0.858242	40649	0.0155915	0.988279	0.982157
case_29	270.0	1847940	0.721036	1699700	0.663195	146754	0.057261	0.919781	0.920521
case_29	270.0	1848081	0.719689	1698867	0.661581	146927	0.057217	0.91926	0.920399
case_29	100.0	2216044	0.873491	2177830	0.858428	35133	0.0138483	0.982756	0.984124
case_29	89.0	2275207	0.873073	2245887	0.861822	38861	0.0149123	0.987113	0.982991
case_29	168.0	1952174	0.787617	1905493	0.768783	72101	0.0290896	0.976088	0.963541
case_2	114.0	2218658	0.846394	2186379	0.83408	33621	0.012826	0.985451	0.984855
case_2	14.0	2589099	0.986883	2587169	0.986148	1930	0.000735655	0.999255	0.999255
case_2	114.0	2208709	0.830456	2177895	0.818871	34569	0.0129977	0.986049	0.984375
case_2	16.0	2569600	0.981731	2567829	0.981054	1771	0.000676621	0.999311	0.999311
case_2	16.0	2561760	0.979536	2555662	0.977204	5188	0.00198373	0.99762	0.997974
case_2	114.0	2221106	0.84571	2190361	0.834004	34006	0.0129482	0.986158	0.984712
case_2	116.0	2262308	0.857194	2216488	0.839833	50362	0.0190823	0.979746	0.977783
case_2	40.0	2406937	0.940482	2397145	0.936656	14778	0.00577433	0.995932	0.993873
case_2	114.0	2188087	0.841095	2155227	0.828464	29482	0.0113328	0.984982	0.986505
case_2	16.0	2565687	0.982118	2563010	0.981093	2677	0.00102473	0.998957	0.998957
case_2	16.0	2565676	0.979156	2560484	0.977174	4282	0.00163417	0.997976	0.99833
case_2	114.0	2199881	0.830606	2169969	0.819312	34696	0.0131001	0.986403	0.984262
case_2	40.0	2421967	0.944107	2410303	0.939561	15001	0.00584754	0.995184	0.993815
case_2	32.0	2531735	0.952701	2528986	0.951667	4293	0.00161547	0.998914	0.998305
case_2	116.0	2199307	0.843262	2152984	0.825501	45485	0.0174399	0.978937	0.979311
case_2	40.0	2424255	0.943155	2416426	0.94011	16190	0.00629871	0.996771	0.993345
case_2	116.0	2176439	0.853527	2130561	0.835535	39799	0.0156078	0.978921	0.981662
case_2	8.0	2574703	0.986784	2572943	0.986109	2957	0.0011333	0.999316	0.998852
case_2	114.0	2215696	0.846303	2183570	0.834032	35324	0.0134923	0.985501	0.98408
case_2	114.0	2211698	0.845705	2181622	0.834204	34126	0.013049	0.986401	0.984598
case_2	114.0	2197274	0.855582	2168053	0.844204	30219	0.0117668	0.986701	0.986253
case_2	114.0	2203880	0.831214	2171699	0.819076	35879	0.0135321	0.985398	0.983747
case_2	114.0	2205492	0.830813	2172922	0.818544	34402	0.0129593	0.985232	0.984415
case_2	116.0	2188300	0.84263	2138835	0.823583	45855	0.017657	0.977396	0.979011
case_2	116.0	2190651	0.842602	2138092	0.822386	47250	0.018174	0.976008	0.978379
case_2	116.0	2271414	0.871646	2229389	0.855519	50851	0.0195139	0.981498	0.977699
case_2	40.0	2405436	0.938841	2391294	0.933321	17930	0.00699807	0.994121	0.992558
case_2	116.0	2197508	0.844195	2146811	0.82472	45587	0.0175127	0.97693	0.979207
case_30	134.0	2349800	0.830941	2306075	0.815479	53619	0.0189609	0.981392	0.977277
case_30	403.0	1710280	0.633279	1570975	0.581697	220497	0.0816451	0.918548	0.876919
case_30	403.0	1709832	0.621117	1559237	0.566412	223329	0.081127	0.911924	0.874715
case_30	141.0	2328761	0.813484	2275412	0.794848	61476	0.0214748	0.977091	0.973693
case_30	84.0	2652682	0.913877	2639105	0.9092	20399	0.00702767	0.994882	0.99233
case_30	28.0	2608303	0.96081	2606035	0.959975	4074	0.00150072	0.99913	0.998439
case_30	141.0	2449238	0.833786	2414257	0.821877	57991	0.0197417	0.985718	0.976543
case_30	403.0	1607065	0.621091	1461784	0.564944	222709	0.0860715	0.909599	0.867789
case_30	141.0	2314019	0.812141	2259273	0.792927	67677	0.0237523	0.976342	0.970916
case_30	134.0	2333916	0.832679	2293326	0.818198	54406	0.0194106	0.982609	0.976826
case_30	141.0	2466025	0.832422	2428329	0.819697	53378	0.0180181	0.984714	0.978491
case_30	403.0	1690733	0.631885	1548309	0.578657	226714	0.0847309	0.915762	0.872275
case_30	403.0	1688630	0.619033	1535612	0.562938	226652	0.0830881	0.909383	0.871386
case_30	403.0	1584291	0.597155	1431175	0.539442	218606	0.0823976	0.903354	0.867494
case_30	141.0	2466025	0.832422	2428329	0.819697	53378	0.0180181	0.984714	0.978491
case_30	0.0	2927647	1.0	2927647	1.0	0	0.0	1.0	1.0
case_30	403.0	1710280	0.633279	1570975	0.581697	220497	0.0816451	0.918548	0.876919
case_30	134.0	2332985	0.828928	2294399	0.815218	57610	0.0204693	0.983461	0.975506
case_30	403.0	1589872	0.602305	1440034	0.545541	217676	0.0824642	0.905755	0.868689
case_30	84.0	2652682	0.913877	2639105	0.9092	20399	0.00702767	0.994882	0.99233
case_30	134.0	2323757	0.833043	2289009	0.820586	58280	0.0208928	0.985047	0.975171
case_30	404.0	1710051	0.613437	1554220	0.557537	221388	0.0794173	0.908873	0.875317
case_30	403.0	1709832	0.621117	1559237	0.566412	223329	0.081127	0.911924	0.874715
case_30	134.0	2349800	0.830941	2306075	0.815479	53619	0.0189609	0.981392	0.977277
case_30	404.0	1723709	0.630126	1574880	0.57572	219395	0.0802029	0.913658	0.877725
case_30	403.0	1601197	0.61563	1451446	0.558054	226986	0.0872719	0.906476	0.864763
case_30	76.0	2286540	0.905252	2275492	0.900878	22838	0.00904167	0.995168	0.990063
case_30	134.0	2332985	0.828928	2294399	0.815218	57610	0.0204693	0.983461	0.975506
case_3	126.0	2969438	0.872848	2919428	0.858147	56727	0.0166745	0.983158	0.98094
case_3	177.0	2731498	0.816782	2610562	0.780619	126803	0.0379171	0.955725	0.953677
case_3	349.0	1752411	0.56357	1527272	0.491166	227381	0.073125	0.871526	0.870413
case_3	349.0	1778021	0.571695	1561198	0.501979	223651	0.0719115	0.878054	0.874695
case_3	349.0	1760375	0.567953	1539353	0.496644	215284	0.0694575	0.874446	0.877306
case_3	10.0	3381647	0.990798	3381043	0.990621	604	0.000176968	0.999821	0.999821
case_3	349.0	1772631	0.568981	1557250	0.499848	227269	0.0729491	0.878496	0.872644
case_3	20.0	2739237	0.973958	2736327	0.972923	2590	0.000920895	0.998938	0.999054
case_3	177.0	2745115	0.818153	2644837	0.788266	120752	0.0359889	0.96347	0.956338
case_3	349.0	1775647	0.571147	1559230	0.501536	223368	0.0718476	0.878119	0.874695
case_3	349.0	1762999	0.570002	1545202	0.499585	211251	0.0683003	0.876462	0.879729
case_3	18.0	2756140	0.975938	2755101	0.97557	1919	0.00067951	0.999623	0.999304
case_3	349.0	1780792	0.570456	1567363	0.502087	225559	0.0722552	0.880149	0.874195
case_3	349.0	1747366	0.564054	1521418	0.491117	225808	0.0728914	0.870692	0.870762
case_3	349.0	1774795	0.569461	1560015	0.500547	227564	0.0730162	0.878983	0.872697
case_3	102.0	3024533	0.893537	3000541	0.886449	42053	0.0124237	0.992068	0.986179
case_3	177.0	2753673	0.824621	2644654	0.791974	118022	0.0353431	0.96041	0.95728
case_3	126.0	2967529	0.872588	2920522	0.858765	55028	0.0161807	0.98416	0.981507
case_3	349.0	1778324	0.56988	1565395	0.501645	225276	0.0721917	0.880264	0.874195
case_3	349.0	1745182	0.562163	1514386	0.487818	228521	0.0736118	0.867752	0.868885
case_3	20.0	2753125	0.977132	2751097	0.976412	3534	0.00125428	0.999263	0.998717
case_3	348.0	1726717	0.565711	1500562	0.491618	220843	0.0723531	0.869026	0.871708
case_3	349.0	1771309	0.570546	1550815	0.499524	212217	0.068356	0.875519	0.87963
case_3	348.0	1725209	0.56401	1493085	0.488123	224184	0.0732908	0.865452	0.869453
case_3	126.0	2990276	0.88024	2938750	0.865073	59417	0.0174904	0.982769	0.980182
case_3	177.0	2748944	0.819007	2647840	0.788885	120906	0.0360222	0.963221	0.956332
case_3	348.0	1729221	0.564384	1499218	0.489316	220347	0.071917	0.86699	0.871859
case_3	126.0	2990279	0.880546	2943628	0.866808	57860	0.017038	0.984399	0.980723
case_4	202.0	1728075	0.756375	1689876	0.739655	80516	0.0352417	0.977895	0.954521
case_4	95.0	1983595	0.896059	1967894	0.888966	24574	0.0111009	0.992085	0.987667
case_4	540.0	1311769	0.539	1152382	0.473509	257815	0.105935	0.878495	0.817178
case_4	540.0	1314502	0.540752	1154254	0.47483	258126	0.106186	0.878092	0.81724
case_4	542.0	1400012	0.558013	1176446	0.468905	301465	0.120157	0.840311	0.79602
case_4	201.0	1773182	0.762475	1725520	0.74198	84377	0.0362824	0.973121	0.95338
case_4	95.0	1996016	0.892006	1981516	0.885526	22025	0.00984282	0.992736	0.989007
case_4	541.0	1327334	0.539148	1176001	0.477678	267234	0.108547	0.885987	0.814837
case_4	201.0	1776930	0.756287	1727495	0.735247	86976	0.0370182	0.97218	0.952065
case_4	129.0	2272639	0.869331	2251400	0.861207	33998	0.0130049	0.990654	0.985124
case_4	540.0	1322558	0.53813	1163218	0.473297	268023	0.109055	0.879521	0.812734
case_4	50.0	2139874	0.932187	2134023	0.929638	7837	0.00341401	0.997266	0.996341
case_4	541.0	1286188	0.538155	1125954	0.471111	234022	0.0979173	0.875419	0.827922
case_4	50.0	2135187	0.939965	2127982	0.936793	7742	0.00340823	0.996626	0.996375
case_4	542.0	1292938	0.539388	1144154	0.477318	235049	0.0980577	0.884926	0.829576
case_4	541.0	1380339	0.551099	1171134	0.467574	294538	0.117594	0.848439	0.799042
case_4	540.0	1323837	0.539272	1163429	0.473929	268377	0.109325	0.878831	0.812561
case_4	541.0	1322728	0.542562	1171377	0.48048	256757	0.105318	0.885577	0.820215
case_4	540.0	1319062	0.538862	1155612	0.472089	247744	0.101208	0.876086	0.823463
case_4	201.0	1780234	0.759955	1734423	0.740399	84345	0.0360056	0.974267	0.953625
case_4	541.0	1380283	0.551701	1168764	0.467156	299257	0.119613	0.846757	0.796149
case_4	129.0	2270134	0.867434	2248477	0.859159	37130	0.0141876	0.99046	0.983755
case_4	32.0	2197860	0.964586	2196296	0.963899	1564	0.000686401	0.999288	0.999288
case_4	540.0	1320881	0.538981	1156545	0.471925	246858	0.10073	0.875586	0.8241
case_4	541.0	1285053	0.537044	1129887	0.472198	231502	0.0967483	0.879253	0.829952
case_4	36.0	2490685	0.954279	2485909	0.952449	6345	0.00243102	0.998082	0.997454
case_4	541.0	1332854	0.542932	1178033	0.479866	246248	0.100308	0.883842	0.827107
case_4	95.0	1985071	0.889896	1973417	0.884672	19343	0.00867136	0.994129	0.990293
case_5	164.0	2178567	0.814537	2109742	0.788804	66462	0.0248492	0.968408	0.96946
case_5	74.0	2339898	0.897671	2327608	0.892956	20861	0.00800305	0.994748	0.991117
case_5	164.0	2183842	0.838504	2126434	0.816461	56268	0.0216045	0.973712	0.974221
case_5	7.0	2655678	0.987246	2654576	0.986837	1102	0.000409668	0.999585	0.999585
case_5	74.0	2503985	0.9283	2487906	0.922339	21413	0.00793842	0.993579	0.991467
case_5	35.0	2580278	0.959087	2573350	0.956512	13056	0.0048529	0.997315	0.994952
case_5	164.0	2188114	0.816361	2120025	0.790957	62976	0.0234956	0.968882	0.971152
case_5	164.0	2200260	0.844925	2143281	0.823044	49631	0.0190589	0.974104	0.977368
case_5	163.0	2220935	0.84877	2164867	0.827342	49751	0.0190132	0.974755	0.977535
case_5	163.0	2214641	0.824264	2147168	0.799152	58393	0.0217332	0.969533	0.973525
case_5	7.0	2655678	0.987246	2654576	0.986837	1102	0.000409668	0.999585	0.999585
case_5	74.0	2326739	0.894585	2315522	0.890273	25099	0.00965007	0.995179	0.989277
case_5	164.0	2222411	0.823136	2149950	0.796298	61201	0.0226676	0.967395	0.972322
case_5	164.0	2204632	0.822635	2135609	0.796879	55681	0.0207768	0.968692	0.97459
case_5	0.0	2702548	1.0	2702548	1.0	0	0.0	1.0	1.0
case_5	73.0	2525971	0.932109	2509388	0.92599	20655	0.00762191	0.993435	0.991836
case_5	163.0	2220935	0.84877	2164867	0.827342	49751	0.0190132	0.974755	0.977535
case_5	164.0	2210069	0.820302	2137476	0.793358	64035	0.0237676	0.967154	0.970913
case_5	35.0	2580278	0.959087	2573350	0.956512	13056	0.0048529	0.997315	0.994952
case_5	36.0	2560466	0.956188	2552830	0.953337	14723	0.0054982	0.997018	0.994266
case_5	163.0	2224820	0.826294	2156789	0.801028	55870	0.02075	0.969422	0.97475
case_5	24.0	2576683	0.962602	2573164	0.961287	4878	0.00182233	0.998634	0.998108
case_5	73.0	2525971	0.932109	2509388	0.92599	20655	0.00762191	0.993435	0.991836
case_5	164.0	2214656	0.843982	2151990	0.820101	55646	0.0212061	0.971704	0.974794
case_5	164.0	2194453	0.820587	2125988	0.794986	58204	0.0217646	0.968801	0.973352
case_5	74.0	2489949	0.922972	2468291	0.914944	28527	0.0105744	0.991302	0.988575
case_5	163.0	2224820	0.826294	2156789	0.801028	55870	0.02075	0.969422	0.97475
case_5	163.0	2214641	0.824264	2147168	0.799152	58393	0.0217332	0.969533	0.973525
case_6	332.0	1888747	0.686752	1718482	0.624843	167824	0.0610211	0.909853	0.91103
case_6	39.0	2529950	0.95051	2523856	0.948221	9999	0.00375666	0.997591	0.996054
case_6	16.0	2617347	0.951747	2614423	0.950684	9308	0.00338467	0.998883	0.996452
case_6	40.0	2581340	0.934662	2572937	0.931619	9516	0.00344559	0.996745	0.996315
case_6	302.0	1879797	0.692136	1754574	0.646029	181573	0.0668546	0.933385	0.906219
case_6	331.0	1882687	0.685875	1709114	0.622641	167344	0.0609645	0.907806	0.910819
case_6	91.0	2317938	0.894702	2295762	0.886142	33354	0.0128743	0.990433	0.98568
case_6	302.0	1899720	0.678612	1782526	0.636748	179128	0.0639875	0.93831	0.908685
case_6	332.0	1863646	0.698838	1693082	0.634879	163743	0.061401	0.908478	0.911816
case_6	302.0	1901649	0.697167	1795579	0.65828	173420	0.0635778	0.944222	0.911925
case_6	331.0	1861608	0.699469	1684318	0.632855	165136	0.0620471	0.904765	0.910711
case_6	331.0	1856137	0.699152	1678537	0.632256	160227	0.0603528	0.904317	0.912862
case_6	332.0	1850497	0.70966	1687228	0.647046	160535	0.0615647	0.91177	0.913119
case_6	331.0	1876779	0.702071	1706478	0.638364	166111	0.0621393	0.909259	0.911293
case_6	331.0	1880370	0.686687	1705277	0.622745	162414	0.0593115	0.906884	0.91304
case_6	91.0	2317569	0.896852	2291514	0.886769	34589	0.0133852	0.988758	0.98513
case_6	92.0	2321051	0.894069	2298593	0.885418	35952	0.0138487	0.990324	0.9846
case_6	331.0	1821212	0.673472	1630257	0.602858	158593	0.0586466	0.895149	0.911344
case_6	39.0	2529966	0.952887	2523192	0.950335	13223	0.00498031	0.997322	0.994787
case_6	331.0	1876985	0.703891	1702397	0.638419	159439	0.0597915	0.906985	0.914365
case_6	332.0	1882060	0.702648	1714853	0.640223	163638	0.0610926	0.911157	0.912889
case_6	332.0	1854829	0.692276	1691453	0.631299	160172	0.0597808	0.911919	0.913497
case_6	40.0	2546268	0.9507	2534814	0.946424	16290	0.0060822	0.995502	0.993615
case_6	331.0	1825271	0.673324	1637776	0.604159	161582	0.059606	0.897278	0.9102
case_6	332.0	1832089	0.705779	1665455	0.641586	161320	0.0621456	0.909047	0.911691
case_6	18.0	2584232	0.975279	2580503	0.973872	7545	0.00284745	0.998557	0.997085
case_6	332.0	1771351	0.669644	1593913	0.602565	159713	0.0603781	0.899829	0.908924
case_6	332.0	1823689	0.671424	1645579	0.605849	161735	0.0595456	0.902335	0.910511
case_7	103.0	2294649	0.876665	2260508	0.863621	36646	0.0140005	0.985121	0.984047
case_7	251.0	1778878	0.710518	1696497	0.677613	117908	0.0470947	0.953689	0.935016
case_7	22.0	2424306	0.971593	2421960	0.970653	4713	0.00188884	0.999032	0.998058
case_7	251.0	1759810	0.709449	1674365	0.675003	116234	0.0468585	0.951446	0.935087
case_7	89.0	2300393	0.906751	2276425	0.897303	45124	0.0177866	0.989581	0.980563
case_7	104.0	2088791	0.84608	2038793	0.825828	47083	0.0190713	0.976064	0.977428
case_7	251.0	1846854	0.731725	1771188	0.701746	131596	0.0521384	0.95903	0.93084
case_7	250.0	1900808	0.743632	1833412	0.717266	128192	0.0501511	0.964543	0.934649
case_7	251.0	1894231	0.72937	1817734	0.699915	122900	0.0473224	0.959616	0.93667
case_7	14.0	2375022	0.931637	2373480	0.931032	2211	0.000867297	0.999351	0.999069
case_7	18.0	2503895	0.978535	2502280	0.977903	2971	0.00116108	0.999355	0.998814
case_7	24.0	2458565	0.969574	2456839	0.968894	3082	0.00121544	0.999298	0.998747
case_7	251.0	1860372	0.732525	1786716	0.703523	132913	0.0523347	0.960408	0.930761
case_7	250.0	1892459	0.742518	1822401	0.71503	127524	0.0500348	0.96298	0.934601
case_7	251.0	1824386	0.725593	1749759	0.695913	130729	0.0519934	0.959095	0.930481
case_7	104.0	2225583	0.864069	2191418	0.850805	46772	0.0181589	0.984649	0.979103
case_7	251.0	1900124	0.729558	1826108	0.701139	122810	0.0471533	0.961047	0.936986
case_7	24.0	2473827	0.969591	2471546	0.968697	2281	0.000894014	0.999078	0.999078
case_7	104.0	2240338	0.866556	2209028	0.854445	46629	0.018036	0.986024	0.979328
case_7	104.0	2077674	0.844874	2027696	0.824551	47165	0.0191794	0.975945	0.977268
case_7	251.0	1839309	0.730881	1765817	0.701677	126794	0.0503838	0.960044	0.933006
case_7	103.0	2143357	0.857025	2092749	0.836789	36410	0.0145586	0.976388	0.982899
case_7	251.0	1764776	0.709333	1680996	0.675658	114240	0.0459176	0.952527	0.936365
case_7	251.0	1818266	0.725296	1745064	0.696096	127280	0.0507713	0.959741	0.932021
case_7	251.0	1836096	0.72572	1762635	0.696684	132063	0.0521981	0.959991	0.930299
case_7	251.0	1913006	0.730104	1840327	0.702366	124895	0.0476665	0.962008	0.936447
case_7	250.0	1914411	0.744382	1848366	0.718702	130297	0.0506635	0.965501	0.934149
case_7	89.0	2285564	0.90434	2260651	0.894483	41143	0.0162793	0.9891	0.982126
case_8	12.0	2566313	0.9853	2564620	0.98465	2286	0.000877678	0.99934	0.999109
case_8	70.0	2397858	0.919067	2370201	0.908466	27346	0.0104814	0.988466	0.988594
case_8	50.0	2453860	0.944738	2446148	0.941768	11309	0.00435397	0.996857	0.995398
case_8	191.0	2029488	0.784969	1900708	0.735159	106346	0.0411327	0.936546	0.947014
case_8	79.0	2367111	0.918157	2333966	0.905301	17716	0.0068717	0.985998	0.992467
case_8	32.0	2493634	0.969801	2490704	0.968662	9571	0.00372227	0.998825	0.996172
case_8	72.0	2411306	0.933156	2396622	0.927473	16142	0.00624682	0.99391	0.99331
case_8	190.0	2033670	0.788669	1900010	0.736835	109352	0.0424074	0.934276	0.945579
case_8	79.0	2363589	0.915224	2332758	0.903286	27908	0.0108065	0.986956	0.988178
case_8	190.0	2026204	0.791708	1897920	0.741583	106136	0.041471	0.936688	0.947039
case_8	79.0	2382891	0.9174	2347158	0.903643	22124	0.00851762	0.985004	0.990662
case_8	190.0	2046130	0.789597	1914733	0.738891	106754	0.0411961	0.935783	0.94719
case_8	79.0	2378267	0.914066	2347211	0.90213	31343	0.0120464	0.986942	0.986823
case_8	79.0	2384234	0.920469	2357305	0.910073	28042	0.010826	0.988705	0.988244
case_8	50.0	2446403	0.941988	2440290	0.939634	12238	0.00471224	0.997501	0.99501
case_8	191.0	2028477	0.784477	1901131	0.735228	106114	0.0410377	0.937221	0.947135
case_8	70.0	2402839	0.923643	2377735	0.913993	33039	0.0127001	0.989552	0.986295
case_8	79.0	2395138	0.917494	2361788	0.904718	19202	0.00735561	0.986076	0.991935
case_8	79.0	2386434	0.912732	2356841	0.901414	27854	0.0106532	0.987599	0.98832
case_8	79.0	2374524	0.923613	2344760	0.912035	25167	0.00978914	0.987465	0.989381
case_8	191.0	2033871	0.788862	1900036	0.736952	108755	0.0421819	0.934197	0.94586
case_8	191.0	2023491	0.781315	1883745	0.727356	117803	0.0454864	0.930938	0.941144
case_8	79.0	2401242	0.922494	2373132	0.911695	22420	0.00861318	0.988294	0.990641
case_8	79.0	2385967	0.914097	2354436	0.902017	21619	0.00828254	0.986785	0.990901
case_8	79.0	2374321	0.920835	2339209	0.907217	17234	0.00668388	0.985212	0.992686
case_8	72.0	2417270	0.928518	2404216	0.923504	21818	0.0083807	0.9946	0.991007
case_8	79.0	2386209	0.91856	2351365	0.905147	20992	0.00808077	0.985398	0.991151
case_8	70.0	2389287	0.915898	2363697	0.906089	27424	0.0105126	0.98929	0.988531
case_9	10.0	2638128	0.989608	2637112	0.989227	1892	0.000709722	0.999615	0.999283
case_9	18.0	2622589	0.982212	2620707	0.981507	1923	0.000720202	0.999282	0.999267
case_9	348.0	1830989	0.644975	1689999	0.595311	197250	0.0694823	0.922998	0.895483
case_9	52.0	2834548	0.940747	2823339	0.937027	17500	0.005808	0.996046	0.99384
case_9	112.0	2659901	0.871776	2622324	0.85946	54421	0.0178363	0.985873	0.979669
case_9	52.0	2831999	0.939002	2818845	0.934641	18712	0.00620431	0.995355	0.993406
case_9	348.0	1828783	0.643234	1693207	0.595549	196695	0.0691832	0.925865	0.895923
case_9	8.0	2994525	0.992787	2993854	0.992564	672	0.000222791	0.999776	0.999776
case_9	348.0	1801871	0.636424	1665204	0.588153	190469	0.067274	0.924153	0.897359
case_9	348.0	1802967	0.635856	1667444	0.588061	190202	0.0670789	0.924833	0.897611
case_9	348.0	1829594	0.642868	1690209	0.593892	202208	0.0710502	0.923816	0.893148
case_9	348.0	1854993	0.644518	1711053	0.594506	198271	0.0688893	0.922404	0.896156
case_9	348.0	1856151	0.645945	1712926	0.596103	194570	0.0677108	0.922838	0.897997
case_9	6.0	2999618	0.992076	2999149	0.991921	469	0.000155114	0.999844	0.999844
case_9	348.0	1833467	0.643197	1691492	0.59339	206235	0.0723491	0.922565	0.891325
case_9	8.0	2994858	0.991949	2994168	0.99172	691	0.000228871	0.99977	0.999769
case_9	348.0	1830230	0.644054	1687172	0.593712	203553	0.0716298	0.921836	0.892341
case_9	112.0	2659296	0.872839	2619603	0.859811	55863	0.0183355	0.985074	0.97912
case_9	112.0	2655462	0.869499	2620514	0.858056	56624	0.0185408	0.986839	0.978849
case_9	348.0	1854108	0.646191	1710058	0.595986	195875	0.068266	0.922308	0.897229
case_9	348.0	1833370	0.643814	1694319	0.594984	199932	0.0702089	0.924156	0.894453
case_9	112.0	2636778	0.866358	2596545	0.853139	50770	0.0166813	0.984742	0.980822
case_9	348.0	1828942	0.64429	1690388	0.595481	193070	0.0680137	0.924244	0.897492
case_9	348.0	1804819	0.635486	1669311	0.587773	193649	0.0681848	0.924919	0.896053
case_9	18.0	2617620	0.9836	2614940	0.982593	2675	0.00100516	0.998976	0.998978
case_9	348.0	1832058	0.644351	1691500	0.594915	196307	0.0690429	0.923279	0.896013
case_9	52.0	2834712	0.94218	2818785	0.936887	17424	0.00579126	0.994381	0.993857
case_9	348.0	1830411	0.645775	1687180	0.595242	193625	0.0683115	0.921749	0.897052
