gen100/case_14	centrolign	200	2306761	0.581802	1740849	0.43907	323555	0.0816058	0.754672	0.84327
gen100/case_14	unialigner	200	2306761	0.581802	1934001	0.487786	527126	0.13295	0.838405	0.785819
gen100/case_14	rama	200	2306761	0.581802	1999293	0.504254	561243	0.141555	0.86671	0.78081
gen100/case_20	centrolign	200	2412028	0.605211	1820885	0.456885	387214	0.0971573	0.754919	0.824639
gen100/case_20	unialigner	200	2412028	0.605211	1908056	0.478757	568534	0.142653	0.791059	0.770437
gen100/case_20	rama	200	2412028	0.605211	1986677	0.498484	618855	0.155279	0.823654	0.762484
gen100/case_26	centrolign	200	2144267	0.617004	1818807	0.523354	280176	0.0806195	0.848219	0.866518
gen100/case_26	unialigner	200	2144267	0.617004	1782417	0.512883	417755	0.120207	0.831248	0.810126
gen100/case_26	rama	200	2144267	0.617004	1836008	0.528304	444877	0.128012	0.85624	0.804954
gen100/case_2	centrolign	200	2252179	0.565713	1924019	0.483284	311492	0.078242	0.854292	0.860662
gen100/case_2	unialigner	200	2252179	0.565713	1792927	0.450356	515202	0.129411	0.796085	0.776788
gen100/case_2	rama	200	2252179	0.565713	1922542	0.482913	508108	0.127629	0.853636	0.790958
gen100/case_32	centrolign	200	2450615	0.531662	1954300	0.423986	418632	0.0908224	0.797473	0.82358
gen100/case_32	unialigner	200	2450615	0.531662	2008148	0.435668	537514	0.116614	0.819447	0.788851
gen100/case_32	rama	200	2450615	0.531662	2044069	0.443461	639581	0.138757	0.834105	0.761675
gen100/case_38	centrolign	200	2155453	0.460345	1843740	0.393771	372134	0.0794774	0.855384	0.83206
gen100/case_38	unialigner	200	2155453	0.460345	1830729	0.390993	490544	0.104767	0.849348	0.788675
gen100/case_38	rama	200	2155453	0.460345	1866904	0.398719	561935	0.120014	0.866131	0.76864
gen100/case_44	centrolign	200	2030842	0.574359	1665699	0.47109	380607	0.107643	0.820201	0.814003
gen100/case_44	unialigner	200	2030842	0.574359	1726128	0.488181	478709	0.135388	0.849957	0.782882
gen100/case_44	rama	200	2030842	0.574359	1769340	0.500402	510932	0.144501	0.871235	0.775934
gen100/case_50	centrolign	200	2288391	0.59123	1830743	0.472992	254870	0.0658484	0.800013	0.877796
gen100/case_50	unialigner	200	2288391	0.59123	1872415	0.483758	455912	0.11779	0.818223	0.804189
gen100/case_50	rama	200	2288391	0.59123	1969069	0.50873	481417	0.124379	0.86046	0.803542
gen100/case_56	centrolign	200	2388493	0.595926	1915424	0.477896	330771	0.0825269	0.801938	0.852742
gen100/case_56	unialigner	200	2388493	0.595926	1943241	0.484836	554061	0.138237	0.813585	0.778136
gen100/case_56	rama	200	2388493	0.595926	1998909	0.498725	553594	0.138121	0.836891	0.783117
gen100/case_8	centrolign	200	2244461	0.542484	1838428	0.444346	366345	0.0885453	0.819096	0.83384
gen100/case_8	unialigner	200	2244461	0.542484	1776785	0.429447	476378	0.11514	0.791631	0.788574
gen100/case_8	rama	200	2244461	0.542484	1871962	0.452452	509806	0.12322	0.834036	0.785955
gen150/case_15	centrolign	300	1687508	0.4867	1242789	0.358437	356363	0.10278	0.736464	0.777155
gen150/case_15	unialigner	300	1687508	0.4867	1339062	0.386203	497590	0.143512	0.793514	0.729078
gen150/case_15	rama	300	1687508	0.4867	1384520	0.399314	516365	0.148927	0.820452	0.728355
gen150/case_21	centrolign	300	2021922	0.511349	1441127	0.364464	449687	0.113727	0.712751	0.762173
gen150/case_21	unialigner	300	2021922	0.511349	1481954	0.37479	623384	0.157655	0.732943	0.703903
gen150/case_21	rama	300	2021922	0.511349	1641728	0.415197	662214	0.167475	0.811964	0.712573
gen150/case_27	centrolign	300	1986420	0.49982	1343287	0.337996	426530	0.107323	0.676235	0.758998
gen150/case_27	unialigner	300	1986420	0.49982	1484656	0.373567	644353	0.162131	0.747403	0.697346
gen150/case_27	rama	300	1986420	0.49982	1570457	0.395156	661541	0.166456	0.790597	0.70361
gen150/case_33	centrolign	300	1552862	0.474861	1086070	0.332117	336574	0.102923	0.699399	0.763417
gen150/case_33	unialigner	300	1552862	0.474861	1095101	0.334879	501185	0.153261	0.705215	0.686031
gen150/case_33	rama	300	1552862	0.474861	1135569	0.347254	628827	0.192294	0.731275	0.643602
gen150/case_39	centrolign	300	2025169	0.505553	1448643	0.361632	455969	0.113826	0.71532	0.760597
gen150/case_39	unialigner	300	2025169	0.505553	1541615	0.384841	668149	0.166793	0.761228	0.697638
gen150/case_39	rama	300	2025169	0.505553	1612047	0.402424	681565	0.170143	0.796006	0.702842
gen150/case_3	centrolign	300	1255022	0.102184	1119644	0.0911617	314447	0.0256023	0.892131	0.780734
gen150/case_3	unialigner	300	1255022	0.102184	NA	NA	NA	NA	NA	NA
gen150/case_3	rama	300	1255022	0.102184	1079870	0.0879233	403618	0.0328627	0.860439	0.727926
gen150/case_45	centrolign	300	1923563	0.502578	1324582	0.346079	376035	0.0982483	0.688609	0.778883
gen150/case_45	unialigner	300	1923563	0.502578	1425156	0.372357	647651	0.169215	0.740894	0.687549
gen150/case_45	rama	300	1923563	0.502578	1554096	0.406045	685974	0.179227	0.807926	0.693771
gen150/case_51	centrolign	300	1371832	0.369363	1037928	0.27946	299985	0.0807705	0.7566	0.775781
gen150/case_51	unialigner	300	1371832	0.369363	1006787	0.271076	459168	0.12363	0.7339	0.686779
gen150/case_51	rama	300	1371832	0.369363	1050531	0.282854	473498	0.127489	0.765787	0.689312
gen150/case_57	centrolign	300	1206680	0.334899	984837	0.273329	297340	0.082523	0.816154	0.768098
gen150/case_57	unialigner	300	1206680	0.334899	965100	0.267851	386001	0.10713	0.799798	0.714306
gen150/case_57	rama	300	1206680	0.334899	972579	0.269927	560221	0.155482	0.805996	0.634511
gen150/case_9	centrolign	300	1305122	0.407739	990933	0.309582	305162	0.0953371	0.759265	0.764553
gen150/case_9	unialigner	300	1305122	0.407739	941637	0.294181	404529	0.126381	0.721493	0.699495
gen150/case_9	rama	300	1305122	0.407739	966993	0.302103	417144	0.130322	0.740922	0.698625
gen200/case_10	centrolign	400	1574673	0.364021	1116619	0.258131	416706	0.0963309	0.709112	0.728234
gen200/case_10	unialigner	400	1574673	0.364021	1117019	0.258224	674746	0.155983	0.709366	0.623418
gen200/case_10	rama	400	1574673	0.364021	1180389	0.272873	724351	0.16745	0.749609	0.619711
gen200/case_16	centrolign	400	1815510	0.453914	1064298	0.266096	394085	0.0985293	0.586225	0.729779
gen200/case_16	unialigner	400	1815510	0.453914	1214510	0.303652	707758	0.176954	0.668964	0.631811
gen200/case_16	rama	400	1815510	0.453914	1274963	0.318767	806854	0.20173	0.702262	0.612428
gen200/case_22	centrolign	400	1369794	0.338408	997283	0.246379	421437	0.104116	0.728053	0.702946
gen200/case_22	unialigner	400	1369794	0.338408	1047448	0.258772	521853	0.128924	0.764676	0.667462
gen200/case_22	rama	400	1369794	0.338408	1084624	0.267957	548723	0.135562	0.791815	0.66405
gen200/case_28	centrolign	400	1465257	0.380998	1009108	0.262389	470235	0.122271	0.68869	0.682133
gen200/case_28	unialigner	400	1465257	0.380998	1028964	0.267552	634697	0.165035	0.702241	0.618494
gen200/case_28	rama	400	1465257	0.380998	1105346	0.287413	730041	0.189826	0.75437	0.602241
gen200/case_34	centrolign	400	1759000	0.452815	1093987	0.281623	413848	0.106536	0.621937	0.725535
gen200/case_34	unialigner	400	1759000	0.452815	1194113	0.307398	657563	0.169275	0.678859	0.644882
gen200/case_34	rama	400	1759000	0.452815	1307780	0.336659	775091	0.19953	0.743479	0.627874
gen200/case_40	centrolign	400	1723324	0.446216	1143912	0.29619	455028	0.117819	0.663782	0.715419
gen200/case_40	unialigner	400	1723324	0.446216	1166271	0.30198	658795	0.17058	0.676757	0.639029
gen200/case_40	rama	400	1723324	0.446216	1234982	0.319771	792261	0.205138	0.716628	0.609193
gen200/case_46	centrolign	400	1594037	0.335818	916054	0.192987	293888	0.0619138	0.574675	0.757106
gen200/case_46	unialigner	400	1594037	0.335818	1038077	0.218693	593606	0.125056	0.651225	0.6362
gen200/case_46	rama	400	1594037	0.335818	1082576	0.228068	634803	0.133735	0.679141	0.630365
gen200/case_4	centrolign	400	1032193	0.351395	766794	0.261044	285614	0.0972331	0.742879	0.728609
gen200/case_4	unialigner	400	1032193	0.351395	792924	0.269939	399025	0.135842	0.768194	0.665233
gen200/case_4	rama	400	1032193	0.351395	798490	0.271834	458395	0.156054	0.773586	0.635293
gen200/case_52	centrolign	400	1364423	0.34284	723238	0.181729	322168	0.0809515	0.530069	0.691825
gen200/case_52	unialigner	400	1364423	0.34284	842330	0.211653	520970	0.130905	0.617353	0.617861
gen200/case_52	rama	400	1364423	0.34284	894647	0.224799	583092	0.146514	0.655696	0.605416
gen200/case_58	centrolign	400	1174261	0.390352	739487	0.245823	262539	0.0872742	0.629747	0.737992
gen200/case_58	unialigner	400	1174261	0.390352	840631	0.279446	476372	0.158357	0.715881	0.638291
gen200/case_58	rama	400	1174261	0.390352	876238	0.291282	526476	0.175013	0.746204	0.624673
gen25/case_12	centrolign	50	3298908	0.310023	3090738	0.29046	77695	0.00730158	0.936897	0.975478
gen25/case_12	unialigner	50	3298908	0.310023	3206394	0.301329	118873	0.0111714	0.971956	0.964252
gen25/case_12	rama	50	3298908	0.310023	3194331	0.300195	133766	0.012571	0.9683	0.959807
gen25/case_18	centrolign	50	3264733	0.831198	2910633	0.741045	119682	0.0304709	0.891538	0.960505
gen25/case_18	unialigner	50	3264733	0.831198	3076103	0.783173	191960	0.0488729	0.942222	0.941262
gen25/case_18	rama	50	3264733	0.831198	3092437	0.787332	207715	0.0528841	0.947225	0.937059
gen25/case_24	centrolign	50	3502744	0.868001	3235282	0.801722	87160	0.0215988	0.923642	0.973766
gen25/case_24	unialigner	50	3502744	0.868001	3302184	0.818301	163981	0.0406355	0.942742	0.952691
gen25/case_24	rama	50	3502744	0.868001	3357121	0.831915	174480	0.0432372	0.958426	0.950595
gen25/case_30	centrolign	50	3421334	0.681967	3185565	0.634972	145133	0.028929	0.931089	0.956426
gen25/case_30	unialigner	50	3421334	0.681967	3225669	0.642966	196721	0.039212	0.94281	0.942519
gen25/case_30	rama	50	3421334	0.681967	3215739	0.640986	252086	0.0502477	0.939908	0.927307
gen25/case_36	centrolign	50	3363866	0.839158	3029311	0.755699	70001	0.0174626	0.900544	0.977414
gen25/case_36	unialigner	50	3363866	0.839158	3214970	0.802014	156230	0.0389735	0.955737	0.953657
gen25/case_36	rama	50	3363866	0.839158	3246915	0.809983	220033	0.0548899	0.965233	0.936534
gen25/case_42	centrolign	50	3473222	0.834465	3253611	0.781702	82785	0.0198897	0.93677	0.975187
gen25/case_42	unialigner	50	3473222	0.834465	3329866	0.800023	134453	0.0323032	0.958725	0.961189
gen25/case_42	rama	50	3473222	0.834465	3348386	0.804472	140029	0.0336429	0.964058	0.959859
gen25/case_48	centrolign	50	3587195	0.850088	3370240	0.798674	93216	0.0220902	0.93952	0.973086
gen25/case_48	unialigner	50	3587195	0.850088	3384814	0.802128	153148	0.0362928	0.943582	0.956713
gen25/case_48	rama	50	3587195	0.850088	3404596	0.806816	160803	0.0381068	0.949097	0.954899
gen25/case_54	centrolign	50	3360335	0.676056	3018447	0.607272	89967	0.0181002	0.898258	0.971057
gen25/case_54	unialigner	50	3360335	0.676056	3225344	0.648897	143125	0.0287949	0.959828	0.95751
gen25/case_54	rama	50	3360335	0.676056	3241363	0.65212	162559	0.0327048	0.964595	0.952244
gen25/case_60	centrolign	50	3348994	0.84973	3107915	0.788561	73921	0.0187557	0.928015	0.976768
gen25/case_60	unialigner	50	3348994	0.84973	3205582	0.813342	132923	0.0337261	0.957178	0.960185
gen25/case_60	rama	50	3348994	0.84973	3245892	0.82357	122999	0.0312081	0.969214	0.96349
gen25/case_6	centrolign	50	3428177	0.861658	3176191	0.798323	86657	0.0217809	0.926496	0.973441
gen25/case_6	unialigner	50	3428177	0.861658	3271731	0.822336	157281	0.0395319	0.954365	0.954132
gen25/case_6	rama	50	3428177	0.861658	3291253	0.827243	190594	0.047905	0.960059	0.945261
gen300/case_11	centrolign	600	1326529	0.328989	788859	0.195643	458673	0.113754	0.594679	0.632336
gen300/case_11	unialigner	600	1326529	0.328989	784914	0.194664	804621	0.199552	0.591705	0.493801
gen300/case_11	rama	600	1326529	0.328989	856525	0.212424	853671	0.211716	0.645689	0.500834
gen300/case_17	centrolign	600	1113986	0.323032	644277	0.186826	390869	0.113343	0.578353	0.622402
gen300/case_17	unialigner	600	1113986	0.323032	622105	0.180397	700907	0.203248	0.55845	0.470219
gen300/case_17	rama	600	1113986	0.323032	709292	0.205679	784088	0.227368	0.636715	0.474957
gen300/case_23	centrolign	600	1025664	0.302402	507546	0.149643	335660	0.0989644	0.494846	0.601924
gen300/case_23	unialigner	600	1025664	0.302402	530829	0.156507	557628	0.164408	0.517547	0.487689
gen300/case_23	rama	600	1025664	0.302402	584600	0.172361	658892	0.194265	0.569972	0.470128
gen300/case_29	centrolign	600	1276841	0.351195	743130	0.204398	425593	0.117059	0.582007	0.635848
gen300/case_29	unialigner	600	1276841	0.351195	764064	0.210156	629675	0.173192	0.598402	0.548212
gen300/case_29	rama	600	1276841	0.351195	849694	0.233708	692410	0.190447	0.665466	0.550997
gen300/case_35	centrolign	600	524181	0.212992	311914	0.126741	179983	0.0731331	0.59505	0.634104
gen300/case_35	unialigner	600	524181	0.212992	297164	0.120748	366293	0.148837	0.566911	0.447902
gen300/case_35	rama	600	524181	0.212992	335621	0.136374	404462	0.164346	0.640277	0.453491
gen300/case_41	centrolign	600	1123868	0.306167	543683	0.148112	339015	0.0923554	0.483761	0.615933
gen300/case_41	unialigner	600	1123868	0.306167	596909	0.162612	697816	0.190101	0.53112	0.461031
gen300/case_41	rama	600	1123868	0.306167	645174	0.17576	787250	0.214465	0.574066	0.450407
gen300/case_47	centrolign	600	1126488	0.306773	621090	0.16914	341192	0.0929158	0.551351	0.645434
gen300/case_47	unialigner	600	1126488	0.306773	666376	0.181472	641807	0.174781	0.591552	0.509391
gen300/case_47	rama	600	1126488	0.306773	698367	0.190184	675574	0.183977	0.619951	0.508295
gen300/case_53	centrolign	600	940870	0.249102	568219	0.15044	301380	0.0797925	0.603929	0.653426
gen300/case_53	unialigner	600	940870	0.249102	532746	0.141048	598531	0.158465	0.566227	0.470924
gen300/case_53	rama	600	940870	0.249102	596184	0.157844	596711	0.157984	0.633652	0.499779
gen300/case_59	centrolign	600	551124	0.206507	354866	0.132969	132266	0.0495604	0.643895	0.72848
gen300/case_59	unialigner	600	551124	0.206507	353812	0.132574	306061	0.114682	0.641983	0.536182
gen300/case_59	rama	600	551124	0.206507	381247	0.142854	339251	0.127118	0.691763	0.529144
gen300/case_5	centrolign	600	1019902	0.278858	613319	0.167691	391927	0.107159	0.601351	0.610118
gen300/case_5	unialigner	600	1019902	0.278858	585411	0.160061	587272	0.16057	0.573988	0.499207
gen300/case_5	rama	600	1019902	0.278858	659518	0.180323	626112	0.171189	0.646648	0.512992
gen50/case_13	centrolign	100	3140474	0.765009	2773187	0.675539	166617	0.0405873	0.883047	0.943324
gen50/case_13	unialigner	100	3140474	0.765009	2892471	0.704596	264036	0.0643183	0.92103	0.916352
gen50/case_13	rama	100	3140474	0.765009	2966182	0.722552	278185	0.0677649	0.944501	0.914256
gen50/case_19	centrolign	100	2860535	0.766777	2560016	0.686222	202336	0.0542369	0.894943	0.926752
gen50/case_19	unialigner	100	2860535	0.766777	2626103	0.703937	309279	0.0829034	0.918046	0.894638
gen50/case_19	rama	100	2860535	0.766777	2616924	0.701477	355366	0.0952572	0.914837	0.88044
gen50/case_1	centrolign	100	3125853	0.441425	2726733	0.385062	164897	0.0232863	0.872316	0.942974
gen50/case_1	unialigner	100	3125853	0.441425	2870221	0.405325	262480	0.0370667	0.91822	0.916213
gen50/case_1	rama	100	3125853	0.441425	2904896	0.410222	275408	0.0388924	0.929313	0.913402
gen50/case_25	centrolign	100	2990723	0.701291	2631820	0.617132	216537	0.0507755	0.879995	0.923978
gen50/case_25	unialigner	100	2990723	0.701291	2652122	0.621893	364532	0.0854787	0.886783	0.87916
gen50/case_25	rama	100	2990723	0.701291	2672847	0.626753	402351	0.0943468	0.893713	0.869163
gen50/case_31	centrolign	100	2907456	0.735882	2521785	0.638268	193045	0.04886	0.867351	0.928892
gen50/case_31	unialigner	100	2907456	0.735882	2721426	0.688798	245713	0.0621904	0.936016	0.917189
gen50/case_31	rama	100	2907456	0.735882	2758025	0.698061	282620	0.0715316	0.948604	0.907053
gen50/case_37	centrolign	100	3050779	0.724665	2676031	0.63565	202017	0.047986	0.877163	0.929808
gen50/case_37	unialigner	100	3050779	0.724665	2792282	0.663263	290936	0.0691073	0.915269	0.905639
gen50/case_37	rama	100	3050779	0.724665	2807912	0.666976	363632	0.0863752	0.920392	0.885345
gen50/case_43	centrolign	100	3066491	0.723927	2699473	0.637283	204972	0.0483891	0.880313	0.929428
gen50/case_43	unialigner	100	3066491	0.723927	2737126	0.646172	319913	0.075524	0.892592	0.895352
gen50/case_43	rama	100	3066491	0.723927	2781076	0.656547	407398	0.0961772	0.906925	0.872228
gen50/case_49	centrolign	100	3055331	0.741364	2689997	0.652717	196463	0.047671	0.880427	0.931936
gen50/case_49	unialigner	100	3055331	0.741364	2860417	0.694069	227946	0.0553102	0.936205	0.926192
gen50/case_49	rama	100	3055331	0.741364	2888403	0.70086	273892	0.0664588	0.945365	0.913388
gen50/case_55	centrolign	100	3084210	0.69957	2719916	0.616939	190459	0.0432005	0.881884	0.934559
gen50/case_55	unialigner	100	3084210	0.69957	2849989	0.646443	334210	0.0758065	0.924058	0.895041
gen50/case_55	rama	100	3084210	0.69957	2867567	0.65043	371943	0.0843652	0.929757	0.885185
gen50/case_7	centrolign	100	2826464	0.719447	2494428	0.634931	177497	0.04518	0.882526	0.93357
gen50/case_7	unialigner	100	2826464	0.719447	2559321	0.651449	314322	0.0800074	0.905485	0.890619
gen50/case_7	rama	100	2826464	0.719447	2621556	0.66729	334204	0.0850682	0.927504	0.886931
