gen100/case_14	centrolign	200	1953207	0.492251	1869910	0.471258	50664	0.0127684	0.957354	0.97362
gen100/case_14	unialigner	200	1953207	0.492251	1542336	0.388702	84990	0.0214193	0.789643	0.947773
gen100/case_14	rama	200	1953207	0.492251	1711671	0.431378	54734	0.0137942	0.876339	0.969014
gen100/case_20	centrolign	200	873933	0.557014	840764	0.535873	56776	0.036187	0.962046	0.936743
gen100/case_20	unialigner	200	873933	0.557014	834900	0.532135	45497	0.0289982	0.955336	0.948322
gen100/case_20	rama	200	873933	0.557014	838909	0.534691	50448	0.0321538	0.959924	0.943276
gen100/case_26	centrolign	200	395019	0.697222	376653	0.664806	35668	0.0629553	0.953506	0.913495
gen100/case_26	unialigner	200	395019	0.697222	327696	0.578395	49815	0.0879252	0.82957	0.868044
gen100/case_26	rama	200	395019	0.697222	343617	0.606496	46738	0.0824942	0.869875	0.880268
gen100/case_2	centrolign	200	1432949	0.619039	1335002	0.576725	62262	0.0268974	0.931647	0.95544
gen100/case_2	unialigner	200	1432949	0.619039	1362596	0.588646	89391	0.0386172	0.950903	0.938435
gen100/case_2	rama	200	1432949	0.619039	1386588	0.59901	85106	0.0367661	0.967646	0.942171
gen100/case_32	centrolign	200	399635	0.477796	375365	0.448779	33091	0.0395629	0.93927	0.918985
gen100/case_32	unialigner	200	399635	0.477796	353129	0.422194	30587	0.0365692	0.883629	0.920287
gen100/case_32	rama	200	399635	0.477796	376607	0.450264	21053	0.0251705	0.942377	0.947058
gen100/case_38	centrolign	200	778126	0.487087	754975	0.472595	39438	0.0246872	0.970248	0.950356
gen100/case_38	unialigner	200	778126	0.487087	733933	0.459423	66242	0.0414658	0.943206	0.917216
gen100/case_38	rama	200	778126	0.487087	746842	0.467504	62051	0.0388423	0.959796	0.923289
gen100/case_44	centrolign	200	709797	0.295134	651639	0.270952	49458	0.0205646	0.918064	0.929456
gen100/case_44	unialigner	200	709797	0.295134	652289	0.271222	51547	0.0214332	0.91898	0.926763
gen100/case_44	rama	200	709797	0.295134	676594	0.281328	49081	0.0204079	0.953222	0.932365
gen100/case_50	centrolign	200	761942	0.515632	695380	0.470587	39521	0.0267452	0.912642	0.946223
gen100/case_50	unialigner	200	761942	0.515632	694044	0.469683	117202	0.0793145	0.910888	0.855528
gen100/case_50	rama	200	761942	0.515632	700921	0.474337	77049	0.0521416	0.919914	0.900961
gen100/case_56	centrolign	200	4619514	0.396354	3492179	0.299628	26587	0.00228116	0.755962	0.992444
gen100/case_56	unialigner	200	4619514	0.396354	1947722	0.167114	109516	0.00939646	0.421629	0.946766
gen100/case_56	rama	200	4619514	0.396354	2346141	0.201299	80137	0.00687574	0.507876	0.966971
gen100/case_8	centrolign	200	385828	0.101216	354149	0.0929051	49587	0.0130083	0.917893	0.87718
gen100/case_8	unialigner	200	385828	0.101216	341136	0.0894913	40813	0.0107066	0.884166	0.893145
gen100/case_8	rama	200	385828	0.101216	359026	0.0941845	36585	0.00959747	0.930534	0.907523
gen150/case_15	centrolign	300	981861	0.297502	899910	0.272671	69527	0.0210666	0.916535	0.928281
gen150/case_15	unialigner	300	981861	0.297502	478607	0.145017	82618	0.0250331	0.487449	0.85279
gen150/case_15	rama	300	981861	0.297502	724427	0.2195	58360	0.017683	0.73781	0.925446
gen150/case_21	centrolign	300	1756391	0.0657355	1282779	0.0480099	32008	0.00119795	0.730349	0.975655
gen150/case_21	unialigner	300	1756391	0.0657355	1513628	0.0566498	222336	0.00832125	0.861783	0.871924
gen150/case_21	rama	300	1756391	0.0657355	1610869	0.0602892	207873	0.00777995	0.917147	0.885705
gen150/case_27	centrolign	300	547474	0.46413	500652	0.424436	67709	0.0574015	0.914476	0.88087
gen150/case_27	unialigner	300	547474	0.46413	463968	0.393337	71359	0.0604958	0.84747	0.8667
gen150/case_27	rama	300	547474	0.46413	502469	0.425977	71299	0.0604449	0.917795	0.875735
gen150/case_33	centrolign	300	825927	0.448499	739426	0.401526	44286	0.0240484	0.895268	0.943492
gen150/case_33	unialigner	300	825927	0.448499	621876	0.337694	96975	0.0526598	0.752943	0.865097
gen150/case_33	rama	300	825927	0.448499	630553	0.342406	100971	0.0548297	0.763449	0.861972
gen150/case_39	centrolign	300	1046493	0.199852	985385	0.188182	73373	0.0140122	0.941607	0.930699
gen150/case_39	unialigner	300	1046493	0.199852	826098	0.157762	82971	0.0158452	0.789397	0.90873
gen150/case_39	rama	300	1046493	0.199852	839972	0.160412	85485	0.0163253	0.802654	0.907629
gen150/case_3	centrolign	300	455414	0.475777	422684	0.441584	65603	0.0685364	0.928131	0.865647
gen150/case_3	unialigner	300	455414	0.475777	376224	0.393046	91699	0.0957992	0.826114	0.80403
gen150/case_3	rama	300	455414	0.475777	393510	0.411105	80251	0.0838393	0.864071	0.830609
gen150/case_45	centrolign	300	309037	0.477984	218198	0.337484	43191	0.066803	0.706058	0.834764
gen150/case_45	unialigner	300	309037	0.477984	251060	0.388312	49294	0.0762425	0.812395	0.83588
gen150/case_45	rama	300	309037	0.477984	263811	0.408034	58505	0.090489	0.853655	0.818486
gen150/case_51	centrolign	300	638251	0.51405	536537	0.432129	51187	0.0412262	0.840636	0.912906
gen150/case_51	unialigner	300	638251	0.51405	550200	0.443133	95902	0.0772398	0.862043	0.851568
gen150/case_51	rama	300	638251	0.51405	569524	0.458697	89625	0.0721843	0.89232	0.864029
gen150/case_57	centrolign	300	478510	0.196206	404698	0.16594	52451	0.0215067	0.845746	0.885265
gen150/case_57	unialigner	300	478510	0.196206	407331	0.16702	74550	0.0305681	0.851249	0.845294
gen150/case_57	rama	300	478510	0.196206	430514	0.176526	63580	0.02607	0.899697	0.87132
gen150/case_9	centrolign	300	587072	0.486736	505193	0.418851	59200	0.0490822	0.86053	0.895109
gen150/case_9	unialigner	300	587072	0.486736	509682	0.422573	93641	0.0776369	0.868176	0.844791
gen150/case_9	rama	300	587072	0.486736	530763	0.440051	96788	0.0802461	0.904085	0.845769
gen200/case_10	centrolign	400	312884	0.560065	255811	0.457904	70926	0.126958	0.817591	0.782926
gen200/case_10	unialigner	400	312884	0.560065	217970	0.390168	89644	0.160464	0.696648	0.708583
gen200/case_10	rama	400	312884	0.560065	262443	0.469775	86537	0.154902	0.838787	0.752029
gen200/case_16	centrolign	400	339419	0.388339	287038	0.328409	97236	0.111251	0.845675	0.746962
gen200/case_16	unialigner	400	339419	0.388339	271841	0.311021	96708	0.110646	0.800901	0.737598
gen200/case_16	rama	400	339419	0.388339	284389	0.325378	93906	0.107441	0.83787	0.751765
gen200/case_22	centrolign	400	324752	0.219014	226350	0.152651	50614	0.0341343	0.696993	0.817254
gen200/case_22	unialigner	400	324752	0.219014	262423	0.176979	77468	0.0522447	0.808072	0.77208
gen200/case_22	rama	400	324752	0.219014	257747	0.173826	93213	0.0628632	0.793673	0.734406
gen200/case_28	centrolign	400	624792	0.557871	571196	0.510015	80760	0.0721098	0.914218	0.876127
gen200/case_28	unialigner	400	624792	0.557871	535271	0.477938	95083	0.0848987	0.856719	0.849159
gen200/case_28	rama	400	624792	0.557871	545698	0.487248	92587	0.08267	0.873407	0.854944
gen200/case_34	centrolign	400	655616	0.102438	608049	0.0950054	89750	0.0140231	0.927447	0.871381
gen200/case_34	unialigner	400	655616	0.102438	439726	0.0687056	73216	0.0114397	0.670707	0.857263
gen200/case_34	rama	400	655616	0.102438	483588	0.0755589	68843	0.0107565	0.737609	0.875382
gen200/case_40	centrolign	400	615632	0.354345	523391	0.301253	56894	0.032747	0.850169	0.901955
gen200/case_40	unialigner	400	615632	0.354345	521500	0.300164	102682	0.0591016	0.847097	0.835493
gen200/case_40	rama	400	615632	0.354345	538177	0.309763	129446	0.0745064	0.874186	0.806109
gen200/case_46	centrolign	400	597556	0.445839	523048	0.390249	77709	0.057979	0.875312	0.870648
gen200/case_46	unialigner	400	597556	0.445839	453126	0.338079	83702	0.0624505	0.758299	0.84408
gen200/case_46	rama	400	597556	0.445839	510559	0.38093	108244	0.0807614	0.854412	0.825075
gen200/case_4	centrolign	400	1109700	0.15424	1066420	0.148224	62484	0.00868479	0.960998	0.944651
gen200/case_4	unialigner	400	1109700	0.15424	719786	0.100045	133353	0.018535	0.648631	0.843691
gen200/case_4	rama	400	1109700	0.15424	756870	0.105199	230484	0.0320355	0.682049	0.766564
gen200/case_52	centrolign	400	463261	0.323255	379382	0.264726	48854	0.0340895	0.818938	0.885918
gen200/case_52	unialigner	400	463261	0.323255	385477	0.268979	110063	0.0768	0.832095	0.777893
gen200/case_52	rama	400	463261	0.323255	427033	0.297976	95249	0.0664631	0.921798	0.817629
gen200/case_58	centrolign	400	860357	0.19455	740714	0.167496	77442	0.0175118	0.860938	0.905346
gen200/case_58	unialigner	400	860357	0.19455	676264	0.152922	90262	0.0204107	0.786027	0.882245
gen200/case_58	rama	400	860357	0.19455	794768	0.179719	82814	0.0187265	0.923765	0.905634
gen25/case_12	centrolign	50	759252	0.77362	753320	0.767576	7171	0.00730671	0.992187	0.990571
gen25/case_12	unialigner	50	759252	0.77362	731732	0.74558	17542	0.017874	0.963754	0.976588
gen25/case_12	rama	50	759252	0.77362	756658	0.770977	3833	0.00390554	0.996583	0.99496
gen25/case_18	centrolign	50	784049	0.3941	701493	0.352604	7192	0.00361504	0.894706	0.989852
gen25/case_18	unialigner	50	784049	0.3941	772553	0.388322	10911	0.00548439	0.985338	0.986073
gen25/case_18	rama	50	784049	0.3941	778609	0.391366	9847	0.00494957	0.993062	0.987511
gen25/case_24	centrolign	50	3112529	0.991102	3107584	0.989527	5822	0.00185386	0.998411	0.99813
gen25/case_24	unialigner	50	3112529	0.991102	3099807	0.987051	11428	0.00363894	0.995913	0.996327
gen25/case_24	rama	50	3112529	0.991102	3099599	0.986984	12930	0.00411721	0.995846	0.995846
gen25/case_30	centrolign	50	762376	0.271326	756157	0.269113	9666	0.00344009	0.991843	0.987378
gen25/case_30	unialigner	50	762376	0.271326	742661	0.26431	15676	0.00557902	0.97414	0.979328
gen25/case_30	rama	50	762376	0.271326	747284	0.265955	14798	0.00526654	0.980204	0.980582
gen25/case_36	centrolign	50	2602355	0.747829	2555784	0.734447	3134	0.000900606	0.982104	0.998775
gen25/case_36	unialigner	50	2602355	0.747829	2573419	0.739514	99296	0.0285343	0.988881	0.962848
gen25/case_36	rama	50	2602355	0.747829	2582535	0.742134	71208	0.0204628	0.992384	0.973167
gen25/case_42	centrolign	50	2253578	0.590746	2178091	0.570958	5716	0.00149837	0.966503	0.997383
gen25/case_42	unialigner	50	2253578	0.590746	2182249	0.572048	30592	0.00801929	0.968349	0.986175
gen25/case_42	rama	50	2253578	0.590746	2246782	0.588964	6799	0.00178227	0.996984	0.996983
gen25/case_48	centrolign	50	1842909	0.586229	1824937	0.580512	9315	0.0029631	0.990248	0.994922
gen25/case_48	unialigner	50	1842909	0.586229	1633824	0.519719	10803	0.00343643	0.886546	0.993431
gen25/case_48	rama	50	1842909	0.586229	1834868	0.583671	9455	0.00300763	0.995637	0.994873
gen25/case_54	centrolign	50	1244438	0.526822	1243944	0.526613	1023	0.000433078	0.999603	0.999178
gen25/case_54	unialigner	50	1244438	0.526822	1231839	0.521489	54161	0.0229286	0.989876	0.957884
gen25/case_54	rama	50	1244438	0.526822	1136180	0.480992	36340	0.0153842	0.913007	0.969007
gen25/case_60	centrolign	50	2946398	0.825814	2908729	0.815256	13827	0.00387542	0.987215	0.995269
gen25/case_60	unialigner	50	2946398	0.825814	2799824	0.784732	51781	0.0145131	0.950253	0.981841
gen25/case_60	rama	50	2946398	0.825814	2801614	0.785234	45910	0.0128676	0.950861	0.983877
gen25/case_6	centrolign	50	1248192	0.572222	1247006	0.571678	3066	0.00140558	0.99905	0.997547
gen25/case_6	unialigner	50	1248192	0.572222	1247404	0.571861	1344	0.000616144	0.999369	0.998924
gen25/case_6	rama	50	1248192	0.572222	1246475	0.571435	4211	0.00193049	0.998624	0.996633
gen300/case_11	centrolign	600	263620	0.0785974	230599	0.0687523	82280	0.0245315	0.87474	0.737023
gen300/case_11	unialigner	600	263620	0.0785974	206330	0.0615166	76070	0.02268	0.78268	0.73063
gen300/case_11	rama	600	263620	0.0785974	203376	0.0606359	75908	0.0226317	0.771474	0.728205
gen300/case_17	centrolign	600	579949	0.393526	507908	0.344642	56512	0.0383464	0.87578	0.899876
gen300/case_17	unialigner	600	579949	0.393526	467840	0.317454	110553	0.075016	0.806692	0.808862
gen300/case_17	rama	600	579949	0.393526	485851	0.329675	109217	0.0741095	0.837748	0.816463
gen300/case_23	centrolign	600	831329	0.459489	700543	0.387202	35320	0.019522	0.842678	0.952002
gen300/case_23	unialigner	600	831329	0.459489	543404	0.300348	167955	0.0928315	0.653657	0.763896
gen300/case_23	rama	600	831329	0.459489	568371	0.314148	130565	0.0721655	0.68369	0.813195
gen300/case_29	centrolign	600	364133	0.368434	292010	0.295459	104837	0.106075	0.801932	0.735825
gen300/case_29	unialigner	600	364133	0.368434	265877	0.269018	98474	0.0996372	0.730165	0.729728
gen300/case_29	rama	600	364133	0.368434	288103	0.291506	102245	0.103453	0.791203	0.738067
gen300/case_35	centrolign	600	372288	0.301552	239788	0.194227	71536	0.0579439	0.644093	0.77022
gen300/case_35	unialigner	600	372288	0.301552	283491	0.229627	88605	0.0717697	0.761483	0.761876
gen300/case_35	rama	600	372288	0.301552	291134	0.235817	99415	0.0805258	0.782013	0.745448
gen300/case_41	centrolign	600	553315	0.132608	493892	0.118367	84729	0.0203063	0.892605	0.853567
gen300/case_41	unialigner	600	553315	0.132608	341021	0.0817296	86349	0.0206945	0.616323	0.797953
gen300/case_41	rama	600	553315	0.132608	347105	0.0831877	98635	0.023639	0.627319	0.778716
gen300/case_47	centrolign	600	886986	0.071878	815532	0.0660876	86107	0.00697779	0.919442	0.904499
gen300/case_47	unialigner	600	886986	0.071878	NA	NA	NA	NA	NA	NA
gen300/case_47	rama	600	886986	0.071878	686988	0.0556709	183128	0.01484	0.77452	0.789536
gen300/case_53	centrolign	600	628789	0.463888	510348	0.376508	75827	0.0559412	0.811636	0.870641
gen300/case_53	unialigner	600	628789	0.463888	341773	0.252142	87447	0.0645139	0.543542	0.796265
gen300/case_53	rama	600	628789	0.463888	557588	0.41136	89613	0.0661118	0.886765	0.861538
gen300/case_59	centrolign	600	418986	0.375456	334404	0.299661	56096	0.0502679	0.798127	0.856348
gen300/case_59	unialigner	600	418986	0.375456	349634	0.313309	102128	0.0915174	0.834477	0.773934
gen300/case_59	rama	600	418986	0.375456	353237	0.316537	93208	0.0835242	0.843076	0.791222
gen300/case_5	centrolign	600	414442	0.0394661	375746	0.0357812	64476	0.00613986	0.906631	0.853538
gen300/case_5	unialigner	600	414442	0.0394661	350345	0.0333623	111837	0.0106499	0.845341	0.758024
gen300/case_5	rama	600	414442	0.0394661	355987	0.0338996	141746	0.0134981	0.858955	0.715217
gen50/case_13	centrolign	100	485135	0.243911	465665	0.234122	27618	0.0138855	0.959867	0.944012
gen50/case_13	unialigner	100	485135	0.243911	433700	0.218051	42582	0.0214089	0.893978	0.910595
gen50/case_13	rama	100	485135	0.243911	461495	0.232025	31783	0.0159795	0.951271	0.935568
gen50/case_19	centrolign	100	726517	0.369891	712367	0.362687	16484	0.00839249	0.980524	0.977384
gen50/case_19	unialigner	100	726517	0.369891	647037	0.329426	37306	0.0189936	0.890601	0.945486
gen50/case_19	rama	100	726517	0.369891	709864	0.361413	30746	0.0156537	0.977078	0.958486
gen50/case_1	centrolign	100	787260	0.358773	775911	0.353601	14464	0.0065916	0.985584	0.9817
gen50/case_1	unialigner	100	787260	0.358773	710125	0.323621	27046	0.0123255	0.902021	0.963311
gen50/case_1	rama	100	787260	0.358773	770594	0.351178	19779	0.00901377	0.97883	0.974975
gen50/case_25	centrolign	100	1087273	0.476669	1061548	0.465391	22918	0.0100474	0.97634	0.978867
gen50/case_25	unialigner	100	1087273	0.476669	1055807	0.462874	30995	0.0135885	0.97106	0.971481
gen50/case_25	rama	100	1087273	0.476669	1062731	0.46591	29010	0.0127182	0.977428	0.973428
gen50/case_31	centrolign	100	668882	0.335083	663172	0.332222	12656	0.00634014	0.991463	0.981273
gen50/case_31	unialigner	100	668882	0.335083	623043	0.312119	72804	0.0364719	0.931469	0.895374
gen50/case_31	rama	100	668882	0.335083	654844	0.32805	35011	0.0175391	0.979013	0.949249
gen50/case_37	centrolign	100	1655684	0.317756	1641223	0.314981	22070	0.00423564	0.991266	0.986731
gen50/case_37	unialigner	100	1655684	0.317756	1649571	0.316583	47114	0.00904205	0.996308	0.972232
gen50/case_37	rama	100	1655684	0.317756	1640116	0.314769	44426	0.00852617	0.990597	0.973627
gen50/case_43	centrolign	100	1617484	0.436608	1583388	0.427404	22905	0.00618275	0.97892	0.98574
gen50/case_43	unialigner	100	1617484	0.436608	1582371	0.42713	27274	0.00736208	0.978292	0.983056
gen50/case_43	rama	100	1617484	0.436608	1588977	0.428913	28588	0.00771677	0.982376	0.982327
gen50/case_49	centrolign	100	978612	0.499079	830393	0.423489	7891	0.0040243	0.848542	0.990587
gen50/case_49	unialigner	100	978612	0.499079	903021	0.460529	58817	0.0299959	0.922757	0.938849
gen50/case_49	rama	100	978612	0.499079	933803	0.476227	64712	0.0330023	0.954212	0.935192
gen50/case_55	centrolign	100	1039872	0.34002	1022980	0.334497	19186	0.00627349	0.983756	0.98159
gen50/case_55	unialigner	100	1039872	0.34002	949790	0.310565	55313	0.0180864	0.913372	0.944968
gen50/case_55	rama	100	1039872	0.34002	1000233	0.327059	30185	0.00986997	0.961881	0.970706
gen50/case_7	centrolign	100	980975	0.58819	891475	0.534526	17234	0.0103335	0.908764	0.981035
gen50/case_7	unialigner	100	980975	0.58819	905269	0.542797	58368	0.0349973	0.922826	0.939429
gen50/case_7	rama	100	980975	0.58819	956860	0.573731	34523	0.0206999	0.975417	0.965177
