gen100/case_14	centrolign	200	2414996	0.868351	2383806	0.857136	95	3.41588e-05	0.987085	0.99996
gen100/case_14	unialigner	200	2414996	0.868351	2334732	0.839491	44385	0.0159593	0.966764	0.981344
gen100/case_14	rama	200	2414996	0.868351	2368311	0.851564	33925	0.0121983	0.980669	0.985878
gen100/case_20	centrolign	200	2340021	0.828315	2320063	0.82125	11294	0.00399782	0.991471	0.995156
gen100/case_20	unialigner	200	2340021	0.828315	2134191	0.755455	94784	0.0335514	0.912039	0.957476
gen100/case_20	rama	200	2340021	0.828315	2253556	0.797708	55105	0.0195059	0.963049	0.976131
gen100/case_26	centrolign	200	2893067	0.893046	2884707	0.890465	3141	0.000969579	0.99711	0.998912
gen100/case_26	unialigner	200	2893067	0.893046	2698603	0.833018	56866	0.0175537	0.932783	0.979362
gen100/case_26	rama	200	2893067	0.893046	2744258	0.847111	38043	0.0117433	0.948564	0.986327
gen100/case_2	centrolign	200	2586185	0.501632	2586072	0.50161	234	4.53881e-05	0.999956	0.99991
gen100/case_2	unialigner	200	2586185	0.501632	2459006	0.476964	48510	0.00940929	0.950824	0.980654
gen100/case_2	rama	200	2586185	0.501632	2558540	0.49627	12804	0.00248354	0.989311	0.995021
gen100/case_32	centrolign	200	2531277	0.963967	2513735	0.957287	2911	0.00110857	0.99307	0.998843
gen100/case_32	unialigner	200	2531277	0.963967	2430292	0.92551	39092	0.0148871	0.960105	0.984169
gen100/case_32	rama	200	2531277	0.963967	2506028	0.954352	12074	0.00459805	0.990025	0.995205
gen100/case_38	centrolign	200	2991818	0.38369	2967797	0.38061	11209	0.00143752	0.991971	0.996237
gen100/case_38	unialigner	200	2991818	0.38369	2762651	0.354301	98440	0.0126246	0.923402	0.965594
gen100/case_38	rama	200	2991818	0.38369	2947228	0.377972	39655	0.00508562	0.985096	0.986724
gen100/case_44	centrolign	200	2865141	0.214017	2666363	0.199169	44095	0.00329376	0.930622	0.983732
gen100/case_44	unialigner	200	2865141	0.214017	2544864	0.190093	464950	0.0347303	0.888216	0.845522
gen100/case_44	rama	200	2865141	0.214017	2705525	0.202094	364872	0.0272548	0.94429	0.881165
gen100/case_50	centrolign	200	2435605	0.656437	2429122	0.65469	59612	0.0160665	0.997338	0.976047
gen100/case_50	unialigner	200	2435605	0.656437	2304435	0.621085	208424	0.0561738	0.946145	0.917057
gen100/case_50	rama	200	2435605	0.656437	2371014	0.639029	200843	0.0541306	0.973481	0.921907
gen100/case_56	centrolign	200	3272823	0.865314	3259677	0.861838	4140	0.00109459	0.995983	0.998732
gen100/case_56	unialigner	200	3272823	0.865314	3057676	0.808431	69862	0.0184711	0.934263	0.977662
gen100/case_56	rama	200	3272823	0.865314	3169279	0.837938	58323	0.0154202	0.968362	0.98193
gen100/case_8	centrolign	200	3228111	0.940468	3209233	0.934968	2185	0.000636571	0.994152	0.99932
gen100/case_8	unialigner	200	3228111	0.940468	2744288	0.799513	53059	0.0154581	0.850122	0.981032
gen100/case_8	rama	200	3228111	0.940468	2817836	0.82094	30471	0.00887733	0.872906	0.989302
gen150/case_15	centrolign	300	2692302	0.783797	2545858	0.741163	2657	0.000773519	0.945606	0.998957
gen150/case_15	unialigner	300	2692302	0.783797	2454542	0.714579	75779	0.0220612	0.911689	0.970052
gen150/case_15	rama	300	2692302	0.783797	2629350	0.76547	39127	0.0113909	0.976618	0.985337
gen150/case_21	centrolign	300	2445796	0.789413	2440015	0.787547	257	8.29502e-05	0.997636	0.999895
gen150/case_21	unialigner	300	2445796	0.789413	2265840	0.73133	82956	0.0267752	0.926422	0.964681
gen150/case_21	rama	300	2445796	0.789413	2378975	0.767846	32468	0.0104795	0.972679	0.986536
gen150/case_27	centrolign	300	2816890	0.879058	2808650	0.876487	51106	0.0159485	0.997075	0.982129
gen150/case_27	unialigner	300	2816890	0.879058	2504080	0.781441	102466	0.0319762	0.888952	0.960689
gen150/case_27	rama	300	2816890	0.879058	2638678	0.823444	67046	0.0209228	0.936734	0.975221
gen150/case_33	centrolign	300	2650383	0.727587	2626954	0.721155	30052	0.00824991	0.99116	0.98869
gen150/case_33	unialigner	300	2650383	0.727587	2371972	0.651157	124947	0.0343006	0.894954	0.94996
gen150/case_33	rama	300	2650383	0.727587	2521538	0.692216	144291	0.0396109	0.951386	0.945874
gen150/case_39	centrolign	300	2471129	0.198132	2467748	0.197861	53096	0.00425718	0.998632	0.978937
gen150/case_39	unialigner	300	2471129	0.198132	2211724	0.177334	142061	0.0113903	0.895026	0.939646
gen150/case_39	rama	300	2471129	0.198132	2369323	0.18997	102470	0.00821593	0.958802	0.958544
gen150/case_3	centrolign	300	2451759	0.810348	2332298	0.770864	1572	0.000519572	0.951275	0.999326
gen150/case_3	unialigner	300	2451759	0.810348	2275533	0.752102	68703	0.0227075	0.928123	0.970693
gen150/case_3	rama	300	2451759	0.810348	2399595	0.793107	24961	0.00825003	0.978724	0.989705
gen150/case_45	centrolign	300	2245463	0.692551	2213617	0.682729	22407	0.00691082	0.985818	0.989979
gen150/case_45	unialigner	300	2245463	0.692551	2039214	0.628939	169689	0.0523359	0.908149	0.92318
gen150/case_45	rama	300	2245463	0.692551	2157884	0.66554	159929	0.0493257	0.960997	0.931
gen150/case_51	centrolign	300	2965011	0.479395	2946395	0.476386	10008	0.00161814	0.993721	0.996615
gen150/case_51	unialigner	300	2965011	0.479395	2516778	0.406923	207756	0.0335909	0.848826	0.923746
gen150/case_51	rama	300	2965011	0.479395	2573250	0.416054	175345	0.0283505	0.867872	0.936206
gen150/case_57	centrolign	300	2412079	0.448905	2405370	0.447657	985	0.000183316	0.997219	0.999591
gen150/case_57	unialigner	300	2412079	0.448905	2247130	0.418207	60447	0.0112496	0.931615	0.973805
gen150/case_57	rama	300	2412079	0.448905	2361650	0.43952	21543	0.00400931	0.979093	0.99096
gen150/case_9	centrolign	300	2717643	0.854176	2696995	0.847686	50476	0.015865	0.992402	0.981628
gen150/case_9	unialigner	300	2717643	0.854176	2342677	0.736321	95404	0.0299862	0.862025	0.960869
gen150/case_9	rama	300	2717643	0.854176	2547922	0.800832	86701	0.0272508	0.937548	0.967092
gen200/case_10	centrolign	400	2398258	0.808636	2369504	0.798941	3605	0.00121552	0.98801	0.998481
gen200/case_10	unialigner	400	2398258	0.808636	2197497	0.740944	105056	0.0354224	0.916289	0.954374
gen200/case_10	rama	400	2398258	0.808636	2327961	0.784933	72789	0.0245427	0.970688	0.969681
gen200/case_16	centrolign	400	2309186	0.713224	2188476	0.675941	7863	0.0024286	0.947726	0.99642
gen200/case_16	unialigner	400	2309186	0.713224	2077516	0.64167	115609	0.0357074	0.899675	0.947286
gen200/case_16	rama	400	2309186	0.713224	2198908	0.679163	75894	0.0234409	0.952244	0.966637
gen200/case_22	centrolign	400	2399273	0.793903	2314807	0.765954	73614	0.0243584	0.964795	0.969179
gen200/case_22	unialigner	400	2399273	0.793903	2101824	0.695479	256735	0.0849519	0.876025	0.891148
gen200/case_22	rama	400	2399273	0.793903	2223598	0.735773	207433	0.0686382	0.92678	0.914673
gen200/case_28	centrolign	400	2561183	0.588151	2532839	0.581642	7048	0.00161851	0.988933	0.997225
gen200/case_28	unialigner	400	2561183	0.588151	2107170	0.483892	174715	0.0401216	0.822733	0.923434
gen200/case_28	rama	400	2561183	0.588151	2249964	0.516683	130870	0.0300531	0.878486	0.945032
gen200/case_34	centrolign	400	2568100	0.832309	2511774	0.814054	3746	0.00121406	0.978067	0.998511
gen200/case_34	unialigner	400	2568100	0.832309	2288386	0.741655	113658	0.036836	0.891081	0.952683
gen200/case_34	rama	400	2568100	0.832309	2454690	0.795553	37009	0.0119944	0.955839	0.985147
gen200/case_40	centrolign	400	2309106	0.802284	2263630	0.786484	5139	0.00178551	0.980306	0.997735
gen200/case_40	unialigner	400	2309106	0.802284	2091518	0.726685	106871	0.0371317	0.90577	0.951387
gen200/case_40	rama	400	2309106	0.802284	2174404	0.755483	100398	0.0348826	0.941665	0.955865
gen200/case_46	centrolign	400	2298700	0.697357	2270376	0.688765	23168	0.00702848	0.987678	0.989899
gen200/case_46	unialigner	400	2298700	0.697357	1983275	0.601667	174640	0.0529806	0.862781	0.91907
gen200/case_46	rama	400	2298700	0.697357	2163544	0.656355	129205	0.039197	0.941203	0.943646
gen200/case_4	centrolign	400	2749019	0.723615	2628183	0.691808	28741	0.0075654	0.956044	0.989183
gen200/case_4	unialigner	400	2749019	0.723615	2211742	0.582189	225676	0.0594039	0.804557	0.907412
gen200/case_4	rama	400	2749019	0.723615	2396782	0.630897	79232	0.020856	0.871868	0.968
gen200/case_52	centrolign	400	2431081	0.785295	2413344	0.779566	20134	0.00650375	0.992704	0.991726
gen200/case_52	unialigner	400	2431081	0.785295	2156025	0.696446	139269	0.0449871	0.886859	0.939324
gen200/case_52	rama	400	2431081	0.785295	2339223	0.755623	67487	0.0217999	0.962215	0.971959
gen200/case_58	centrolign	400	2295588	0.840652	2281967	0.835664	73950	0.0270807	0.994066	0.968611
gen200/case_58	unialigner	400	2295588	0.840652	2109822	0.772624	134122	0.0491159	0.919077	0.940229
gen200/case_58	rama	400	2295588	0.840652	2209635	0.809175	127879	0.0468297	0.962557	0.945293
gen25/case_12	centrolign	50	5220847	0.686398	5220643	0.686371	33	4.33859e-06	0.999961	0.999994
gen25/case_12	unialigner	50	5220847	0.686398	4731811	0.622103	53619	0.00704943	0.90633	0.988795
gen25/case_12	rama	50	5220847	0.686398	4577455	0.60181	608114	0.0799503	0.876765	0.88273
gen25/case_18	centrolign	50	4236995	0.960709	4236950	0.960699	45	1.02034e-05	0.999989	0.999989
gen25/case_18	unialigner	50	4236995	0.960709	4236950	0.960699	45	1.02034e-05	0.999989	0.999989
gen25/case_18	rama	50	4236995	0.960709	4220792	0.957035	6009	0.0013625	0.996176	0.998578
gen25/case_24	centrolign	50	3874974	0.686589	3874949	0.686585	24	4.25245e-06	0.999994	0.999994
gen25/case_24	unialigner	50	3874974	0.686589	3869990	0.685706	2092	0.000370672	0.998714	0.99946
gen25/case_24	rama	50	3874974	0.686589	3874934	0.686582	40	7.08742e-06	0.99999	0.99999
gen25/case_30	centrolign	50	2767928	0.771675	2767907	0.77167	22533	0.00628201	0.999992	0.991925
gen25/case_30	unialigner	50	2767928	0.771675	2724640	0.759607	142632	0.0397646	0.984361	0.950255
gen25/case_30	rama	50	2767928	0.771675	2767895	0.771666	123970	0.0345618	0.999988	0.957131
gen25/case_36	centrolign	50	2746748	0.760296	2746735	0.760293	13	3.59838e-06	0.999995	0.999995
gen25/case_36	unialigner	50	2746748	0.760296	2720836	0.753124	6349	0.00175739	0.990566	0.997672
gen25/case_36	rama	50	2746748	0.760296	2746720	0.760288	28	7.75036e-06	0.99999	0.99999
gen25/case_42	centrolign	50	2920332	0.981149	2872990	0.965244	32	1.07511e-05	0.983789	0.999989
gen25/case_42	unialigner	50	2920332	0.981149	2857677	0.960099	27097	0.00910383	0.978545	0.990607
gen25/case_42	rama	50	2920332	0.981149	2920310	0.981142	351	0.000117926	0.999992	0.99988
gen25/case_48	centrolign	50	3096898	0.256828	3096857	0.256825	39	3.2343e-06	0.999987	0.999987
gen25/case_48	unialigner	50	3096898	0.256828	2923161	0.24242	114889	0.00952785	0.9439	0.962183
gen25/case_48	rama	50	3096898	0.256828	2991643	0.2481	99705	0.00826862	0.966013	0.967747
gen25/case_54	centrolign	50	4298728	0.758408	4298531	0.758374	45	7.93918e-06	0.999954	0.99999
gen25/case_54	unialigner	50	4298728	0.758408	4079421	0.719717	22805	0.0040234	0.948983	0.994441
gen25/case_54	rama	50	4298728	0.758408	4075684	0.719058	26649	0.00470158	0.948114	0.993504
gen25/case_60	centrolign	50	2827642	0.711128	2827618	0.711122	23	5.7843e-06	0.999992	0.999992
gen25/case_60	unialigner	50	2827642	0.711128	2798037	0.703683	12250	0.00308077	0.98953	0.995641
gen25/case_60	rama	50	2827642	0.711128	2827615	0.711121	27	6.79027e-06	0.99999	0.99999
gen25/case_6	centrolign	50	3194418	0.939316	3194375	0.939303	42	1.23501e-05	0.999987	0.999987
gen25/case_6	unialigner	50	3194418	0.939316	3116240	0.916328	34078	0.0100206	0.975527	0.989183
gen25/case_6	rama	50	3194418	0.939316	3158850	0.928857	23997	0.0070563	0.988866	0.992461
gen300/case_11	centrolign	600	2505293	0.353429	2465900	0.347871	67489	0.00952086	0.984276	0.97336
gen300/case_11	unialigner	600	2505293	0.353429	2053590	0.289706	198890	0.028058	0.819701	0.911702
gen300/case_11	rama	600	2505293	0.353429	2361069	0.333083	136043	0.019192	0.942432	0.94552
gen300/case_17	centrolign	600	2346643	0.734383	2321386	0.726479	53193	0.0166468	0.989237	0.977599
gen300/case_17	unialigner	600	2346643	0.734383	2021441	0.632611	145863	0.0456479	0.861418	0.932698
gen300/case_17	rama	600	2346643	0.734383	2169647	0.678992	68876	0.0215548	0.924575	0.969231
gen300/case_23	centrolign	600	2401760	0.936863	2324211	0.906613	31366	0.012235	0.967712	0.986684
gen300/case_23	unialigner	600	2401760	0.936863	2107854	0.822218	131344	0.0512338	0.877629	0.941343
gen300/case_23	rama	600	2401760	0.936863	2256733	0.880291	79214	0.0308993	0.939616	0.966089
gen300/case_29	centrolign	600	2697016	0.498164	2657873	0.490934	75856	0.0140113	0.985487	0.972252
gen300/case_29	unialigner	600	2697016	0.498164	2250760	0.415736	222740	0.0411421	0.834537	0.909949
gen300/case_29	rama	600	2697016	0.498164	2416903	0.446424	181403	0.0335068	0.89614	0.930184
gen300/case_35	centrolign	600	2828413	0.866282	2734791	0.837608	29379	0.00899816	0.966899	0.989371
gen300/case_35	unialigner	600	2828413	0.866282	2282700	0.699142	188183	0.0576364	0.80706	0.92384
gen300/case_35	rama	600	2828413	0.866282	2419964	0.741183	113878	0.0348784	0.855591	0.955057
gen300/case_41	centrolign	600	2372800	0.890074	2291774	0.85968	128351	0.0481464	0.965852	0.946965
gen300/case_41	unialigner	600	2372800	0.890074	1908180	0.715788	224819	0.0843331	0.804189	0.8946
gen300/case_41	rama	600	2372800	0.890074	2188929	0.821101	137003	0.0513919	0.922509	0.941098
gen300/case_47	centrolign	600	2473873	0.297769	2448687	0.294737	4277	0.000514803	0.989819	0.998256
gen300/case_47	unialigner	600	2473873	0.297769	2176774	0.262008	117226	0.01411	0.879905	0.948899
gen300/case_47	rama	600	2473873	0.297769	2319840	0.279229	69527	0.00836865	0.937736	0.970901
gen300/case_53	centrolign	600	2518142	0.512593	2435173	0.495703	14944	0.003042	0.967052	0.993901
gen300/case_53	unialigner	600	2518142	0.512593	2088965	0.425229	109519	0.0222937	0.829566	0.950184
gen300/case_53	rama	600	2518142	0.512593	2202542	0.448349	113330	0.0230694	0.874669	0.951064
gen300/case_59	centrolign	600	2635574	0.726292	2602016	0.717045	38014	0.0104756	0.987267	0.985601
gen300/case_59	unialigner	600	2635574	0.726292	2134120	0.588105	285045	0.0785506	0.809736	0.882172
gen300/case_59	rama	600	2635574	0.726292	2465423	0.679403	122634	0.0337946	0.935441	0.952615
gen300/case_5	centrolign	600	1547077	0.411429	1497910	0.398354	63847	0.0169794	0.968219	0.959118
gen300/case_5	unialigner	600	1547077	0.411429	1271465	0.338133	106138	0.0282263	0.82185	0.922955
gen300/case_5	rama	600	1547077	0.411429	1420927	0.377881	64031	0.0170284	0.918459	0.95688
gen50/case_13	centrolign	100	3290287	0.921758	3273844	0.917152	4459	0.00124917	0.995003	0.99864
gen50/case_13	unialigner	100	3290287	0.921758	3252521	0.911178	14161	0.00396714	0.988522	0.995665
gen50/case_13	rama	100	3290287	0.921758	3275040	0.917487	6741	0.00188846	0.995366	0.997946
gen50/case_19	centrolign	100	2633159	0.568444	2627578	0.567239	2690	0.000580715	0.99788	0.998977
gen50/case_19	unialigner	100	2633159	0.568444	2584790	0.558002	20660	0.00446006	0.981631	0.99207
gen50/case_19	rama	100	2633159	0.568444	2621214	0.565865	6163	0.00133046	0.995464	0.997654
gen50/case_1	centrolign	100	6546677	0.640558	6496075	0.635607	81	7.92542e-06	0.992271	0.999988
gen50/case_1	unialigner	100	6546677	0.640558	6426404	0.62879	34904	0.00341517	0.981628	0.994598
gen50/case_1	rama	100	6546677	0.640558	6476575	0.633699	4574	0.000447542	0.989292	0.999294
gen50/case_25	centrolign	100	4304081	0.702547	4271096	0.697163	63	1.02834e-05	0.992336	0.999985
gen50/case_25	unialigner	100	4304081	0.702547	4170931	0.680813	48301	0.00788408	0.969064	0.988552
gen50/case_25	rama	100	4304081	0.702547	4298038	0.701561	176910	0.0288767	0.998596	0.960467
gen50/case_31	centrolign	100	2637361	0.705361	2637310	0.705348	52	1.39074e-05	0.999981	0.99998
gen50/case_31	unialigner	100	2637361	0.705361	2549225	0.681789	102966	0.0275382	0.966582	0.961177
gen50/case_31	rama	100	2637361	0.705361	2637193	0.705316	71240	0.0190531	0.999936	0.973697
gen50/case_37	centrolign	100	3275459	0.3974	3275409	0.397393	49	5.94499e-06	0.999985	0.999985
gen50/case_37	unialigner	100	3275459	0.3974	3187490	0.386727	65095	0.00789774	0.973143	0.979987
gen50/case_37	rama	100	3275459	0.3974	3264191	0.396032	6200	0.000752224	0.99656	0.998104
gen50/case_43	centrolign	100	2709415	0.307785	2709371	0.30778	16930	0.00192322	0.999984	0.99379
gen50/case_43	unialigner	100	2709415	0.307785	2460472	0.279506	69548	0.00790054	0.908119	0.972511
gen50/case_43	rama	100	2709415	0.307785	2589776	0.294195	12176	0.00138317	0.955843	0.99532
gen50/case_49	centrolign	100	3767579	0.626877	3762629	0.626053	1555	0.000258732	0.998686	0.999587
gen50/case_49	unialigner	100	3767579	0.626877	3700290	0.615681	25833	0.00429828	0.98214	0.993067
gen50/case_49	rama	100	3767579	0.626877	3767501	0.626864	76	1.26454e-05	0.999979	0.99998
gen50/case_55	centrolign	100	2760934	0.887277	2760893	0.887264	38	1.2212e-05	0.999985	0.999986
gen50/case_55	unialigner	100	2760934	0.887277	2724160	0.875459	10072	0.00323682	0.986681	0.996316
gen50/case_55	rama	100	2760934	0.887277	2760867	0.887255	67	2.15317e-05	0.999976	0.999976
gen50/case_7	centrolign	100	2774905	0.876983	2767288	0.874576	68	2.14908e-05	0.997255	0.999975
gen50/case_7	unialigner	100	2774905	0.876983	2678761	0.846598	43703	0.0138119	0.965352	0.983947
gen50/case_7	rama	100	2774905	0.876983	2733603	0.86393	23954	0.00757044	0.985116	0.991313
